1 0.471875 0.546875 0.065625 0.015625
1 0.394531 0.571875 0.062500 0.021875
1 0.290625 0.940625 0.053125 0.031250
1 0.781250 0.628906 0.031250 0.021875
1 0.803906 0.543750 0.046875 0.037500
1 0.792188 0.596094 0.042188 0.037500
1 0.818750 0.485156 0.073438 0.029687
1 0.637500 0.329688 0.084375 0.020313
1 0.460938 0.340625 0.042188 0.046875
1 0.604688 0.353125 0.078125 0.025000
1 0.474219 0.613281 0.043750 0.043750
1 0.492969 0.575000 0.098437 0.028125
1 0.967969 0.688281 0.039062 0.018750
1 0.671875 0.371094 0.025000 0.023438
