1 0.372656 0.835938 0.118750 0.065625
1 0.559375 0.860156 0.100000 0.034375
1 0.621875 0.899219 0.065625 0.031250
1 0.784375 0.896094 0.054688 0.050000
1 0.838281 0.831250 0.045312 0.046875
1 0.752344 0.787500 0.045312 0.037500
1 0.748437 0.777344 0.040625 0.039062
1 0.725781 0.767188 0.042188 0.043750
1 0.709375 0.796875 0.056250 0.042188
1 0.683594 0.682031 0.062500 0.029687
1 0.565625 0.617969 0.068750 0.034375
1 0.836719 0.661719 0.045312 0.034375
1 0.921875 0.534375 0.042188 0.034375
1 0.825781 0.408594 0.050000 0.040625
1 0.860938 0.141406 0.046875 0.045312
1 0.710156 0.300000 0.071875 0.023438
1 0.697656 0.375000 0.065625 0.028125
1 0.517188 0.396875 0.115625 0.031250
1 0.568750 0.354687 0.084375 0.021875
1 0.452344 0.325781 0.081250 0.040625
1 0.575781 0.091406 0.053125 0.059375
1 0.825781 0.646875 0.037500 0.009375
