1 0.612500 0.230469 0.073438 0.025000
1 0.535937 0.187500 0.035937 0.032813
1 0.483594 0.218750 0.040625 0.050000
1 0.603125 0.085156 0.042188 0.015625
1 0.539062 0.464062 0.037500 0.040625
1 0.416406 0.443750 0.067187 0.025000
1 0.359375 0.471094 0.064062 0.031250
1 0.339062 0.432812 0.025000 0.020313
1 0.196875 0.320312 0.062500 0.028125
1 0.220312 0.266406 0.043750 0.037500
1 0.233594 0.221094 0.039062 0.031250
1 0.243750 0.187500 0.018750 0.018750
1 0.082812 0.138281 0.028125 0.014063
1 0.528125 0.245312 0.040625 0.043750
1 0.237500 0.281250 0.018750 0.012500
1 0.209375 0.315625 0.034375 0.012500
1 0.013281 0.321875 0.025000 0.018750
