1 0.732031 0.479687 0.104688 0.029687
1 0.618750 0.529687 0.062500 0.039062
1 0.465625 0.481250 0.043750 0.039062
1 0.335156 0.466406 0.045312 0.014063
1 0.354687 0.435937 0.040625 0.015625
1 0.397656 0.345313 0.045312 0.037500
1 0.783594 0.542969 0.093750 0.050000
1 0.644531 0.706250 0.064062 0.040625
1 0.553125 0.651563 0.056250 0.046875
1 0.496094 0.674219 0.062500 0.020313
1 0.786719 0.914062 0.082812 0.035937
1 0.818750 0.939063 0.056250 0.025000
1 0.366406 0.874219 0.037500 0.012500
1 0.410938 0.819531 0.040625 0.015625
1 0.417187 0.778906 0.045312 0.021875
1 0.344531 0.748437 0.037500 0.015625
1 0.397656 0.727344 0.053125 0.017188
1 0.388281 0.715625 0.037500 0.031250
1 0.302344 0.642969 0.040625 0.009375
1 0.294531 0.600781 0.037500 0.014063
1 0.277344 0.577344 0.031250 0.021875
1 0.325000 0.577344 0.040625 0.034375
1 0.299219 0.493750 0.040625 0.017188
1 0.449219 0.351562 0.054688 0.025000
1 0.371094 0.342969 0.037500 0.034375
