1 0.713281 0.317969 0.050000 0.056250
1 0.650000 0.336719 0.046875 0.075000
1 0.623437 0.437500 0.043750 0.079687
1 0.558594 0.273438 0.040625 0.053125
1 0.541406 0.188281 0.028125 0.062500
1 0.520312 0.143750 0.034375 0.050000
1 0.416406 0.168750 0.037500 0.050000
1 0.442188 0.414062 0.040625 0.067187
1 0.247656 0.418750 0.039062 0.076563
1 0.312500 0.796094 0.031250 0.143750
1 0.199219 0.819531 0.031250 0.153125
1 0.108594 0.590625 0.031250 0.087500
1 0.164844 0.489844 0.060937 0.054688
1 0.200781 0.344531 0.045312 0.081250
1 0.234375 0.303906 0.018750 0.071875
1 0.212500 0.160156 0.034375 0.050000
1 0.277344 0.127344 0.034375 0.045312
1 0.274219 0.069531 0.018750 0.034375
1 0.394531 0.116406 0.025000 0.045312
1 0.117969 0.231250 0.021875 0.057813
1 0.152344 0.248438 0.025000 0.067187
1 0.093750 0.169531 0.029687 0.053125
