1 0.539844 0.053906 0.046094 0.100000
1 0.394531 0.140625 0.030469 0.041406
1 0.324219 0.153125 0.035156 0.037500
1 0.417187 0.368750 0.050000 0.102344
1 0.455469 0.253906 0.044531 0.103906
1 0.548438 0.211719 0.057813 0.078906
1 0.362500 0.420312 0.060156 0.067969
1 0.371094 0.571094 0.029687 0.126562
1 0.400000 0.601562 0.045312 0.122656
1 0.455469 0.631250 0.039844 0.124219
1 0.504687 0.702344 0.040625 0.039062
1 0.565625 0.757031 0.038281 0.069531
1 0.587500 0.528906 0.071094 0.072656
1 0.648438 0.380469 0.060937 0.112500
1 0.670312 0.564844 0.050781 0.043750
1 0.631250 0.583594 0.041406 0.068750
1 0.553125 0.870313 0.075781 0.081250
1 0.557031 0.944531 0.053125 0.105469
1 0.428125 0.975000 0.039844 0.049219
1 0.670312 0.974219 0.023438 0.049219
