1 0.621094 0.831250 0.075000 0.037500
1 0.655469 0.724219 0.075000 0.064062
1 0.566406 0.771875 0.084375 0.034375
1 0.597656 0.481250 0.089063 0.053125
1 0.528125 0.399219 0.087500 0.032813
1 0.389062 0.460938 0.059375 0.034375
1 0.420312 0.389062 0.053125 0.037500
1 0.226562 0.684375 0.048438 0.021875
1 0.154688 0.648438 0.042188 0.020313
1 0.196875 0.632031 0.046875 0.021875
1 0.269531 0.541406 0.050000 0.037500
1 0.144531 0.562500 0.039062 0.018750
1 0.111719 0.527344 0.032813 0.025000
1 0.171094 0.504687 0.040625 0.032813
1 0.126562 0.479687 0.035937 0.025000
1 0.160156 0.423438 0.045312 0.021875
1 0.222656 0.397656 0.050000 0.028125
1 0.197656 0.357812 0.046875 0.021875
1 0.228906 0.276562 0.034375 0.039062
1 0.257031 0.247656 0.050000 0.034375
1 0.307812 0.285938 0.046875 0.034375
1 0.296094 0.357812 0.037500 0.037500
1 0.337500 0.369531 0.037500 0.037500
1 0.173437 0.739062 0.037500 0.021875
1 0.177344 0.765625 0.040625 0.015625
1 0.590625 0.811719 0.062500 0.021875
