1 0.667969 0.200000 0.039844 0.045312
1 0.814063 0.321875 0.047656 0.056250
1 0.739844 0.440625 0.053906 0.067187
1 0.633594 0.338281 0.020313 0.071094
1 0.557031 0.244531 0.046094 0.061719
1 0.779687 0.662500 0.062500 0.094531
1 0.836719 0.833594 0.080469 0.133594
1 0.632812 0.796875 0.060156 0.132031
1 0.482031 0.885938 0.048438 0.136719
1 0.327344 0.803125 0.064062 0.087500
1 0.520312 0.629687 0.026562 0.124219
1 0.515625 0.470313 0.031250 0.102344
1 0.410156 0.276562 0.031250 0.059375
1 0.332031 0.219531 0.021094 0.075000
1 0.337500 0.432031 0.025781 0.078906
1 0.165625 0.613281 0.034375 0.110937
1 0.408594 0.111719 0.021875 0.050781
1 0.234375 0.145313 0.035937 0.045312
1 0.692187 0.239844 0.023438 0.039844
