1 0.685937 0.324219 0.030469 0.127344
1 0.598437 0.473438 0.062500 0.083594
1 0.428125 0.400781 0.026562 0.118750
1 0.386719 0.364844 0.049219 0.121094
1 0.377344 0.479687 0.055469 0.095312
1 0.485938 0.692969 0.072656 0.075781
1 0.432031 0.764062 0.053125 0.116406
1 0.379688 0.817187 0.024219 0.056250
1 0.368750 0.932813 0.046094 0.118750
1 0.345313 0.975781 0.029687 0.046094
1 0.614844 0.936719 0.026562 0.059375
1 0.592969 0.869531 0.032813 0.073438
1 0.661719 0.870313 0.037500 0.125000
1 0.699219 0.635938 0.035937 0.055469
1 0.471875 0.794531 0.042969 0.111719
1 0.185156 0.856250 0.063281 0.078906
1 0.537500 0.652344 0.020313 0.057031
1 0.810937 0.895312 0.049219 0.078125
1 0.850781 0.925781 0.069531 0.058594
1 0.739062 0.060156 0.055469 0.114844
1 0.749219 0.071875 0.026562 0.057813
1 0.579688 0.035156 0.075000 0.069531
