1 0.105469 0.124219 0.046094 0.045312
1 0.031250 0.450781 0.062500 0.061719
1 0.264062 0.303125 0.025781 0.075000
1 0.343750 0.315625 0.026562 0.078125
1 0.316406 0.471094 0.028906 0.090625
1 0.257812 0.584375 0.054688 0.082031
1 0.341406 0.196875 0.039062 0.060156
1 0.424219 0.170313 0.046094 0.047656
1 0.534375 0.064062 0.034375 0.040625
1 0.675000 0.166406 0.048438 0.050781
1 0.617969 0.474219 0.058594 0.065625
1 0.695312 0.441406 0.037500 0.105469
1 0.850781 0.162500 0.042188 0.044531
1 0.926562 0.227344 0.042188 0.049219
1 0.919531 0.446094 0.037500 0.092188
1 0.882812 0.490625 0.033594 0.089063
1 0.849219 0.718750 0.082031 0.115625
1 0.807813 0.283594 0.057813 0.056250
1 0.746875 0.269531 0.047656 0.042188
1 0.721875 0.296875 0.026562 0.064844
1 0.703125 0.333594 0.028125 0.069531
