1 0.415625 0.407813 0.024219 0.061719
1 0.416406 0.513281 0.021875 0.067969
1 0.375781 0.490625 0.036719 0.030469
1 0.024219 0.274219 0.028125 0.067969
1 0.651563 0.483594 0.043750 0.038281
1 0.635156 0.625000 0.022656 0.067187
1 0.655469 0.655469 0.021094 0.067187
1 0.614062 0.684375 0.019531 0.017188
1 0.446875 0.803906 0.036719 0.045312
1 0.501563 0.828125 0.028125 0.061719
1 0.399219 0.790625 0.029687 0.035937
1 0.367188 0.783594 0.015625 0.024219
1 0.442188 0.489844 0.013281 0.053125
1 0.253125 0.378906 0.014844 0.028906
1 0.314844 0.946094 0.013281 0.024219
1 0.460156 0.785937 0.013281 0.023438
1 0.496094 0.817187 0.012500 0.033594
