1 0.541406 0.874219 0.090625 0.060937
1 0.713281 0.826562 0.075000 0.050000
1 0.778906 0.649219 0.082812 0.053125
1 0.690625 0.553125 0.070312 0.046875
1 0.746094 0.527344 0.054688 0.046875
1 0.302344 0.671094 0.115625 0.056250
1 0.278125 0.567969 0.109375 0.073438
1 0.092188 0.389062 0.179688 0.043750
1 0.399219 0.415625 0.146875 0.037500
1 0.616406 0.443750 0.065625 0.053125
1 0.907031 0.386719 0.065625 0.043750
1 0.964844 0.553125 0.048438 0.035937
1 0.647656 0.361719 0.071875 0.056250
1 0.719531 0.310156 0.075000 0.040625
1 0.496875 0.341406 0.131250 0.031250
1 0.859375 0.192969 0.062500 0.037500
1 0.748437 0.164844 0.060937 0.050000
1 0.803906 0.045312 0.067187 0.028125
1 0.853125 0.010156 0.067187 0.018750
