1 0.255469 0.360156 0.017969 0.044531
1 0.296875 0.485938 0.047656 0.045312
1 0.355469 0.450781 0.021094 0.045312
1 0.410156 0.554688 0.043750 0.047656
1 0.352344 0.672656 0.024219 0.095312
1 0.432812 0.645312 0.019531 0.087500
1 0.260156 0.543750 0.031250 0.057813
1 0.076563 0.607812 0.030469 0.071875
1 0.500000 0.442969 0.032813 0.046094
1 0.634375 0.452344 0.024219 0.035937
1 0.650000 0.402344 0.028125 0.048438
1 0.675781 0.385937 0.037500 0.043750
1 0.568750 0.362500 0.028125 0.037500
1 0.560937 0.321094 0.020313 0.042969
1 0.535937 0.299219 0.025781 0.032813
1 0.451562 0.314063 0.029687 0.040625
1 0.428125 0.260156 0.026562 0.029687
1 0.373437 0.263281 0.021094 0.028906
1 0.295312 0.305469 0.024219 0.035156
1 0.221875 0.350000 0.016406 0.034375
1 0.300781 0.353125 0.016406 0.044531
1 0.437500 0.283594 0.023438 0.036719
1 0.056250 0.621094 0.015625 0.052344
1 0.194531 0.310937 0.022656 0.032813
1 0.313281 0.345313 0.031250 0.035937
