1 0.403906 0.490625 0.050000 0.106250
1 0.491406 0.620313 0.037500 0.140625
1 0.411719 0.293750 0.050000 0.050000
1 0.367969 0.257031 0.042188 0.084375
1 0.419531 0.223438 0.026562 0.085938
1 0.442969 0.271094 0.034375 0.081250
1 0.626563 0.278125 0.060937 0.068750
1 0.744531 0.194531 0.050000 0.071875
1 0.742969 0.733594 0.071875 0.100000
1 0.575781 0.882812 0.056250 0.157812
1 0.446875 0.956250 0.059375 0.084375
1 0.889062 0.247656 0.062500 0.068750
1 0.978125 0.492969 0.037500 0.106250
1 0.467187 0.033594 0.045312 0.057813
1 0.248438 0.192969 0.051562 0.059375
1 0.259375 0.075000 0.037500 0.062500
1 0.110937 0.045312 0.023438 0.059375
1 0.060937 0.046875 0.021875 0.056250
