1 0.497656 0.492188 0.025000 0.009375
1 0.525000 0.470313 0.018750 0.012500
1 0.516406 0.453906 0.012500 0.012500
1 0.528125 0.438281 0.012500 0.010937
1 0.541406 0.466406 0.021875 0.012500
1 0.560937 0.461719 0.026562 0.009375
1 0.480469 0.413281 0.014063 0.012500
1 0.459375 0.457031 0.015625 0.014063
1 0.467187 0.466406 0.015625 0.010937
1 0.832812 0.392188 0.037500 0.012500
1 0.836719 0.405469 0.037500 0.012500
1 0.835156 0.444531 0.046875 0.012500
1 0.839844 0.602344 0.054688 0.012500
1 0.841406 0.614844 0.053125 0.010937
1 0.836719 0.625781 0.048438 0.009375
1 0.843750 0.639062 0.050000 0.020313
1 0.849219 0.652344 0.048438 0.015625
1 0.850000 0.676562 0.032813 0.029687
1 0.749219 0.681250 0.037500 0.012500
1 0.412500 0.189844 0.017188 0.012500
1 0.414062 0.214844 0.012500 0.014063
1 0.405469 0.214844 0.012500 0.010937
1 0.417187 0.197656 0.009375 0.006250
1 0.501563 0.610156 0.020313 0.006250
1 0.547656 0.467969 0.020313 0.015625
1 0.524219 0.417187 0.018750 0.010937
1 0.453906 0.446875 0.015625 0.012500
1 0.451562 0.462500 0.010937 0.012500
1 0.448437 0.476562 0.021875 0.009375
1 0.582812 0.021875 0.018750 0.015625
1 0.577344 0.010156 0.021875 0.018750
1 0.744531 0.107813 0.031250 0.021875
1 0.803906 0.096094 0.037500 0.015625
1 0.798438 0.064062 0.034375 0.012500
1 0.775000 0.092188 0.029687 0.009375
1 0.451562 0.475000 0.018750 0.007812
1 0.463281 0.460156 0.015625 0.012500
1 0.807813 0.082812 0.031250 0.010937
1 0.765625 0.078125 0.026562 0.015625
1 0.800000 0.074219 0.046875 0.015625
