1 0.664844 0.689063 0.023438 0.025000
1 0.592187 0.630469 0.021875 0.038281
1 0.542969 0.574219 0.025000 0.026562
1 0.569531 0.491406 0.026562 0.028906
1 0.586719 0.416406 0.016406 0.044531
1 0.550000 0.364063 0.013281 0.049219
1 0.554688 0.307812 0.021094 0.032813
1 0.596094 0.317969 0.027344 0.030469
1 0.723437 0.345313 0.018750 0.043750
1 0.662500 0.245312 0.020313 0.038281
1 0.624219 0.257031 0.028125 0.030469
1 0.535156 0.121094 0.022656 0.031250
1 0.571094 0.153906 0.026562 0.023438
1 0.552344 0.177344 0.013281 0.047656
1 0.649219 0.130469 0.025781 0.032813
1 0.672656 0.138281 0.024219 0.029687
1 0.671875 0.104688 0.021875 0.039062
1 0.565625 0.110937 0.018750 0.035937
1 0.575000 0.118750 0.023438 0.034375
1 0.178125 0.471094 0.028125 0.018750
1 0.141406 0.482031 0.017969 0.028125
1 0.139063 0.503906 0.022656 0.026562
