1 0.546094 0.526563 0.049219 0.087500
1 0.303125 0.483594 0.067969 0.064844
1 0.078125 0.846875 0.085938 0.114844
1 0.128906 0.350781 0.077344 0.075000
1 0.173437 0.221094 0.050000 0.069531
1 0.080469 0.149219 0.049219 0.088281
1 0.241406 0.116406 0.021094 0.064844
1 0.278125 0.145313 0.055469 0.051562
1 0.244531 0.380469 0.057813 0.101562
1 0.348438 0.182812 0.036719 0.085938
1 0.349219 0.284375 0.061719 0.053906
1 0.450000 0.229687 0.036719 0.096875
1 0.558594 0.130469 0.019531 0.079687
1 0.666406 0.192969 0.022656 0.101562
1 0.766406 0.225000 0.052344 0.082031
1 0.805469 0.931250 0.104688 0.082031
1 0.960938 0.586719 0.076563 0.096094
1 0.389062 0.041406 0.042188 0.024219
