1 0.532813 0.469531 0.043750 0.043750
1 0.605469 0.232813 0.073438 0.028125
1 0.470313 0.222656 0.042188 0.050000
1 0.527344 0.190625 0.040625 0.043750
1 0.238281 0.189844 0.025000 0.020313
1 0.228125 0.221875 0.039062 0.031250
1 0.213281 0.268750 0.043750 0.034375
1 0.231250 0.283594 0.018750 0.014063
1 0.192188 0.321875 0.065625 0.032813
1 0.331250 0.432812 0.025000 0.018750
1 0.359375 0.467969 0.075000 0.025000
1 0.392969 0.454688 0.062500 0.025000
1 0.516406 0.253906 0.051562 0.051562
1 0.075781 0.139844 0.028125 0.014063
1 0.614844 0.079687 0.037500 0.015625
1 0.200000 0.319531 0.034375 0.012500
