1 0.906250 0.518750 0.045312 0.034375
1 0.749219 0.886719 0.059375 0.050000
1 0.813281 0.820312 0.050000 0.040625
1 0.807031 0.646094 0.046875 0.032813
1 0.685156 0.735156 0.060937 0.040625
1 0.697656 0.709375 0.043750 0.043750
1 0.705469 0.755469 0.068750 0.034375
1 0.700781 0.780469 0.062500 0.046875
1 0.489063 0.843750 0.109375 0.026562
1 0.557031 0.885938 0.081250 0.028125
1 0.626563 0.650781 0.081250 0.028125
1 0.281250 0.810937 0.118750 0.071875
1 0.510156 0.586719 0.068750 0.048438
1 0.802344 0.409375 0.045312 0.043750
1 0.601562 0.396875 0.093750 0.025000
1 0.659375 0.332031 0.071875 0.023438
1 0.669531 0.255469 0.075000 0.025000
1 0.512500 0.302344 0.090625 0.021875
1 0.528906 0.029687 0.053125 0.057813
1 0.843750 0.106250 0.046875 0.042188
1 0.401562 0.250000 0.075000 0.040625
1 0.812500 0.629687 0.028125 0.009375
