1 0.348438 0.128906 0.057813 0.037500
1 0.697656 0.025781 0.090625 0.051562
1 0.839844 0.153906 0.070312 0.078125
1 0.714844 0.242969 0.110937 0.046875
1 0.778906 0.277344 0.075000 0.065625
1 0.717187 0.325000 0.087500 0.053125
1 0.635938 0.328125 0.075000 0.062500
1 0.561719 0.389062 0.025000 0.040625
1 0.445312 0.308594 0.054688 0.065625
1 0.254688 0.450781 0.050000 0.045312
1 0.328906 0.456250 0.078125 0.020313
1 0.403906 0.474219 0.121875 0.026562
1 0.483594 0.434375 0.046875 0.040625
1 0.519531 0.439063 0.050000 0.067187
1 0.614844 0.442969 0.046875 0.042188
1 0.653906 0.476562 0.090625 0.056250
1 0.715625 0.521875 0.050000 0.067187
1 0.755469 0.525781 0.059375 0.059375
1 0.820312 0.642969 0.025000 0.037500
1 0.889062 0.714063 0.057813 0.060937
1 0.723437 0.758594 0.046875 0.015625
1 0.798438 0.967187 0.043750 0.062500
1 0.589844 0.750000 0.059375 0.014063
1 0.586719 0.782031 0.081250 0.056250
1 0.418750 0.771094 0.062500 0.029687
1 0.342187 0.698438 0.073438 0.028125
1 0.310156 0.775781 0.104688 0.050000
1 0.196875 0.779687 0.039062 0.046875
1 0.270313 0.876563 0.056250 0.031250
1 0.413281 0.846094 0.059375 0.017188
1 0.510156 0.810156 0.062500 0.059375
1 0.506250 0.892969 0.065625 0.068750
1 0.383594 0.890625 0.043750 0.035937
1 0.443750 0.968750 0.031250 0.023438
1 0.364063 0.957812 0.034375 0.029687
1 0.375781 0.982031 0.054688 0.032813
1 0.327344 0.905469 0.081250 0.028125
1 0.214844 0.951562 0.039062 0.045312
1 0.164062 0.935937 0.057813 0.025000
1 0.142187 0.972656 0.037500 0.043750
1 0.474219 0.714063 0.034375 0.031250
1 0.857812 0.007031 0.040625 0.014063
1 0.625000 0.623437 0.068750 0.057813
1 0.602344 0.716406 0.125000 0.031250
1 0.610938 0.679688 0.112500 0.037500
1 0.610938 0.681250 0.109375 0.037500
