1 0.701562 0.434375 0.123438 0.034375
1 0.317188 0.421094 0.112500 0.046875
1 0.217969 0.273438 0.060937 0.073438
1 0.178125 0.332031 0.096875 0.053125
1 0.271875 0.194531 0.150000 0.031250
1 0.047656 0.175781 0.087500 0.051562
1 0.100781 0.560156 0.096875 0.056250
1 0.012500 0.588281 0.018750 0.081250
1 0.110937 0.298438 0.059375 0.039062
1 0.408594 0.525781 0.040625 0.026562
1 0.067187 0.875000 0.101562 0.070312
1 0.308594 0.895312 0.065625 0.071875
1 0.500781 0.951562 0.054688 0.034375
1 0.424219 0.771875 0.070312 0.028125
1 0.553125 0.778906 0.053125 0.040625
1 0.643750 0.849219 0.071875 0.087500
1 0.584375 0.824219 0.051562 0.040625
1 0.603906 0.754687 0.050000 0.043750
1 0.660937 0.760938 0.043750 0.059375
1 0.473438 0.391406 0.078125 0.034375
1 0.517188 0.375000 0.031250 0.050000
1 0.572656 0.411719 0.115625 0.031250
1 0.639062 0.400000 0.065625 0.021875
1 0.702344 0.476562 0.090625 0.050000
1 0.678125 0.489063 0.071875 0.023438
1 0.641406 0.533594 0.042188 0.034375
1 0.711719 0.550000 0.051562 0.037500
1 0.730469 0.525000 0.028125 0.025000
1 0.975000 0.492969 0.046875 0.029687
1 0.973437 0.520312 0.048438 0.026562
1 0.893750 0.598437 0.062500 0.029687
1 0.876563 0.651563 0.110937 0.034375
1 0.953125 0.676562 0.092188 0.034375
1 0.971094 0.711719 0.054688 0.032813
1 0.946875 0.764844 0.103125 0.064062
1 0.819531 0.712500 0.112500 0.039062
1 0.735156 0.685156 0.042188 0.081250
1 0.680469 0.693750 0.059375 0.060937
1 0.776563 0.798438 0.068750 0.075000
1 0.848437 0.806250 0.056250 0.073438
1 0.947656 0.839063 0.065625 0.071875
1 0.910156 0.868750 0.071875 0.043750
1 0.939063 0.915625 0.118750 0.068750
1 0.760156 0.785937 0.032813 0.040625
