1 0.828125 0.110156 0.042188 0.043750
1 0.531250 0.033594 0.056250 0.053125
1 0.666406 0.257812 0.065625 0.028125
1 0.410156 0.253125 0.071875 0.040625
1 0.517969 0.303906 0.087500 0.025000
1 0.653906 0.334375 0.073438 0.021875
1 0.660156 0.404687 0.075000 0.018750
1 0.787500 0.414062 0.043750 0.043750
1 0.884375 0.517188 0.035937 0.031250
1 0.793750 0.647656 0.050000 0.039062
1 0.617188 0.647656 0.076563 0.031250
1 0.511719 0.587500 0.059375 0.046875
1 0.680469 0.695312 0.051562 0.035937
1 0.681250 0.732812 0.046875 0.037500
1 0.691406 0.759375 0.062500 0.031250
1 0.683594 0.788281 0.050000 0.042188
1 0.793750 0.821094 0.045312 0.040625
1 0.739844 0.889844 0.051562 0.046875
1 0.550000 0.884375 0.065625 0.037500
1 0.500781 0.848437 0.082812 0.031250
1 0.290625 0.814063 0.120313 0.070312
