1 0.651563 0.623437 0.031250 0.018750
1 0.649219 0.671094 0.028125 0.021875
1 0.612500 0.683594 0.040625 0.023438
1 0.482812 0.675781 0.040625 0.028125
1 0.575000 0.579688 0.037500 0.012500
1 0.684375 0.500781 0.025000 0.025000
1 0.601562 0.427344 0.034375 0.028125
1 0.428125 0.504687 0.062500 0.028125
1 0.410938 0.564844 0.068750 0.018750
1 0.311719 0.428125 0.056250 0.046875
1 0.502344 0.398438 0.028125 0.025000
1 0.509375 0.308594 0.050000 0.017188
1 0.440625 0.016406 0.037500 0.031250
1 0.502344 0.030469 0.042188 0.021875
1 0.071094 0.011719 0.062500 0.023438
1 0.453906 0.817187 0.046875 0.037500
1 0.559375 0.799219 0.050000 0.025000
1 0.594531 0.817969 0.029687 0.028125
1 0.557813 0.886719 0.040625 0.031250
1 0.675000 0.763281 0.029687 0.023438
1 0.663281 0.792969 0.026562 0.018750
1 0.634375 0.803125 0.035937 0.015625
1 0.634375 0.814844 0.031250 0.012500
1 0.170313 0.665625 0.093750 0.037500
1 0.623437 0.620313 0.021875 0.012500
