1 0.296875 0.320312 0.039062 0.112500
1 0.634375 0.507031 0.057813 0.117188
1 0.750000 0.515625 0.062500 0.140625
1 0.937500 0.533594 0.043750 0.142187
1 0.975000 0.450000 0.043750 0.112500
1 0.907813 0.846094 0.106250 0.140625
1 0.209375 0.707031 0.056250 0.100000
1 0.260937 0.499219 0.031250 0.115625
1 0.197656 0.296875 0.034375 0.103125
1 0.388281 0.092188 0.057813 0.065625
1 0.678906 0.189844 0.054688 0.053125
1 0.728125 0.204687 0.059375 0.057813
1 0.754687 0.308594 0.031250 0.075000
1 0.721875 0.308594 0.031250 0.106250
1 0.977344 0.150000 0.042188 0.065625
1 0.886719 0.057031 0.051562 0.053125
1 0.689844 0.074219 0.056250 0.062500
1 0.665625 0.065625 0.025000 0.042188
