1 0.259375 0.696875 0.079687 0.112500
1 0.443750 0.692187 0.081250 0.079687
1 0.582812 0.750000 0.074219 0.077344
1 0.935156 0.746094 0.083594 0.090625
1 0.964063 0.477344 0.067187 0.099219
1 0.775781 0.278125 0.045312 0.091406
1 0.631250 0.296875 0.045312 0.099219
1 0.751563 0.035156 0.035156 0.065625
1 0.568750 0.016406 0.032813 0.032031
1 0.528906 0.210938 0.056250 0.050781
1 0.338281 0.043750 0.046875 0.055469
1 0.435937 0.114062 0.034375 0.064844
1 0.463281 0.107813 0.035156 0.053125
1 0.423438 0.192969 0.030469 0.092188
1 0.369531 0.334375 0.054688 0.075781
1 0.389062 0.467969 0.059375 0.111719
