1 0.554688 0.620313 0.035937 0.078125
1 0.565625 0.744531 0.018750 0.092188
1 0.535156 0.720313 0.040625 0.081250
1 0.514844 0.776563 0.034375 0.075000
1 0.455469 0.803125 0.035937 0.082812
1 0.481250 0.826562 0.029687 0.060937
1 0.514062 0.842187 0.037500 0.075000
1 0.559375 0.838281 0.021875 0.100000
1 0.642969 0.828906 0.040625 0.060937
1 0.811719 0.910156 0.064062 0.093750
1 0.856250 0.940625 0.034375 0.115625
1 0.886719 0.919531 0.034375 0.128125
1 0.908594 0.947656 0.039062 0.101562
1 0.956250 0.900000 0.042188 0.104688
1 0.960938 0.974219 0.076563 0.050000
