1 0.979688 0.409375 0.037500 0.046875
1 0.883594 0.607812 0.053125 0.046875
1 0.936719 0.704688 0.065625 0.034375
1 0.711719 0.886719 0.101562 0.026562
1 0.501563 0.853125 0.106250 0.037500
1 0.237500 0.864062 0.168750 0.057813
1 0.336719 0.692187 0.140625 0.057813
1 0.323437 0.558594 0.146875 0.029687
1 0.564063 0.508594 0.084375 0.051562
1 0.652344 0.485156 0.084375 0.053125
1 0.808594 0.294531 0.057813 0.054688
1 0.568750 0.378906 0.096875 0.031250
1 0.503125 0.333594 0.078125 0.081250
1 0.431250 0.153906 0.117188 0.032813
1 0.527344 0.071875 0.101562 0.043750
1 0.499219 0.292969 0.065625 0.065625
1 0.021094 0.878906 0.040625 0.040625
