1 0.880469 0.795312 0.089063 0.097656
1 0.253125 0.601562 0.031250 0.112500
1 0.275781 0.433594 0.039062 0.084375
1 0.182812 0.426563 0.032031 0.091406
1 0.194531 0.790625 0.074219 0.085938
1 0.097656 0.165625 0.042188 0.052344
1 0.361719 0.228906 0.053125 0.055469
1 0.467187 0.092188 0.041406 0.049219
1 0.601562 0.548438 0.054688 0.086719
1 0.703125 0.547656 0.045312 0.114844
1 0.875000 0.555469 0.042188 0.125000
1 0.899219 0.464062 0.038281 0.087500
1 0.878906 0.225000 0.036719 0.060156
1 0.690625 0.377344 0.038281 0.071094
1 0.641406 0.399219 0.054688 0.067187
1 0.644531 0.300000 0.053125 0.057031
1 0.617969 0.288281 0.046094 0.062500
1 0.627344 0.190625 0.045312 0.051562
1 0.792188 0.156250 0.044531 0.048438
