1 0.544531 0.621094 0.046875 0.065625
1 0.714844 0.821875 0.109375 0.037500
1 0.804688 0.899219 0.060937 0.071875
1 0.827344 0.928906 0.025000 0.040625
1 0.574219 0.939844 0.037500 0.046875
1 0.503125 0.867188 0.053125 0.070312
1 0.507812 0.185156 0.104688 0.045312
1 0.483594 0.163281 0.048438 0.029687
1 0.449219 0.163281 0.053125 0.025000
1 0.323437 0.158594 0.064062 0.078125
1 0.259375 0.174219 0.053125 0.078125
1 0.226562 0.261719 0.093750 0.040625
1 0.144531 0.214844 0.056250 0.018750
1 0.128125 0.233594 0.084375 0.018750
1 0.101562 0.258594 0.032813 0.034375
1 0.161719 0.356250 0.034375 0.028125
1 0.080469 0.335938 0.034375 0.034375
1 0.036719 0.271875 0.068750 0.028125
1 0.136719 0.157812 0.043750 0.034375
1 0.050781 0.189062 0.073438 0.040625
1 0.051562 0.125000 0.096875 0.056250
1 0.051562 0.074219 0.056250 0.046875
1 0.216406 0.083594 0.106250 0.059375
1 0.331250 0.079687 0.126562 0.040625
1 0.448437 0.082031 0.075000 0.068750
1 0.403125 0.016406 0.060937 0.031250
1 0.357031 0.137500 0.046875 0.026562
