1 0.328125 0.549219 0.046875 0.062500
1 0.232031 0.536719 0.034375 0.065625
1 0.546094 0.427344 0.021875 0.071875
1 0.585938 0.383594 0.031250 0.059375
1 0.566406 0.313281 0.029687 0.040625
1 0.478906 0.335156 0.032813 0.050000
1 0.410938 0.233594 0.028125 0.043750
1 0.275781 0.488281 0.028125 0.071875
1 0.653906 0.179688 0.031250 0.039062
1 0.642188 0.217188 0.018750 0.045312
1 0.639844 0.157812 0.031250 0.031250
1 0.567187 0.143750 0.012500 0.034375
1 0.541406 0.162500 0.018750 0.043750
1 0.567969 0.225000 0.025000 0.037500
1 0.569531 0.256250 0.035937 0.037500
1 0.442969 0.139063 0.021875 0.037500
1 0.452344 0.098437 0.023438 0.028125
1 0.402344 0.095312 0.018750 0.026562
1 0.378125 0.125000 0.012500 0.037500
1 0.325781 0.186719 0.012500 0.043750
1 0.320312 0.171094 0.028125 0.028125
1 0.279687 0.210938 0.025000 0.035937
1 0.289062 0.141406 0.009375 0.034375
1 0.185938 0.178906 0.012500 0.034375
1 0.507031 0.116406 0.015625 0.035937
1 0.233594 0.180469 0.012500 0.029687
1 0.242969 0.514062 0.018750 0.056250
