1 0.692969 0.410938 0.093750 0.046875
1 0.421094 0.476562 0.059375 0.065625
1 0.361719 0.345313 0.087500 0.050000
1 0.283594 0.364844 0.092188 0.031250
1 0.323437 0.608594 0.106250 0.051562
1 0.707031 0.614062 0.056250 0.057813
1 0.708594 0.687500 0.056250 0.050000
1 0.646875 0.690625 0.090625 0.032813
1 0.575000 0.704688 0.087500 0.048438
1 0.426563 0.851562 0.062500 0.070312
1 0.444531 0.306250 0.090625 0.043750
1 0.358594 0.267969 0.115625 0.035937
1 0.353906 0.310156 0.093750 0.031250
1 0.419531 0.328125 0.068750 0.043750
1 0.220312 0.240625 0.103125 0.053125
1 0.367969 0.290625 0.153125 0.025000
