1 0.653125 0.678125 0.068750 0.053125
1 0.582812 0.735938 0.087500 0.018750
1 0.647656 0.788281 0.065625 0.029687
1 0.612500 0.774219 0.040625 0.015625
1 0.246094 0.733594 0.040625 0.028125
1 0.165625 0.717187 0.039062 0.014063
1 0.204687 0.796875 0.031250 0.025000
1 0.208594 0.833594 0.035937 0.014063
1 0.219531 0.682031 0.048438 0.012500
1 0.202344 0.688281 0.031250 0.028125
1 0.150781 0.628125 0.037500 0.014063
1 0.116406 0.600781 0.028125 0.020313
1 0.119531 0.547656 0.028125 0.023438
1 0.141406 0.490625 0.037500 0.015625
1 0.163281 0.559375 0.039062 0.025000
1 0.168750 0.424219 0.035937 0.009375
1 0.191406 0.450781 0.043750 0.015625
1 0.258594 0.411719 0.046875 0.028125
1 0.296094 0.405469 0.042188 0.034375
1 0.250000 0.342969 0.043750 0.020313
1 0.209375 0.328906 0.035937 0.031250
1 0.186719 0.346094 0.034375 0.031250
1 0.455469 0.395313 0.071875 0.029687
1 0.512500 0.439063 0.085938 0.023438
1 0.367969 0.417969 0.045312 0.032813
1 0.392188 0.512500 0.054688 0.037500
1 0.261719 0.575000 0.046875 0.031250
1 0.196875 0.729688 0.028125 0.009375
