1 0.214844 0.416406 0.032813 0.046875
1 0.293750 0.432031 0.031250 0.050000
1 0.267188 0.367188 0.025000 0.043750
1 0.249219 0.278125 0.046875 0.118750
1 0.070312 0.257812 0.064062 0.087500
1 0.313281 0.114062 0.050000 0.115625
1 0.353906 0.144531 0.045312 0.120313
1 0.364844 0.046875 0.067187 0.064062
1 0.481250 0.206250 0.034375 0.071875
1 0.508594 0.262500 0.021875 0.065625
1 0.456250 0.577344 0.025000 0.062500
1 0.449219 0.634375 0.042188 0.114062
1 0.307031 0.784375 0.034375 0.065625
1 0.282031 0.768750 0.043750 0.121875
1 0.639062 0.753125 0.026562 0.062500
1 0.593750 0.535156 0.037500 0.112500
1 0.553125 0.184375 0.040625 0.128125
1 0.742969 0.186719 0.071875 0.071875
1 0.708594 0.157031 0.029687 0.092188
1 0.236719 0.343750 0.028125 0.051562
1 0.264062 0.190625 0.018750 0.040625
1 0.416406 0.015625 0.015625 0.029687
