1 0.228125 0.660937 0.061719 0.075000
1 0.363281 0.850781 0.025781 0.038281
1 0.439844 0.866406 0.028125 0.044531
1 0.388281 0.783594 0.023438 0.049219
1 0.419531 0.801562 0.023438 0.042188
1 0.408594 0.731250 0.038281 0.118750
1 0.425000 0.624219 0.021875 0.052344
1 0.475000 0.567187 0.050000 0.115625
1 0.515625 0.594531 0.037500 0.105469
1 0.528125 0.499219 0.067187 0.052344
1 0.579688 0.457031 0.019531 0.059375
1 0.421094 0.278125 0.055469 0.101562
1 0.469531 0.204687 0.026562 0.117969
1 0.428125 0.167969 0.047656 0.130469
1 0.641406 0.269531 0.058594 0.081250
1 0.636719 0.671094 0.032031 0.064844
1 0.659375 0.741406 0.025781 0.059375
1 0.703906 0.672656 0.040625 0.127344
1 0.857031 0.690625 0.055469 0.073438
1 0.899219 0.713281 0.071094 0.064062
1 0.742969 0.432812 0.032031 0.053125
1 0.730469 0.115625 0.028906 0.128906
