1 0.975000 0.499219 0.046875 0.017188
1 0.978906 0.582031 0.035937 0.021875
1 0.852344 0.643750 0.037500 0.035937
1 0.804688 0.649219 0.037500 0.021875
1 0.773438 0.640625 0.034375 0.040625
1 0.746875 0.494531 0.056250 0.015625
1 0.840625 0.454688 0.051562 0.023438
1 0.844531 0.408594 0.048438 0.018750
1 0.735156 0.221094 0.125000 0.040625
1 0.662500 0.534375 0.125000 0.034375
1 0.416406 0.309375 0.029687 0.028125
1 0.425781 0.378125 0.026562 0.029687
1 0.288281 0.432812 0.104688 0.034375
1 0.336719 0.510938 0.081250 0.059375
1 0.220312 0.511719 0.118750 0.043750
1 0.197656 0.396875 0.100000 0.050000
1 0.141406 0.352344 0.046875 0.065625
1 0.026562 0.357812 0.050000 0.034375
1 0.031250 0.545312 0.059375 0.028125
1 0.018750 0.642969 0.034375 0.015625
1 0.577344 0.533594 0.046875 0.071875
1 0.486719 0.522656 0.115625 0.037500
1 0.988281 0.428125 0.015625 0.015625
1 0.025781 0.375000 0.048438 0.018750
