1 0.350000 0.346094 0.065625 0.039062
1 0.478906 0.300000 0.034375 0.031250
1 0.490625 0.340625 0.029687 0.015625
1 0.551562 0.366406 0.037500 0.018750
1 0.521094 0.357812 0.023438 0.009375
1 0.556250 0.552344 0.037500 0.029687
1 0.574219 0.575781 0.039062 0.018750
1 0.600781 0.548438 0.029687 0.023438
1 0.640625 0.559375 0.028125 0.021875
1 0.588281 0.451562 0.031250 0.020313
1 0.615625 0.471094 0.031250 0.025000
1 0.635156 0.445312 0.029687 0.015625
1 0.654687 0.370312 0.026562 0.020313
1 0.667188 0.400781 0.031250 0.012500
1 0.700781 0.438281 0.026562 0.006250
1 0.715625 0.456250 0.015625 0.012500
1 0.712500 0.485938 0.018750 0.018750
1 0.690625 0.483594 0.025000 0.018750
1 0.688281 0.557813 0.028125 0.009375
1 0.685156 0.578125 0.018750 0.009375
1 0.700781 0.533594 0.021875 0.010937
1 0.659375 0.346094 0.025000 0.012500
1 0.686719 0.372656 0.021875 0.009375
1 0.679688 0.638281 0.021875 0.015625
1 0.666406 0.635156 0.025000 0.021875
1 0.646875 0.628125 0.028125 0.012500
1 0.678125 0.298438 0.021875 0.015625
