1 0.144531 0.717187 0.046875 0.025000
1 0.116406 0.546094 0.039062 0.025000
1 0.212500 0.627344 0.068750 0.017188
1 0.275000 0.551562 0.060937 0.034375
1 0.256250 0.404687 0.053125 0.043750
1 0.221094 0.292187 0.046875 0.043750
1 0.343750 0.335156 0.071875 0.021875
1 0.462500 0.222656 0.084375 0.053125
1 0.342969 0.151562 0.054688 0.048438
1 0.462500 0.458594 0.090625 0.025000
1 0.401562 0.630469 0.073438 0.025000
1 0.545312 0.796094 0.100000 0.032813
1 0.728906 0.645312 0.078125 0.065625
1 0.831250 0.503125 0.100000 0.043750
1 0.608594 0.463281 0.106250 0.028125
1 0.768750 0.352344 0.126562 0.064062
1 0.672656 0.190625 0.100000 0.068750
1 0.833594 0.135937 0.143750 0.078125
1 0.257812 0.269531 0.035937 0.025000
