1 0.369531 0.116406 0.100000 0.037500
1 0.510156 0.424219 0.081250 0.064062
1 0.681250 0.721094 0.065625 0.054688
1 0.626563 0.417187 0.115625 0.046875
1 0.943750 0.278125 0.053125 0.021875
1 0.952344 0.335156 0.065625 0.046875
1 0.891406 0.331250 0.029687 0.021875
1 0.897656 0.297656 0.089063 0.021875
1 0.930469 0.132031 0.078125 0.014063
1 0.428906 0.185156 0.053125 0.059375
1 0.365625 0.192188 0.078125 0.025000
1 0.271875 0.032031 0.059375 0.025000
1 0.279687 0.318750 0.051562 0.025000
1 0.308594 0.402344 0.053125 0.028125
1 0.450781 0.596094 0.075000 0.056250
1 0.430469 0.585938 0.032813 0.023438
1 0.985156 0.399219 0.026562 0.020313
1 0.889844 0.583594 0.060937 0.054688
1 0.928125 0.705469 0.046875 0.053125
1 0.521094 0.721875 0.092188 0.034375
1 0.535156 0.742188 0.068750 0.018750
1 0.179688 0.957812 0.059375 0.040625
