1 0.421094 0.975000 0.027344 0.027344
1 0.354687 0.982031 0.035156 0.030469
1 0.185156 0.612500 0.067187 0.054688
1 0.572656 0.831250 0.062500 0.047656
1 0.571094 0.757031 0.035937 0.116406
1 0.667188 0.650000 0.038281 0.032031
1 0.680469 0.607031 0.023438 0.047656
1 0.685156 0.553906 0.036719 0.027344
1 0.532031 0.664844 0.017188 0.047656
1 0.492969 0.573438 0.020313 0.050781
1 0.446875 0.566406 0.019531 0.042188
1 0.465625 0.408594 0.021875 0.042969
1 0.534375 0.435937 0.018750 0.076563
1 0.615625 0.430469 0.016406 0.046094
1 0.598437 0.399219 0.021094 0.071875
1 0.562500 0.325781 0.024219 0.067969
1 0.623437 0.266406 0.024219 0.050781
1 0.573438 0.274219 0.030469 0.036719
1 0.592187 0.242188 0.020313 0.052344
1 0.576562 0.220312 0.021094 0.045312
1 0.551562 0.175000 0.028906 0.057031
1 0.608594 0.119531 0.025781 0.071094
1 0.591406 0.128125 0.028125 0.058594
1 0.560156 0.118750 0.027344 0.058594
1 0.526563 0.139063 0.040625 0.036719
1 0.602344 0.017969 0.019531 0.033594
1 0.227344 0.017188 0.062500 0.032031
