1 0.460156 0.700781 0.118750 0.034375
1 0.526563 0.550781 0.115625 0.029687
1 0.608594 0.496875 0.076563 0.050000
1 0.211719 0.443750 0.075000 0.057813
1 0.197656 0.511719 0.059375 0.012500
1 0.207031 0.531250 0.118750 0.025000
1 0.107031 0.540625 0.087500 0.020313
1 0.058594 0.476562 0.112500 0.035937
1 0.031250 0.510938 0.059375 0.018750
1 0.036719 0.535156 0.071875 0.023438
1 0.372656 0.350781 0.115625 0.040625
1 0.764844 0.398438 0.109375 0.050000
1 0.723437 0.301563 0.034375 0.034375
1 0.776563 0.317188 0.125000 0.034375
1 0.939844 0.266406 0.046875 0.068750
1 0.796094 0.248438 0.103125 0.034375
1 0.948438 0.320312 0.093750 0.032813
1 0.899219 0.138281 0.112500 0.039062
1 0.797656 0.153125 0.046875 0.021875
1 0.776563 0.222656 0.112500 0.037500
1 0.653906 0.150781 0.106250 0.046875
1 0.413281 0.146094 0.056250 0.021875
1 0.371094 0.206250 0.087500 0.062500
1 0.164062 0.200781 0.092188 0.031250
1 0.925000 0.603125 0.037500 0.045312
1 0.869531 0.612500 0.068750 0.056250
1 0.441406 0.031250 0.090625 0.040625
1 0.703906 0.025781 0.040625 0.034375
1 0.717969 0.092188 0.040625 0.028125
1 0.798438 0.104688 0.028125 0.034375
1 0.668750 0.127344 0.031250 0.028125
