1 0.413281 0.539844 0.039062 0.056250
1 0.357812 0.654687 0.028125 0.093750
1 0.270313 0.527344 0.043750 0.059375
1 0.095312 0.589844 0.028125 0.059375
1 0.071094 0.609375 0.020313 0.045312
1 0.232813 0.344531 0.018750 0.037500
1 0.260937 0.351562 0.021875 0.046875
1 0.297656 0.302344 0.020313 0.031250
1 0.317969 0.342969 0.028125 0.032813
1 0.307031 0.474219 0.039062 0.040625
1 0.356250 0.436719 0.026562 0.046875
1 0.498437 0.431250 0.037500 0.053125
1 0.630469 0.439844 0.034375 0.043750
1 0.646094 0.394531 0.039062 0.056250
1 0.667188 0.377344 0.029687 0.039062
1 0.564063 0.350781 0.034375 0.050000
1 0.532031 0.290625 0.025000 0.040625
1 0.450000 0.307031 0.031250 0.043750
1 0.379688 0.264844 0.025000 0.032813
1 0.437500 0.633594 0.039062 0.090625
1 0.554688 0.317969 0.031250 0.043750
1 0.438281 0.265625 0.026562 0.043750
1 0.196875 0.303906 0.017188 0.043750
