1 0.012500 0.337500 0.022656 0.060937
1 0.034375 0.216406 0.035156 0.043750
1 0.321875 0.145313 0.018750 0.043750
1 0.464844 0.132031 0.031250 0.039062
1 0.383594 0.186719 0.021875 0.047656
1 0.246094 0.346875 0.036719 0.061719
1 0.360938 0.293750 0.018750 0.055469
1 0.430469 0.225781 0.028906 0.046875
1 0.553125 0.230469 0.029687 0.057813
1 0.334375 0.489844 0.033594 0.081250
1 0.485156 0.344531 0.019531 0.064062
1 0.592187 0.274219 0.025000 0.049219
1 0.682813 0.207813 0.042969 0.046875
1 0.450781 0.583594 0.044531 0.082031
1 0.487500 0.473438 0.028125 0.074219
1 0.565625 0.557031 0.039062 0.085156
1 0.712500 0.610938 0.041406 0.122656
1 0.696094 0.365625 0.045312 0.058594
1 0.814844 0.492188 0.054688 0.054688
1 0.764844 0.289844 0.037500 0.046094
1 0.967187 0.382031 0.038281 0.058594
1 0.929688 0.388281 0.040625 0.065625
1 0.660156 0.241406 0.017969 0.029687
