1 0.476562 0.520312 0.084375 0.025000
1 0.302344 0.656250 0.131250 0.043750
1 0.494531 0.866406 0.067187 0.054688
1 0.596875 0.675781 0.050000 0.034375
1 0.539062 0.225781 0.059375 0.040625
1 0.565625 0.446875 0.068750 0.031250
1 0.618750 0.875000 0.084375 0.037500
1 0.667188 0.896875 0.050000 0.023438
1 0.674219 0.440625 0.059375 0.032813
1 0.775781 0.440625 0.040625 0.035937
1 0.664062 0.360938 0.034375 0.021875
1 0.784375 0.172656 0.040625 0.042188
1 0.865625 0.539844 0.040625 0.034375
1 0.804688 0.669531 0.040625 0.031250
1 0.688281 0.716406 0.060937 0.031250
1 0.728125 0.839844 0.037500 0.034375
1 0.824219 0.806250 0.046875 0.037500
1 0.785156 0.875000 0.043750 0.037500
1 0.730469 0.789844 0.045312 0.048438
1 0.753906 0.789844 0.031250 0.034375
1 0.709375 0.015625 0.046875 0.031250
1 0.770312 0.653906 0.025000 0.014063
1 0.746875 0.786719 0.026562 0.042188
1 0.734375 0.014063 0.031250 0.023438
