1 0.217188 0.215625 0.036719 0.071875
1 0.303906 0.278125 0.049219 0.064062
1 0.211719 0.339844 0.041406 0.080469
1 0.075000 0.353125 0.030469 0.091406
1 0.413281 0.132031 0.044531 0.053125
1 0.468750 0.526563 0.027344 0.116406
1 0.560937 0.576562 0.035156 0.117188
1 0.513281 0.391406 0.057031 0.061719
1 0.573438 0.405469 0.053125 0.060156
1 0.598437 0.276562 0.046875 0.053906
1 0.627344 0.309375 0.050781 0.060937
1 0.685156 0.210938 0.047656 0.068750
1 0.743750 0.691406 0.053906 0.133594
1 0.823438 0.633594 0.051562 0.102344
1 0.624219 0.893750 0.071875 0.146875
1 0.864844 0.242969 0.050781 0.065625
1 0.936719 0.382812 0.059375 0.071094
1 0.560937 0.060937 0.035937 0.053125
