1 0.668750 0.517188 0.040625 0.129688
1 0.832031 0.310937 0.034375 0.101562
1 0.835156 0.547656 0.078125 0.109375
1 0.811719 0.751563 0.037500 0.120313
1 0.560937 0.039062 0.042188 0.051562
1 0.480469 0.325000 0.040625 0.075000
1 0.542188 0.539062 0.025000 0.131250
1 0.303906 0.412500 0.068750 0.070312
1 0.246875 0.437500 0.068750 0.075000
1 0.247656 0.400781 0.070312 0.050000
1 0.257031 0.359375 0.053125 0.043750
1 0.261719 0.135156 0.053125 0.062500
1 0.132812 0.405469 0.028125 0.084375
1 0.063281 0.407031 0.031250 0.090625
