1 0.648438 0.747656 0.052344 0.110937
1 0.567187 0.625000 0.047656 0.085938
1 0.464062 0.547656 0.050781 0.071875
1 0.405469 0.552344 0.038281 0.052344
1 0.392188 0.676562 0.072656 0.095312
1 0.339062 0.552344 0.041406 0.076563
1 0.273438 0.647656 0.029687 0.039062
1 0.324219 0.640625 0.032031 0.059375
1 0.346094 0.694531 0.030469 0.060156
1 0.515625 0.417187 0.030469 0.050000
1 0.418750 0.417187 0.035156 0.071094
1 0.636719 0.346094 0.040625 0.052344
1 0.656250 0.283594 0.033594 0.045312
1 0.718750 0.254688 0.037500 0.045312
1 0.798438 0.482031 0.021875 0.054688
1 0.984375 0.682031 0.030469 0.047656
1 0.710156 0.449219 0.025781 0.045312
1 0.554688 0.383594 0.022656 0.035156
1 0.693750 0.407031 0.025000 0.054688
1 0.748437 0.338281 0.024219 0.028125
1 0.578906 0.374219 0.028906 0.053125
1 0.607031 0.385937 0.035937 0.053125
1 0.590625 0.421094 0.034375 0.059375
1 0.730469 0.294531 0.037500 0.038281
1 0.567969 0.389062 0.016406 0.058594
1 0.734375 0.323437 0.017969 0.043750
