1 0.633594 0.131250 0.034375 0.021875
1 0.635156 0.124219 0.043750 0.034375
1 0.594531 0.160156 0.084375 0.018750
1 0.532813 0.189062 0.053125 0.056250
1 0.342969 0.226562 0.068750 0.062500
1 0.242188 0.351562 0.126562 0.039062
1 0.514844 0.476562 0.054688 0.054688
1 0.353906 0.602344 0.062500 0.054688
1 0.444531 0.632812 0.081250 0.053125
1 0.368750 0.765625 0.057813 0.071875
1 0.354687 0.939844 0.112500 0.071875
1 0.460938 0.957812 0.096875 0.045312
1 0.505469 0.905469 0.062500 0.060937
1 0.645312 0.853906 0.056250 0.039062
1 0.603906 0.746094 0.092188 0.025000
1 0.764062 0.782813 0.050000 0.039062
1 0.681250 0.686719 0.065625 0.040625
1 0.650781 0.603906 0.068750 0.042188
1 0.798438 0.614062 0.075000 0.018750
1 0.907031 0.627344 0.046875 0.021875
1 0.935156 0.550781 0.034375 0.028125
1 0.887500 0.535156 0.046875 0.034375
1 0.935156 0.516406 0.040625 0.034375
1 0.957812 0.584375 0.039062 0.028125
1 0.985156 0.563281 0.028125 0.015625
