1 0.485938 0.446875 0.023438 0.094531
1 0.566406 0.245312 0.044531 0.057813
1 0.622656 0.335156 0.020313 0.065625
1 0.687500 0.217969 0.046094 0.047656
1 0.814844 0.346875 0.046875 0.058594
1 0.736719 0.463281 0.050000 0.075781
1 0.735156 0.674219 0.067969 0.100000
1 0.765625 0.835156 0.075000 0.138281
1 0.548438 0.755469 0.038281 0.132812
1 0.461719 0.586719 0.027344 0.122656
1 0.399219 0.814063 0.042188 0.142969
1 0.269531 0.682813 0.059375 0.085938
1 0.157031 0.493750 0.042188 0.089844
1 0.325000 0.370312 0.019531 0.067187
1 0.413281 0.253125 0.034375 0.060156
1 0.445312 0.104688 0.031250 0.044531
1 0.349219 0.185156 0.017969 0.067187
1 0.275781 0.124219 0.026562 0.052344
1 0.696875 0.258594 0.017188 0.032813
