1 0.464062 0.532031 0.037500 0.040625
1 0.603125 0.546094 0.062500 0.028125
1 0.637500 0.526563 0.050000 0.034375
1 0.664844 0.567969 0.021875 0.021875
1 0.805469 0.678125 0.062500 0.028125
1 0.785937 0.732812 0.040625 0.037500
1 0.766406 0.777344 0.037500 0.031250
1 0.758594 0.810156 0.028125 0.018750
1 0.521875 0.779687 0.040625 0.046875
1 0.467969 0.809375 0.025000 0.037500
1 0.389844 0.766406 0.065625 0.026562
1 0.475000 0.753125 0.037500 0.037500
1 0.399219 0.913281 0.034375 0.017188
1 0.921094 0.864844 0.032813 0.025000
1 0.762500 0.717187 0.017188 0.015625
