1 0.924219 0.209375 0.041406 0.054688
1 0.848437 0.138281 0.040625 0.042188
1 0.673438 0.140625 0.039844 0.045312
1 0.810156 0.263281 0.051562 0.064062
1 0.757031 0.254688 0.048438 0.050781
1 0.717969 0.279687 0.017969 0.061719
1 0.700000 0.314844 0.021875 0.064062
1 0.687500 0.434375 0.027344 0.104688
1 0.614062 0.472656 0.051562 0.056250
1 0.846875 0.730469 0.081250 0.119531
1 0.532813 0.034375 0.031250 0.042188
1 0.422656 0.145313 0.042188 0.044531
1 0.348438 0.181250 0.032031 0.062500
1 0.341406 0.304688 0.024219 0.075000
1 0.260156 0.289062 0.025000 0.071875
1 0.312500 0.465625 0.024219 0.094531
1 0.254688 0.588281 0.050781 0.075000
1 0.103906 0.096094 0.045312 0.048438
1 0.030469 0.445312 0.060156 0.055469
1 0.914062 0.439063 0.034375 0.081250
1 0.880469 0.489063 0.028906 0.089844
1 0.651563 0.139844 0.011719 0.039844
