1 0.086719 0.332031 0.082812 0.089844
1 0.027344 0.457031 0.053906 0.092969
1 0.018750 0.568750 0.037500 0.060937
1 0.113281 0.543750 0.051562 0.112500
1 0.154688 0.586719 0.036719 0.051562
1 0.180469 0.646094 0.039062 0.124219
1 0.227344 0.478125 0.072656 0.047656
1 0.257812 0.425000 0.026562 0.121094
1 0.328906 0.473438 0.050000 0.107813
1 0.446875 0.467969 0.064844 0.083594
1 0.535156 0.503906 0.070312 0.063281
1 0.555469 0.348438 0.068750 0.067187
1 0.671875 0.489063 0.056250 0.089844
1 0.587500 0.667969 0.072656 0.078125
1 0.596094 0.800781 0.053125 0.104688
1 0.633594 0.698438 0.060937 0.094531
1 0.650781 0.731250 0.056250 0.090625
1 0.698438 0.760156 0.057813 0.092969
1 0.793750 0.740625 0.064844 0.109375
1 0.760938 0.571094 0.067187 0.055469
1 0.689844 0.390625 0.073438 0.051562
1 0.914062 0.405469 0.050000 0.117188
1 0.896875 0.492188 0.036719 0.117969
1 0.855469 0.883594 0.071875 0.062500
1 0.010937 0.214062 0.021875 0.112500
1 0.200000 0.061719 0.060156 0.107813
1 0.245312 0.057813 0.034375 0.108594
1 0.111719 0.143750 0.041406 0.041406
1 0.052344 0.189062 0.021094 0.067187
1 0.114062 0.659375 0.031250 0.046875
1 0.097656 0.705469 0.028125 0.071094
1 0.230469 0.383594 0.029687 0.081250
1 0.246094 0.331250 0.019531 0.086719
1 0.271875 0.728125 0.082812 0.049219
1 0.472656 0.782031 0.064062 0.096875
1 0.564063 0.404687 0.025000 0.132812
1 0.648438 0.373437 0.025781 0.057031
1 0.655469 0.437500 0.032813 0.026562
1 0.739062 0.752344 0.036719 0.044531
1 0.845313 0.603125 0.051562 0.028906
1 0.761719 0.496875 0.065625 0.065625
1 0.716406 0.357031 0.035156 0.032813
1 0.749219 0.332813 0.032813 0.039062
1 0.816406 0.367969 0.063281 0.035156
1 0.849219 0.319531 0.035156 0.032813
1 0.791406 0.416406 0.036719 0.065625
1 0.758594 0.434375 0.064062 0.072656
1 0.810937 0.413281 0.021875 0.051562
1 0.929688 0.345313 0.027344 0.030469
1 0.989062 0.520312 0.020313 0.034375
1 0.946875 0.563281 0.025781 0.060937
1 0.924219 0.537500 0.038281 0.060156
