1 0.509375 0.556250 0.065625 0.062500
1 0.401562 0.619531 0.043750 0.028125
1 0.396875 0.558594 0.046875 0.031250
1 0.446094 0.478906 0.043750 0.032813
1 0.236719 0.530469 0.115625 0.034375
1 0.130469 0.436719 0.050000 0.051562
1 0.196875 0.397656 0.053125 0.039062
1 0.096875 0.362500 0.056250 0.062500
1 0.107031 0.282813 0.054688 0.078125
1 0.060156 0.250781 0.078125 0.075000
1 0.247656 0.170313 0.062500 0.075000
1 0.306250 0.098437 0.100000 0.070312
1 0.386719 0.043750 0.048438 0.051562
1 0.383594 0.092969 0.068750 0.034375
1 0.502344 0.071875 0.110937 0.056250
1 0.658594 0.110156 0.056250 0.068750
1 0.642188 0.241406 0.057813 0.082812
1 0.739844 0.362500 0.118750 0.056250
1 0.823438 0.400781 0.131250 0.025000
1 0.800000 0.442188 0.129688 0.037500
1 0.525000 0.455469 0.103125 0.051562
1 0.517969 0.496094 0.059375 0.046875
1 0.627344 0.504687 0.050000 0.076563
1 0.664844 0.578906 0.057813 0.068750
1 0.365625 0.689844 0.050000 0.035937
1 0.275000 0.726562 0.076563 0.067187
1 0.310156 0.738281 0.048438 0.025000
1 0.407031 0.726562 0.060937 0.037500
1 0.195312 0.860156 0.056250 0.028125
1 0.493750 0.851562 0.034375 0.031250
1 0.360938 0.956250 0.087500 0.043750
1 0.632031 0.964844 0.048438 0.067187
1 0.680469 0.640625 0.128125 0.034375
1 0.772656 0.624219 0.060937 0.025000
1 0.795312 0.545312 0.126562 0.040625
1 0.779687 0.511719 0.125000 0.043750
1 0.846875 0.465625 0.035937 0.045312
1 0.782031 0.671875 0.034375 0.028125
1 0.889062 0.749219 0.053125 0.032813
1 0.867188 0.679688 0.043750 0.026562
1 0.939063 0.613281 0.100000 0.064062
1 0.949219 0.246094 0.075000 0.071875
1 0.035937 0.964063 0.071875 0.068750
1 0.057813 0.357031 0.037500 0.051562
1 0.691406 0.978125 0.060937 0.042188
1 0.917969 0.648438 0.050000 0.032813
