1 0.407813 0.334375 0.059375 0.046875
1 0.459375 0.292187 0.081250 0.021875
1 0.420312 0.250000 0.062500 0.028125
1 0.678125 0.402344 0.043750 0.021875
1 0.707031 0.292187 0.037500 0.025000
1 0.725000 0.252344 0.035937 0.012500
1 0.737500 0.203125 0.032813 0.012500
1 0.768750 0.300781 0.031250 0.009375
1 0.785937 0.386719 0.034375 0.010937
1 0.739844 0.331250 0.032813 0.025000
1 0.807813 0.454688 0.028125 0.021875
1 0.810156 0.408594 0.025000 0.018750
1 0.772656 0.444531 0.034375 0.023438
1 0.791406 0.504687 0.032813 0.015625
1 0.753906 0.541406 0.042188 0.014063
1 0.768750 0.560937 0.028125 0.015625
1 0.692969 0.562500 0.034375 0.031250
1 0.661719 0.548438 0.035937 0.031250
1 0.617188 0.560937 0.040625 0.029687
1 0.735938 0.644531 0.035937 0.031250
1 0.755469 0.632031 0.031250 0.025000
1 0.704688 0.634375 0.040625 0.018750
1 0.556250 0.583594 0.053125 0.037500
1 0.517969 0.540625 0.068750 0.023438
1 0.598437 0.478125 0.050000 0.031250
1 0.028906 0.223438 0.054688 0.053125
1 0.440625 0.260937 0.040625 0.018750
1 0.730469 0.335156 0.039062 0.012500
