1 0.594531 0.428125 0.030469 0.058594
1 0.428125 0.527344 0.016406 0.079687
1 0.376563 0.453125 0.016406 0.073438
1 0.427344 0.926562 0.056250 0.131250
1 0.160156 0.522656 0.025781 0.073438
1 0.303906 0.333594 0.025000 0.035937
1 0.290625 0.271094 0.043750 0.042188
1 0.185156 0.230469 0.031250 0.042188
1 0.386719 0.217969 0.035156 0.044531
1 0.500781 0.125000 0.027344 0.033594
1 0.624219 0.192969 0.028906 0.042188
1 0.674219 0.282813 0.028125 0.065625
1 0.703125 0.211719 0.036719 0.049219
1 0.751563 0.275781 0.035156 0.043750
1 0.791406 0.179688 0.024219 0.034375
1 0.779687 0.283594 0.033594 0.046094
1 0.800781 0.275781 0.011719 0.045312
1 0.809375 0.394531 0.028125 0.081250
1 0.835938 0.348438 0.025781 0.063281
1 0.841406 0.221094 0.025781 0.041406
1 0.766406 0.525000 0.054688 0.066406
1 0.607031 0.232031 0.011719 0.028906
