1 0.889062 0.337500 0.125000 0.026562
1 0.877344 0.375000 0.064062 0.031250
1 0.791406 0.417187 0.057813 0.018750
1 0.820312 0.360156 0.062500 0.018750
1 0.908594 0.314063 0.081250 0.021875
1 0.835938 0.288281 0.096875 0.059375
1 0.869531 0.275000 0.057813 0.031250
1 0.922656 0.278125 0.062500 0.039062
1 0.957031 0.284375 0.082812 0.037500
1 0.851562 0.212500 0.100000 0.071875
1 0.680469 0.331250 0.129688 0.023438
1 0.662500 0.369531 0.082812 0.025000
1 0.650000 0.416406 0.039062 0.035937
1 0.734375 0.447656 0.043750 0.028125
1 0.729688 0.189062 0.051562 0.071875
1 0.690625 0.281250 0.071875 0.031250
1 0.632031 0.184375 0.065625 0.065625
1 0.710156 0.114844 0.121875 0.040625
1 0.837500 0.055469 0.087500 0.062500
1 0.883594 0.116406 0.062500 0.040625
1 0.920312 0.127344 0.142187 0.051562
1 0.468750 0.438281 0.082812 0.057813
1 0.471094 0.438281 0.082812 0.056250
1 0.458594 0.332813 0.084375 0.067187
1 0.351562 0.361719 0.103125 0.050000
1 0.332813 0.449219 0.068750 0.068750
1 0.237500 0.496875 0.123438 0.039062
1 0.275000 0.461719 0.050000 0.065625
1 0.240625 0.401562 0.053125 0.039062
1 0.259375 0.333594 0.053125 0.079687
1 0.235937 0.679688 0.121875 0.034375
1 0.192188 0.710156 0.128125 0.029687
1 0.053125 0.735938 0.103125 0.037500
1 0.064844 0.491406 0.081250 0.060937
1 0.097656 0.529687 0.134375 0.039062
1 0.092969 0.311719 0.053125 0.035937
1 0.414062 0.181250 0.050000 0.026562
1 0.458594 0.157812 0.057813 0.023438
1 0.013281 0.421875 0.023438 0.040625
1 0.646875 0.482812 0.037500 0.026562
