1 0.481250 0.696875 0.050000 0.018750
1 0.489844 0.606250 0.035937 0.028125
1 0.385156 0.575781 0.037500 0.031250
1 0.297656 0.500000 0.031250 0.028125
1 0.330469 0.374219 0.031250 0.020313
1 0.335938 0.324219 0.034375 0.026562
1 0.374219 0.310937 0.046875 0.028125
1 0.414062 0.417187 0.043750 0.018750
1 0.510938 0.321094 0.048438 0.031250
1 0.589844 0.433594 0.071875 0.020313
1 0.567969 0.495312 0.064062 0.031250
1 0.305469 0.231250 0.031250 0.025000
1 0.701562 0.575781 0.068750 0.053125
1 0.853125 0.327344 0.095312 0.040625
1 0.541406 0.172656 0.048438 0.037500
1 0.429688 0.192188 0.056250 0.026562
1 0.392188 0.171875 0.032813 0.021875
1 0.435937 0.097656 0.043750 0.028125
1 0.352344 0.177344 0.037500 0.012500
1 0.351562 0.189062 0.043750 0.014063
1 0.324219 0.200781 0.034375 0.023438
1 0.488281 0.982812 0.050000 0.028125
1 0.361719 0.376563 0.020313 0.015625
