1 0.810937 0.417187 0.044531 0.074219
1 0.789844 0.602344 0.076563 0.075000
1 0.745313 0.818750 0.064062 0.127344
1 0.400000 0.365625 0.031250 0.075781
1 0.440625 0.139844 0.019531 0.057031
1 0.521875 0.162500 0.017188 0.069531
1 0.603906 0.194531 0.028125 0.064062
1 0.343750 0.178906 0.025000 0.068750
1 0.275781 0.163281 0.029687 0.065625
1 0.327344 0.058594 0.035156 0.042188
1 0.183594 0.277344 0.032813 0.080469
1 0.260156 0.400781 0.025000 0.087500
1 0.104688 0.257812 0.043750 0.050000
1 0.136719 0.178906 0.050781 0.055469
1 0.097656 0.176563 0.042969 0.062500
1 0.107031 0.128906 0.024219 0.047656
1 0.191406 0.084375 0.043750 0.049219
1 0.027344 0.538281 0.053125 0.085156
1 0.260156 0.222656 0.051562 0.050781
1 0.204687 0.123438 0.028906 0.040625
1 0.154688 0.072656 0.042188 0.048438
1 0.100781 0.089844 0.044531 0.034375
1 0.275781 0.042969 0.027344 0.028125
