1 0.712500 0.468750 0.057813 0.080469
1 0.813281 0.357031 0.060937 0.067187
1 0.707031 0.212500 0.045312 0.057813
1 0.597656 0.307812 0.035937 0.057031
1 0.557813 0.214844 0.029687 0.053906
1 0.676562 0.675000 0.062500 0.092969
1 0.667969 0.846094 0.066406 0.159375
1 0.489063 0.777344 0.047656 0.142187
1 0.324219 0.780469 0.046094 0.115625
1 0.445312 0.385156 0.028125 0.080469
1 0.210938 0.573438 0.035937 0.104688
1 0.152344 0.376563 0.050781 0.072656
1 0.310937 0.295312 0.015625 0.062500
1 0.414844 0.206250 0.030469 0.057031
1 0.362500 0.139063 0.019531 0.060937
1 0.477344 0.071094 0.036719 0.039062
1 0.310156 0.079687 0.018750 0.054688
1 0.407813 0.501563 0.023438 0.087500
1 0.700000 0.257812 0.018750 0.025781
