1 0.817187 0.565625 0.026562 0.021875
1 0.800000 0.482812 0.031250 0.025000
1 0.800781 0.531250 0.032813 0.021875
1 0.767188 0.515625 0.034375 0.031250
1 0.713281 0.565625 0.043750 0.037500
1 0.770312 0.616406 0.031250 0.028125
1 0.682813 0.411719 0.040625 0.031250
1 0.667188 0.487500 0.043750 0.037500
1 0.647656 0.738281 0.043750 0.043750
1 0.566406 0.678906 0.056250 0.043750
1 0.546094 0.791406 0.046875 0.050000
1 0.422656 0.709375 0.065625 0.075000
1 0.348438 0.639844 0.062500 0.071875
1 0.451562 0.513281 0.076563 0.037500
1 0.518750 0.392969 0.059375 0.045312
1 0.424219 0.398438 0.068750 0.040625
1 0.359375 0.239063 0.103125 0.053125
1 0.432031 0.166406 0.075000 0.039062
1 0.588281 0.109375 0.046875 0.043750
1 0.641406 0.151562 0.046875 0.043750
1 0.647656 0.121875 0.031250 0.028125
1 0.306250 0.817969 0.121875 0.065625
1 0.391406 0.838281 0.109375 0.043750
1 0.769531 0.704688 0.056250 0.015625
1 0.648438 0.140625 0.025000 0.039062
1 0.853125 0.485938 0.040625 0.010937
