1 0.109375 0.129688 0.043750 0.042188
1 0.033594 0.430469 0.059375 0.054688
1 0.252344 0.546094 0.047656 0.067187
1 0.307812 0.442188 0.021094 0.082812
1 0.259375 0.294531 0.021875 0.064062
1 0.335938 0.306250 0.023438 0.068750
1 0.385156 0.247656 0.029687 0.063281
1 0.414844 0.171094 0.039062 0.043750
1 0.524219 0.077344 0.032813 0.039844
1 0.655469 0.164062 0.035937 0.044531
1 0.663281 0.381250 0.028125 0.083594
1 0.595313 0.452344 0.051562 0.063281
1 0.685156 0.307031 0.019531 0.066406
1 0.700000 0.270313 0.025781 0.046094
1 0.763281 0.267969 0.039844 0.064062
1 0.792188 0.272656 0.043750 0.054688
1 0.853125 0.463281 0.026562 0.085938
1 0.816406 0.667969 0.070312 0.119531
1 0.887500 0.415625 0.035156 0.075781
1 0.899219 0.225000 0.047656 0.053906
1 0.828906 0.164062 0.041406 0.042969
1 0.636719 0.164062 0.014844 0.034375
