1 0.047656 0.261719 0.029687 0.065625
1 0.422656 0.378906 0.019531 0.058594
1 0.382812 0.460938 0.035937 0.032031
1 0.420312 0.482812 0.020313 0.064844
1 0.445312 0.446875 0.017188 0.058594
1 0.657031 0.443750 0.042969 0.036719
1 0.642969 0.586719 0.020313 0.069531
1 0.668750 0.614844 0.021094 0.071094
1 0.623437 0.655469 0.016406 0.018750
1 0.512500 0.803906 0.026562 0.066406
1 0.452344 0.785937 0.036719 0.043750
1 0.400781 0.772656 0.036719 0.033594
1 0.368750 0.761719 0.016406 0.026562
1 0.310937 0.945312 0.013281 0.027344
1 0.468750 0.764062 0.014063 0.027344
