1 0.041406 0.484375 0.051562 0.096875
1 0.232031 0.616406 0.031250 0.101562
1 0.401562 0.785156 0.059375 0.093750
1 0.569531 0.842969 0.060937 0.123438
1 0.694531 0.751563 0.068750 0.128125
1 0.818750 0.621094 0.067187 0.115625
1 0.776563 0.429688 0.059375 0.075000
1 0.846875 0.321875 0.053125 0.065625
1 0.700781 0.217188 0.040625 0.046875
1 0.587500 0.256250 0.046875 0.059375
1 0.678125 0.345313 0.021875 0.075000
1 0.453906 0.292187 0.028125 0.065625
1 0.434375 0.141406 0.023438 0.048438
1 0.262500 0.175000 0.035937 0.048438
1 0.366406 0.230469 0.023438 0.064062
1 0.391406 0.442188 0.031250 0.079687
1 0.564063 0.457813 0.040625 0.087500
1 0.586719 0.615625 0.037500 0.115625
1 0.901563 0.771094 0.079687 0.145313
1 0.720313 0.257031 0.021875 0.037500
