1 0.702344 0.694531 0.073438 0.075000
1 0.515625 0.742188 0.070312 0.106250
1 0.368750 0.828125 0.078125 0.136719
1 0.476562 0.529687 0.034375 0.119531
1 0.410156 0.401562 0.050000 0.076563
1 0.654687 0.278125 0.054688 0.074219
1 0.777344 0.231250 0.052344 0.084375
1 0.474219 0.161719 0.037500 0.055469
1 0.417187 0.242188 0.025781 0.071094
1 0.451562 0.246875 0.053906 0.050781
1 0.460156 0.217969 0.043750 0.071875
1 0.940625 0.316406 0.062500 0.064062
1 0.983594 0.571875 0.030469 0.102344
1 0.307031 0.128906 0.045312 0.054688
1 0.335938 0.050781 0.033594 0.036719
1 0.522656 0.041406 0.035156 0.021875
