1 0.558594 0.145313 0.073438 0.071875
1 0.700781 0.382031 0.101562 0.040625
1 0.605469 0.507031 0.068750 0.060937
1 0.430469 0.296094 0.075000 0.051562
1 0.308594 0.387500 0.059375 0.059375
1 0.307031 0.316406 0.053125 0.051562
1 0.364063 0.313281 0.103125 0.031250
1 0.340625 0.589063 0.095312 0.046875
1 0.754687 0.626563 0.082812 0.034375
1 0.680469 0.644531 0.090625 0.053125
1 0.634375 0.669531 0.106250 0.046875
1 0.604688 0.687500 0.103125 0.043750
1 0.682813 0.715625 0.106250 0.035937
1 0.691406 0.682813 0.100000 0.037500
1 0.677344 0.714844 0.107813 0.037500
1 0.828906 0.743750 0.081250 0.046875
