1 0.578906 0.530469 0.050000 0.082812
1 0.481250 0.596094 0.046875 0.090625
1 0.346875 0.659375 0.057813 0.059375
1 0.085156 0.538281 0.071875 0.046875
1 0.071875 0.804688 0.043750 0.121875
1 0.217188 0.968750 0.053125 0.057813
1 0.647656 0.950000 0.032813 0.093750
1 0.740625 0.920312 0.050000 0.078125
1 0.765625 0.846094 0.070312 0.053125
1 0.725000 0.780469 0.062500 0.078125
1 0.784375 0.791406 0.068750 0.056250
1 0.050000 0.059375 0.051562 0.103125
1 0.315625 0.630469 0.031250 0.040625
1 0.504687 0.642188 0.028125 0.046875
1 0.769531 0.714844 0.031250 0.040625
1 0.722656 0.825000 0.028125 0.045312
1 0.714844 0.910937 0.028125 0.034375
1 0.620313 0.946094 0.028125 0.043750
1 0.410938 0.981250 0.021875 0.031250
1 0.067187 0.889062 0.021875 0.065625
1 0.091406 0.506250 0.034375 0.034375
