1 0.433594 0.600781 0.054688 0.028125
1 0.523438 0.631250 0.042188 0.025000
1 0.571875 0.635938 0.040625 0.034375
1 0.632812 0.546094 0.034375 0.009375
1 0.558594 0.432812 0.037500 0.025000
1 0.658594 0.492969 0.035937 0.017188
1 0.594531 0.421094 0.037500 0.014063
1 0.659375 0.442969 0.029687 0.014063
1 0.685156 0.412500 0.031250 0.010937
1 0.663281 0.390625 0.025000 0.025000
1 0.692187 0.375781 0.025000 0.021875
1 0.700781 0.346875 0.025000 0.014063
1 0.652344 0.321875 0.034375 0.018750
1 0.609375 0.325000 0.029687 0.026562
1 0.567969 0.337500 0.034375 0.025000
1 0.534375 0.214844 0.037500 0.037500
1 0.664844 0.247656 0.028125 0.015625
1 0.655469 0.278906 0.023438 0.020313
1 0.678125 0.292187 0.029687 0.015625
1 0.633594 0.286719 0.031250 0.018750
1 0.704688 0.414062 0.021875 0.017188
1 0.626563 0.310937 0.021875 0.028125
1 0.584375 0.132812 0.037500 0.031250
1 0.576562 0.124219 0.021875 0.009375
1 0.686719 0.257812 0.028125 0.021875
