1 0.208594 0.165625 0.084375 0.056250
1 0.399219 0.420312 0.050000 0.034375
1 0.355469 0.499219 0.057813 0.031250
1 0.365625 0.575781 0.062500 0.029687
1 0.340625 0.685937 0.075000 0.040625
1 0.403125 0.518750 0.046875 0.018750
1 0.474219 0.511719 0.042188 0.014063
1 0.513281 0.589063 0.034375 0.018750
1 0.546875 0.650000 0.031250 0.031250
1 0.503906 0.714844 0.034375 0.028125
1 0.471875 0.693750 0.037500 0.028125
1 0.537500 0.558594 0.037500 0.018750
1 0.537500 0.466406 0.035937 0.020313
1 0.590625 0.491406 0.026562 0.021875
1 0.560937 0.430469 0.031250 0.015625
1 0.502344 0.420312 0.035937 0.012500
1 0.577344 0.396875 0.031250 0.021875
1 0.471875 0.339844 0.042188 0.021875
1 0.443750 0.085938 0.031250 0.025000
1 0.485938 0.170313 0.034375 0.012500
1 0.548438 0.171875 0.037500 0.028125
1 0.530469 0.114844 0.031250 0.015625
1 0.498437 0.096094 0.037500 0.025000
1 0.399219 0.086719 0.021875 0.012500
1 0.519531 0.843750 0.037500 0.015625
1 0.453906 0.832031 0.043750 0.026562
1 0.396094 0.750781 0.043750 0.040625
