1 0.364844 0.512500 0.035937 0.015625
1 0.375781 0.534375 0.028125 0.020313
1 0.431250 0.527344 0.045312 0.014063
1 0.408594 0.507031 0.021875 0.021875
1 0.381250 0.510938 0.029687 0.012500
1 0.378125 0.431250 0.028125 0.025000
1 0.350781 0.411719 0.032813 0.015625
1 0.383594 0.409375 0.026562 0.025000
1 0.489063 0.416406 0.034375 0.015625
1 0.501563 0.453906 0.025000 0.023438
1 0.554688 0.517188 0.023438 0.021875
1 0.561719 0.479687 0.029687 0.021875
1 0.575781 0.351562 0.037500 0.017188
1 0.657813 0.483594 0.043750 0.015625
1 0.609375 0.523438 0.042188 0.015625
1 0.729688 0.498437 0.026562 0.023438
1 0.813281 0.521094 0.025000 0.021875
1 0.916406 0.396875 0.026562 0.021875
1 0.868750 0.470313 0.035937 0.018750
1 0.747656 0.884375 0.021875 0.028125
1 0.764062 0.921094 0.025000 0.021875
1 0.776563 0.922656 0.034375 0.028125
