1 0.521094 0.119531 0.031250 0.037500
1 0.653906 0.206250 0.038281 0.050000
1 0.827344 0.210156 0.045312 0.050781
1 0.897656 0.264062 0.042188 0.059375
1 0.759375 0.307812 0.037500 0.064844
1 0.788281 0.310937 0.044531 0.060156
1 0.686719 0.336719 0.027344 0.060937
1 0.657031 0.406250 0.024219 0.086719
1 0.817969 0.710156 0.073438 0.122656
1 0.851562 0.502344 0.028125 0.085938
1 0.886719 0.452344 0.029687 0.074219
1 0.592187 0.489063 0.050000 0.063281
1 0.416406 0.215625 0.041406 0.045312
1 0.398438 0.304688 0.029687 0.060156
1 0.335938 0.346094 0.023438 0.069531
1 0.260156 0.336719 0.026562 0.067187
1 0.307812 0.486719 0.031250 0.081250
1 0.249219 0.587500 0.051562 0.070312
1 0.032031 0.467969 0.057813 0.052344
1 0.110156 0.175000 0.042969 0.041406
1 0.700000 0.313281 0.021875 0.045312
1 0.635938 0.211719 0.013281 0.032813
