1 0.089844 0.693750 0.037500 0.012500
1 0.135937 0.685156 0.043750 0.017188
1 0.129688 0.573438 0.040625 0.018750
1 0.179688 0.548438 0.050000 0.040625
1 0.167969 0.747656 0.043750 0.028125
1 0.232031 0.724219 0.054688 0.034375
1 0.242188 0.744531 0.059375 0.021875
1 0.181250 0.873437 0.042188 0.031250
1 0.242188 0.838281 0.050000 0.021875
1 0.255469 0.803906 0.054688 0.028125
1 0.153125 0.449219 0.046875 0.031250
1 0.190625 0.412500 0.050000 0.021875
1 0.266406 0.402344 0.046875 0.043750
1 0.305469 0.248438 0.053125 0.042188
1 0.328125 0.298438 0.059375 0.053125
1 0.411719 0.316406 0.056250 0.040625
1 0.400000 0.492969 0.059375 0.043750
1 0.409375 0.684375 0.065625 0.029687
1 0.476562 0.763281 0.053125 0.056250
1 0.574219 0.812500 0.081250 0.034375
1 0.756250 0.792969 0.090625 0.075000
1 0.775781 0.585156 0.121875 0.031250
1 0.801562 0.694531 0.151562 0.029687
