1 0.390625 0.855469 0.064844 0.077344
1 0.392969 0.803125 0.058594 0.062500
1 0.346094 0.825000 0.053125 0.088281
1 0.358594 0.754687 0.060156 0.057031
1 0.334375 0.704688 0.037500 0.103125
1 0.396094 0.492969 0.049219 0.100781
1 0.428125 0.510156 0.032813 0.085156
1 0.467187 0.527344 0.032031 0.089063
1 0.521094 0.406250 0.042969 0.084375
1 0.717969 0.632031 0.045312 0.082812
1 0.847656 0.493750 0.046875 0.084375
1 0.881250 0.518750 0.060156 0.085938
1 0.905469 0.559375 0.038281 0.104688
1 0.910937 0.657813 0.044531 0.084375
1 0.957031 0.628906 0.053125 0.079687
1 0.978125 0.678125 0.042188 0.073438
1 0.985156 0.716406 0.028125 0.067969
1 0.145313 0.197656 0.035937 0.057031
1 0.326562 0.682813 0.038281 0.113281
