1 0.328125 0.278125 0.070312 0.062500
1 0.405469 0.525781 0.092188 0.045312
1 0.471094 0.601562 0.087500 0.028125
1 0.610156 0.533594 0.050000 0.034375
1 0.586719 0.602344 0.040625 0.035937
1 0.661719 0.621094 0.042188 0.039062
1 0.705469 0.630469 0.043750 0.032813
1 0.725000 0.445312 0.046875 0.034375
1 0.765625 0.297656 0.043750 0.021875
1 0.785156 0.351562 0.050000 0.014063
1 0.841406 0.328125 0.035937 0.018750
1 0.845313 0.418750 0.037500 0.017188
1 0.826562 0.478906 0.037500 0.028125
1 0.839844 0.560156 0.042188 0.014063
1 0.778906 0.584375 0.045312 0.028125
1 0.805469 0.625000 0.043750 0.015625
1 0.775781 0.710156 0.037500 0.034375
1 0.703125 0.703125 0.050000 0.034375
1 0.410938 0.225781 0.095312 0.028125
1 0.388281 0.184375 0.042188 0.025000
1 0.746875 0.734375 0.039062 0.034375
1 0.353125 0.167187 0.056250 0.037500
1 0.871875 0.500781 0.031250 0.021875
1 0.882812 0.452344 0.031250 0.018750
1 0.814063 0.211719 0.034375 0.015625
1 0.814844 0.240625 0.032813 0.028125
1 0.807813 0.314063 0.026562 0.014063
