1 0.631250 0.334375 0.019531 0.074219
1 0.557031 0.242188 0.042969 0.055469
1 0.667188 0.200781 0.039062 0.045312
1 0.807813 0.314844 0.046875 0.056250
1 0.780469 0.661719 0.064844 0.100781
1 0.736719 0.444531 0.043750 0.081250
1 0.840625 0.836719 0.066406 0.121094
1 0.626563 0.792969 0.064844 0.130469
1 0.510938 0.462500 0.030469 0.094531
1 0.516406 0.628906 0.030469 0.134375
1 0.478125 0.871094 0.056250 0.127344
1 0.328125 0.788281 0.064062 0.083594
1 0.165625 0.600000 0.035937 0.121094
1 0.337500 0.429688 0.025000 0.083594
1 0.410156 0.276562 0.030469 0.064844
1 0.406250 0.110937 0.023438 0.054688
1 0.329688 0.215625 0.021094 0.075781
1 0.234375 0.142187 0.031250 0.044531
1 0.688281 0.239844 0.022656 0.039844
