1 0.404687 0.110937 0.071875 0.062500
1 0.498437 0.119531 0.071875 0.053125
1 0.484375 0.074219 0.054688 0.046875
1 0.300781 0.322656 0.087500 0.068750
1 0.307031 0.439844 0.126562 0.031250
1 0.604688 0.821094 0.056250 0.043750
1 0.553125 0.835156 0.071875 0.053125
1 0.516406 0.733594 0.053125 0.046875
1 0.573438 0.654687 0.053125 0.048438
1 0.525000 0.607031 0.059375 0.043750
1 0.682031 0.656250 0.056250 0.040625
1 0.699219 0.732031 0.043750 0.028125
1 0.759375 0.664844 0.051562 0.025000
1 0.820312 0.627344 0.037500 0.028125
1 0.847656 0.584375 0.032813 0.017188
1 0.785156 0.572656 0.046875 0.021875
1 0.822656 0.520312 0.040625 0.025000
1 0.850781 0.450781 0.029687 0.021875
1 0.785156 0.428125 0.043750 0.015625
1 0.789844 0.378906 0.046875 0.015625
1 0.860156 0.353906 0.043750 0.026562
1 0.806250 0.436719 0.031250 0.018750
1 0.833594 0.429688 0.020313 0.012500
1 0.689063 0.474219 0.046875 0.040625
1 0.525000 0.482031 0.053125 0.050000
1 0.443750 0.543750 0.059375 0.053125
