1 0.263281 0.155469 0.032813 0.050000
1 0.365625 0.213281 0.031250 0.068750
1 0.436719 0.115625 0.025000 0.056250
1 0.453125 0.279687 0.025000 0.062500
1 0.585156 0.240625 0.050000 0.059375
1 0.700000 0.198437 0.040625 0.046875
1 0.390625 0.434375 0.026562 0.078125
1 0.231250 0.625000 0.040625 0.109375
1 0.564063 0.457813 0.040625 0.098437
1 0.675000 0.331250 0.025000 0.078125
1 0.588281 0.623437 0.034375 0.117188
1 0.040625 0.475781 0.053125 0.112500
1 0.820312 0.634375 0.068750 0.106250
1 0.692187 0.766406 0.056250 0.123438
1 0.571094 0.865625 0.065625 0.128125
1 0.398438 0.804688 0.068750 0.100000
1 0.900000 0.788281 0.081250 0.128125
1 0.779687 0.427344 0.053125 0.059375
1 0.848437 0.309375 0.046875 0.053125
1 0.723437 0.238281 0.018750 0.040625
