1 0.338281 0.647656 0.045312 0.064062
1 0.653906 0.617969 0.019531 0.083594
1 0.690625 0.606250 0.070312 0.092969
1 0.781250 0.517969 0.037500 0.098437
1 0.942187 0.499219 0.064062 0.117188
1 0.748437 0.346094 0.064844 0.098437
1 0.533594 0.289844 0.042188 0.075000
1 0.374219 0.411719 0.032031 0.050781
1 0.325000 0.434375 0.035937 0.055469
1 0.395313 0.400000 0.059375 0.082812
1 0.289062 0.371094 0.030469 0.040625
1 0.293750 0.322656 0.050781 0.071094
1 0.309375 0.242188 0.039844 0.079687
1 0.210938 0.279687 0.045312 0.057031
1 0.350000 0.143750 0.025000 0.078125
1 0.405469 0.207813 0.016406 0.041406
1 0.400000 0.150781 0.048438 0.052344
1 0.425781 0.187500 0.017188 0.079687
1 0.447656 0.204687 0.021094 0.078906
1 0.356250 0.053906 0.047656 0.057031
1 0.303906 0.085156 0.039844 0.057813
1 0.217188 0.097656 0.020313 0.026562
1 0.202344 0.039844 0.046875 0.045312
1 0.146875 0.056250 0.028125 0.055469
1 0.111719 0.093750 0.014063 0.028906
1 0.076563 0.099219 0.048438 0.067969
1 0.802344 0.558594 0.020313 0.092969
1 0.158594 0.036719 0.017969 0.022656
