1 0.372656 0.310156 0.025000 0.015625
1 0.477344 0.398438 0.018750 0.015625
1 0.489063 0.501563 0.018750 0.012500
1 0.507812 0.487500 0.017188 0.010937
1 0.474219 0.520312 0.018750 0.009375
1 0.523438 0.574219 0.017188 0.009375
1 0.462500 0.593750 0.025000 0.014063
1 0.500000 0.610156 0.025000 0.012500
1 0.463281 0.642188 0.018750 0.018750
1 0.485156 0.678125 0.020313 0.014063
1 0.499219 0.666406 0.017188 0.014063
1 0.511719 0.558594 0.015625 0.009375
1 0.524219 0.603125 0.012500 0.012500
1 0.489844 0.562500 0.017188 0.009375
1 0.518750 0.551562 0.015625 0.006250
1 0.467969 0.715625 0.021875 0.009375
1 0.480469 0.782031 0.015625 0.012500
1 0.431250 0.447656 0.021875 0.012500
1 0.509375 0.525000 0.009375 0.006250
1 0.536719 0.432812 0.009375 0.009375
1 0.532031 0.410938 0.009375 0.006250
