1 0.658594 0.772656 0.101562 0.018750
1 0.738281 0.700781 0.084375 0.057813
1 0.593750 0.449219 0.100000 0.037500
1 0.513281 0.396875 0.087500 0.042188
1 0.383594 0.476562 0.062500 0.039062
1 0.407813 0.419531 0.065625 0.037500
1 0.294531 0.585156 0.059375 0.037500
1 0.267969 0.750781 0.046875 0.025000
1 0.221875 0.828125 0.029687 0.034375
1 0.221875 0.857812 0.050000 0.015625
1 0.218750 0.745313 0.025000 0.012500
1 0.178125 0.732031 0.034375 0.015625
1 0.240625 0.697656 0.054688 0.017188
1 0.168750 0.637500 0.043750 0.012500
1 0.130469 0.605469 0.031250 0.021875
1 0.133594 0.553906 0.032813 0.025000
1 0.185938 0.568750 0.043750 0.025000
1 0.157031 0.490625 0.042188 0.017188
1 0.220312 0.457031 0.043750 0.028125
1 0.185938 0.423438 0.043750 0.012500
1 0.283594 0.410938 0.050000 0.031250
1 0.204687 0.341406 0.040625 0.031250
1 0.277344 0.336719 0.051562 0.028125
1 0.233594 0.318750 0.037500 0.034375
1 0.740625 0.834375 0.051562 0.037500
1 0.692969 0.814844 0.070312 0.037500
1 0.327344 0.406250 0.037500 0.040625
