1 0.965625 0.738281 0.023438 0.056250
1 0.947656 0.642969 0.028125 0.078125
1 0.776563 0.613281 0.028125 0.042188
1 0.768750 0.605469 0.053125 0.137500
1 0.808594 0.842187 0.050000 0.146875
1 0.777344 0.942187 0.073438 0.075000
1 0.685156 0.975000 0.043750 0.043750
1 0.579688 0.869531 0.040625 0.050000
1 0.551562 0.335156 0.071875 0.068750
1 0.401562 0.482812 0.053125 0.064062
1 0.358594 0.472656 0.043750 0.062500
1 0.039062 0.590625 0.046875 0.121875
1 0.034375 0.735938 0.056250 0.073438
1 0.015625 0.907031 0.031250 0.118750
1 0.050000 0.861719 0.050000 0.128125
