1 0.660156 0.679688 0.071875 0.059375
1 0.583594 0.736719 0.090625 0.028125
1 0.642969 0.785937 0.079687 0.034375
1 0.511719 0.436719 0.095312 0.025000
1 0.457813 0.395313 0.075000 0.034375
1 0.396094 0.513281 0.059375 0.037500
1 0.371875 0.415625 0.050000 0.037500
1 0.296875 0.405469 0.043750 0.031250
1 0.262500 0.410938 0.045312 0.025000
1 0.192188 0.449219 0.043750 0.018750
1 0.142187 0.488281 0.040625 0.012500
1 0.170313 0.421875 0.037500 0.010937
1 0.251563 0.339062 0.050000 0.025000
1 0.210156 0.326562 0.037500 0.032813
1 0.187500 0.343750 0.037500 0.032813
1 0.207813 0.832031 0.037500 0.015625
1 0.203906 0.793750 0.031250 0.023438
1 0.246875 0.732812 0.043750 0.028125
1 0.219531 0.680469 0.046875 0.015625
1 0.201563 0.686719 0.028125 0.028125
1 0.166406 0.717969 0.037500 0.010937
1 0.197656 0.728125 0.026562 0.009375
1 0.263281 0.574219 0.050000 0.032813
1 0.152344 0.625781 0.040625 0.015625
1 0.115625 0.598437 0.031250 0.020313
1 0.164844 0.555469 0.043750 0.021875
1 0.119531 0.545312 0.031250 0.021875
1 0.612500 0.773438 0.040625 0.018750
