1 0.367969 0.216406 0.064062 0.034375
1 0.423438 0.265625 0.081250 0.025000
1 0.351562 0.320312 0.059375 0.059375
1 0.491406 0.563281 0.090625 0.025000
1 0.544531 0.604688 0.062500 0.031250
1 0.623437 0.584375 0.048438 0.037500
1 0.601562 0.485156 0.056250 0.037500
1 0.695312 0.592969 0.037500 0.028125
1 0.734375 0.666406 0.037500 0.018750
1 0.772656 0.673438 0.031250 0.031250
1 0.796094 0.656250 0.028125 0.028125
1 0.728125 0.587500 0.028125 0.021875
1 0.810156 0.578125 0.034375 0.012500
1 0.788281 0.551562 0.043750 0.015625
1 0.835156 0.511719 0.032813 0.012500
1 0.858594 0.452344 0.025000 0.025000
1 0.814063 0.443750 0.034375 0.021875
1 0.724219 0.424219 0.043750 0.026562
1 0.860938 0.403125 0.025000 0.018750
1 0.828125 0.374219 0.037500 0.015625
1 0.765625 0.320312 0.043750 0.018750
1 0.810156 0.281250 0.028125 0.010937
1 0.735938 0.268750 0.040625 0.025000
1 0.776563 0.208594 0.025000 0.020313
1 0.392969 0.225000 0.054688 0.018750
1 0.773438 0.169531 0.034375 0.015625
