1 0.532813 0.841406 0.053125 0.071875
1 0.628906 0.605469 0.114062 0.028125
1 0.703906 0.735938 0.057813 0.025000
1 0.828906 0.949219 0.064062 0.062500
1 0.946094 0.691406 0.103125 0.037500
1 0.939844 0.575781 0.101562 0.050000
1 0.808594 0.522656 0.075000 0.062500
1 0.859375 0.575000 0.053125 0.020313
1 0.521094 0.552344 0.120313 0.037500
1 0.391406 0.599219 0.112500 0.034375
1 0.482031 0.591406 0.115625 0.031250
1 0.314844 0.487500 0.118750 0.032813
1 0.274219 0.438281 0.137500 0.029687
1 0.664844 0.331250 0.131250 0.031250
1 0.879687 0.327344 0.112500 0.051562
1 0.053125 0.571094 0.103125 0.028125
1 0.042188 0.614844 0.084375 0.023438
1 0.033594 0.644531 0.062500 0.018750
1 0.107813 0.519531 0.042188 0.056250
1 0.032031 0.442188 0.056250 0.018750
1 0.023438 0.407813 0.040625 0.012500
1 0.351562 0.379688 0.093750 0.018750
1 0.196094 0.419531 0.081250 0.031250
1 0.779687 0.586719 0.053125 0.026562
