1 0.610938 0.233594 0.062500 0.031250
1 0.530469 0.191406 0.029687 0.040625
1 0.475000 0.225000 0.032813 0.040625
1 0.521875 0.246875 0.034375 0.032813
1 0.242188 0.190625 0.028125 0.018750
1 0.010937 0.322656 0.021875 0.012500
1 0.075781 0.136719 0.031250 0.018750
1 0.232031 0.221094 0.039062 0.031250
1 0.214844 0.267188 0.045312 0.037500
1 0.195312 0.320312 0.071875 0.028125
1 0.334375 0.432031 0.021875 0.021875
1 0.397656 0.454688 0.056250 0.028125
1 0.356250 0.470313 0.059375 0.034375
1 0.536719 0.467187 0.042188 0.042188
1 0.601562 0.087500 0.042188 0.021875
1 0.232813 0.282813 0.023438 0.010937
