1 0.401562 0.329688 0.062500 0.050000
1 0.631250 0.022656 0.046875 0.040625
1 0.692969 0.046094 0.059375 0.025000
1 0.657813 0.304688 0.053125 0.048438
1 0.630469 0.376563 0.046875 0.035937
1 0.690625 0.424219 0.045312 0.039062
1 0.745313 0.437500 0.048438 0.039062
1 0.829688 0.533594 0.039062 0.040625
1 0.775781 0.660937 0.035937 0.028125
1 0.524219 0.469531 0.079687 0.031250
1 0.472656 0.531250 0.084375 0.028125
1 0.144531 0.582031 0.106250 0.054688
1 0.556250 0.671094 0.059375 0.042188
1 0.486719 0.839844 0.059375 0.056250
1 0.620313 0.845313 0.075000 0.034375
1 0.668750 0.878125 0.040625 0.040625
1 0.701562 0.810156 0.040625 0.037500
1 0.717187 0.725781 0.062500 0.040625
1 0.767969 0.724219 0.040625 0.034375
1 0.725781 0.850781 0.029687 0.025000
1 0.783594 0.814063 0.039062 0.040625
1 0.781250 0.005469 0.050000 0.009375
1 0.735938 0.005469 0.025000 0.010937
1 0.739844 0.650000 0.025000 0.012500
1 0.717187 0.830469 0.050000 0.015625
1 0.757031 0.863281 0.059375 0.028125
