1 0.920312 0.072656 0.050000 0.054688
1 0.717969 0.085938 0.050000 0.056250
1 0.751563 0.221875 0.059375 0.054688
1 0.702344 0.201563 0.050000 0.053125
1 0.750781 0.325000 0.020313 0.090625
1 0.778906 0.324219 0.023438 0.071875
1 0.649219 0.522656 0.050000 0.104688
1 0.764844 0.539062 0.053125 0.126562
1 0.960156 0.553906 0.039062 0.096875
1 0.920312 0.890625 0.096875 0.135937
1 0.216406 0.683594 0.050000 0.087500
1 0.276562 0.489844 0.031250 0.103125
1 0.315625 0.308594 0.031250 0.098437
1 0.411719 0.082031 0.050000 0.053125
1 0.219531 0.282031 0.028125 0.087500
1 0.691406 0.077344 0.020313 0.046875
1 0.985938 0.495312 0.026562 0.070312
