1 0.496094 0.596875 0.053125 0.073438
1 0.589844 0.558594 0.025000 0.092188
1 0.625781 0.451562 0.040625 0.059375
1 0.552344 0.410156 0.037500 0.051562
1 0.656250 0.376563 0.043750 0.032813
1 0.675781 0.333594 0.037500 0.043750
1 0.223438 0.515625 0.043750 0.068750
1 0.169531 0.552344 0.037500 0.046875
1 0.253906 0.603906 0.062500 0.059375
1 0.806250 0.319531 0.042188 0.045312
1 0.786719 0.277344 0.034375 0.028125
1 0.696094 0.239063 0.017188 0.037500
1 0.645312 0.256250 0.034375 0.040625
1 0.631250 0.196875 0.021875 0.040625
1 0.749219 0.357031 0.039062 0.050000
1 0.492188 0.286719 0.034375 0.046875
1 0.546094 0.197656 0.031250 0.034375
1 0.578906 0.156250 0.025000 0.031250
1 0.489844 0.167187 0.021875 0.028125
1 0.417969 0.213281 0.021875 0.040625
1 0.363281 0.224219 0.018750 0.043750
1 0.308594 0.173437 0.035937 0.039062
1 0.409375 0.160938 0.021875 0.026562
1 0.533594 0.142187 0.015625 0.025000
1 0.188281 0.539062 0.028125 0.056250
