1 0.795312 0.434375 0.048438 0.051562
1 0.849219 0.581250 0.046875 0.101562
1 0.830469 0.664844 0.061719 0.108594
1 0.701562 0.557031 0.073438 0.071875
1 0.663281 0.637500 0.069531 0.067969
1 0.683594 0.421875 0.047656 0.059375
1 0.736719 0.342187 0.042188 0.053125
1 0.608594 0.226562 0.030469 0.043750
1 0.563281 0.285156 0.037500 0.054688
1 0.538281 0.550781 0.050000 0.086719
1 0.417969 0.582031 0.042969 0.071094
1 0.403906 0.484375 0.050000 0.063281
1 0.260156 0.655469 0.050781 0.117969
1 0.180469 0.589063 0.042969 0.078125
1 0.400000 0.335938 0.025000 0.064062
1 0.489063 0.335156 0.041406 0.056250
1 0.502344 0.234375 0.030469 0.039062
1 0.475000 0.203125 0.027344 0.039062
1 0.554688 0.178125 0.021875 0.032813
1 0.105469 0.428906 0.050781 0.061719
1 0.145313 0.373437 0.045312 0.057031
1 0.691406 0.220312 0.021094 0.047656
1 0.521094 0.203125 0.019531 0.045312
1 0.113281 0.369531 0.025781 0.041406
1 0.130469 0.369531 0.031250 0.028125
1 0.474219 0.147656 0.025000 0.038281
