1 0.194531 0.321094 0.059375 0.026562
1 0.214062 0.266406 0.040625 0.034375
1 0.232031 0.221094 0.035937 0.034375
1 0.242188 0.189062 0.021875 0.015625
1 0.079687 0.138281 0.021875 0.015625
1 0.334375 0.432812 0.015625 0.018750
1 0.354687 0.471875 0.057813 0.028125
1 0.412500 0.445312 0.062500 0.025000
1 0.535937 0.465625 0.040625 0.043750
1 0.478125 0.220312 0.035937 0.043750
1 0.525000 0.246875 0.028125 0.040625
1 0.530469 0.190625 0.037500 0.035937
1 0.610938 0.231250 0.065625 0.025000
1 0.598437 0.086719 0.040625 0.015625
1 0.010937 0.323437 0.020313 0.012500
1 0.238281 0.282813 0.018750 0.014063
1 0.204687 0.314844 0.035937 0.012500
