1 0.605469 0.087500 0.034375 0.014063
1 0.533594 0.189844 0.028125 0.032813
1 0.481250 0.221875 0.034375 0.045312
1 0.610938 0.232031 0.065625 0.025000
1 0.539844 0.465625 0.037500 0.042188
1 0.417187 0.443750 0.071875 0.023438
1 0.353125 0.466406 0.045312 0.037500
1 0.339844 0.433594 0.020313 0.020313
1 0.247656 0.189062 0.023438 0.015625
1 0.237500 0.221094 0.037500 0.029687
1 0.222656 0.267969 0.039062 0.034375
1 0.199219 0.320312 0.062500 0.028125
1 0.530469 0.243750 0.040625 0.035937
1 0.239063 0.282813 0.018750 0.015625
1 0.084375 0.135937 0.029687 0.023438
