1 0.896875 0.303125 0.068750 0.043750
1 0.642188 0.189062 0.068750 0.084375
1 0.585938 0.231250 0.039062 0.037500
1 0.422656 0.259375 0.062500 0.067187
1 0.366406 0.349219 0.053125 0.107813
1 0.051562 0.102344 0.075000 0.090625
1 0.182812 0.532031 0.087500 0.075000
1 0.144531 0.242969 0.064062 0.106250
1 0.168750 0.181250 0.098437 0.075000
1 0.227344 0.261719 0.040625 0.128125
1 0.224219 0.343750 0.067187 0.050000
1 0.270313 0.422656 0.053125 0.045312
1 0.354687 0.494531 0.062500 0.085938
1 0.317969 0.509375 0.046875 0.071875
1 0.346094 0.602344 0.031250 0.125000
1 0.319531 0.750000 0.060937 0.048438
1 0.324219 0.671094 0.021875 0.076563
1 0.344531 0.405469 0.064062 0.054688
1 0.514062 0.404687 0.076563 0.059375
1 0.412500 0.292969 0.076563 0.048438
1 0.577344 0.386719 0.053125 0.100000
1 0.562500 0.490625 0.026562 0.112500
1 0.600000 0.449219 0.023438 0.134375
1 0.655469 0.333594 0.028125 0.040625
1 0.672656 0.484375 0.060937 0.075000
1 0.641406 0.456250 0.025000 0.039062
1 0.571875 0.707031 0.031250 0.084375
1 0.647656 0.646094 0.035937 0.071875
1 0.644531 0.751563 0.039062 0.121875
1 0.658594 0.871094 0.062500 0.034375
1 0.778125 0.770312 0.021875 0.089063
1 0.690625 0.556250 0.075000 0.057813
1 0.782813 0.586719 0.084375 0.057813
1 0.721094 0.660156 0.018750 0.075000
1 0.764062 0.704688 0.043750 0.031250
1 0.817969 0.882031 0.046875 0.051562
1 0.830469 0.957812 0.037500 0.031250
1 0.798438 0.954688 0.020313 0.057813
1 0.847656 0.655469 0.031250 0.039062
1 0.857812 0.725781 0.050000 0.054688
1 0.830469 0.732031 0.029687 0.040625
1 0.013281 0.584375 0.021875 0.031250
1 0.742188 0.810937 0.034375 0.059375
1 0.593750 0.569531 0.043750 0.053125
