1 0.428906 0.080469 0.046875 0.111719
1 0.376563 0.133594 0.056250 0.069531
1 0.385937 0.275000 0.031250 0.109375
1 0.410156 0.292187 0.027344 0.117969
1 0.467187 0.316406 0.032031 0.100000
1 0.514062 0.389844 0.039062 0.039062
1 0.591406 0.479687 0.042188 0.039062
1 0.598437 0.550000 0.060156 0.095312
1 0.555469 0.625781 0.032031 0.117969
1 0.672656 0.671094 0.025000 0.086719
1 0.455469 0.748437 0.051562 0.098437
1 0.435156 0.703125 0.035937 0.125000
1 0.592969 0.246875 0.051562 0.096875
1 0.633594 0.276562 0.036719 0.058594
1 0.669531 0.263281 0.046094 0.035937
1 0.657031 0.168750 0.057031 0.106250
1 0.175000 0.845313 0.064062 0.057813
1 0.432031 0.945312 0.029687 0.104688
1 0.485938 0.969531 0.042188 0.057813
1 0.722656 0.959375 0.028906 0.078125
