1 0.317969 0.445312 0.038281 0.086719
1 0.417187 0.257031 0.060156 0.057031
1 0.423438 0.191406 0.049219 0.053906
1 0.441406 0.077344 0.050000 0.046875
1 0.426563 0.139063 0.042188 0.060937
1 0.479687 0.124219 0.050000 0.052344
1 0.537500 0.089063 0.049219 0.039062
1 0.538281 0.033594 0.040625 0.038281
1 0.491406 0.050781 0.046094 0.043750
1 0.512500 0.070312 0.042969 0.037500
1 0.422656 0.016406 0.049219 0.028906
1 0.474219 0.021094 0.050000 0.032813
1 0.632812 0.017969 0.042969 0.032031
1 0.510156 0.018750 0.046094 0.036719
