1 0.264844 0.841406 0.051562 0.068750
1 0.550000 0.952344 0.087500 0.057813
1 0.425000 0.737500 0.062500 0.037500
1 0.760938 0.690625 0.128125 0.028125
1 0.840625 0.596875 0.056250 0.028125
1 0.509375 0.589063 0.050000 0.023438
1 0.348438 0.604688 0.126562 0.032813
1 0.505469 0.527344 0.064062 0.065625
1 0.368750 0.339062 0.125000 0.032813
1 0.579688 0.321094 0.135937 0.034375
1 0.635156 0.576562 0.081250 0.065625
1 0.576562 0.577344 0.053125 0.025000
1 0.871094 0.517188 0.090625 0.065625
1 0.210156 0.603125 0.062500 0.060937
1 0.119531 0.603906 0.096875 0.034375
1 0.152344 0.560156 0.090625 0.051562
1 0.075781 0.383594 0.103125 0.025000
1 0.052344 0.498437 0.093750 0.039062
1 0.031250 0.443750 0.060937 0.032813
1 0.981250 0.589063 0.035937 0.032813
