1 0.203125 0.665625 0.018750 0.040625
1 0.278906 0.623437 0.012500 0.050000
1 0.338281 0.606250 0.021875 0.039062
1 0.350781 0.696875 0.018750 0.043750
1 0.367969 0.774219 0.017188 0.043750
1 0.414844 0.770312 0.021875 0.037500
1 0.432031 0.813281 0.021875 0.029687
1 0.399219 0.850781 0.015625 0.043750
1 0.402344 0.925000 0.018750 0.037500
1 0.379688 0.972656 0.025000 0.025000
1 0.300781 0.974219 0.015625 0.037500
1 0.482031 0.895312 0.020313 0.040625
1 0.507812 0.937500 0.023438 0.025000
1 0.476562 0.939063 0.021875 0.028125
1 0.496094 0.965625 0.007812 0.040625
1 0.488281 0.953906 0.006250 0.037500
1 0.652344 0.239844 0.018750 0.040625
1 0.648438 0.175000 0.020313 0.043750
