1 0.487500 0.342969 0.039062 0.056250
1 0.564844 0.425781 0.045312 0.068750
1 0.646875 0.425781 0.043750 0.065625
1 0.506250 0.532031 0.053125 0.073438
1 0.478125 0.200781 0.032813 0.045312
1 0.539844 0.238281 0.032813 0.053125
1 0.371094 0.218750 0.037500 0.046875
1 0.360938 0.154688 0.028125 0.039062
1 0.247656 0.157812 0.031250 0.040625
1 0.157031 0.188281 0.040625 0.040625
1 0.094531 0.292969 0.028125 0.050000
1 0.117188 0.362500 0.059375 0.075000
1 0.132812 0.445312 0.050000 0.076563
1 0.046094 0.495312 0.048438 0.046875
1 0.013281 0.781250 0.026562 0.096875
1 0.091406 0.839844 0.037500 0.115625
1 0.328125 0.471875 0.046875 0.065625
1 0.065625 0.169531 0.034375 0.037500
1 0.257812 0.100000 0.009375 0.029687
1 0.078125 0.257031 0.020313 0.043750
1 0.141406 0.360156 0.039062 0.065625
