2 0.1759 0.79322 0.18856 0.15824000000000002
2 0.22572 0.52808 0.11231999999999999 0.21033999999999997
2 0.89174 0.18828 0.11053999999999996 0.20402000000000003
2 0.1517 0.1144 0.11530000000000001 0.19578000000000004
2 0.67626 0.84368 0.0983800000000001 0.0716400000000001
2 0.603 0.82126 0.09301999999999998 0.23009999999999992
2 0.32846 0.12816 0.1914 0.13783999999999996
2 0.59004 0.52858 0.21472000000000002 0.09246000000000004
2 0.29484 0.5859 0.09193999999999997 0.06690000000000008
2 0.09698000000000001 0.0836 0.07372 0.08892000000000001
2 0.9321 0.26789999999999997 0.07866000000000008 0.07986000000000001
2 0.24322 0.21666 0.09359999999999996 0.06412000000000001
