2 0.27074000000000004 0.33598 0.10146000000000001 0.06796000000000003
2 0.1824 0.2377 0.06478000000000003 0.09660000000000002
2 0.03504 0.59746 0.04208 0.11092000000000007
2 0.14294 0.80662 0.10588 0.06125999999999999
2 0.36618 0.81136 0.04436000000000001 0.05327999999999997
2 0.55322 0.72574 0.10246000000000004 0.06851999999999998
2 0.75514 0.47868 0.07429999999999995 0.08536000000000002
2 0.4505 0.86082 0.16698000000000002 0.17837999999999987
2 0.23606 0.7632599999999999 0.08810000000000003 0.22546000000000005
2 0.11878 0.5494600000000001 0.16554000000000002 0.13494000000000006
2 0.19292 0.4182 0.21814000000000003 0.1324
2 0.1461 0.1182 0.08818000000000001 0.2324
2 0.6071599999999999 0.79622 0.09368000000000007 0.20355999999999994
2 0.68186 0.51578 0.09970000000000004 0.20755999999999994
