2 0.14772 0.09368000000000001 0.09544 0.07112
2 0.16084 0.30506 0.09706000000000001 0.05317999999999995
2 0.47206 0.2524 0.04875999999999999 0.09862000000000003
2 0.43701999999999996 0.33838 0.10787999999999999 0.04937999999999999
2 0.69616 0.20274 0.06001999999999998 0.10222000000000003
2 0.9097000000000001 0.51898 0.06555999999999995 0.12718000000000007
2 0.66972 0.56526 0.07481999999999994 0.09974000000000001
2 0.1375 0.59226 0.09038 0.043
2 0.2381 0.84312 0.10390000000000003 0.033740000000000006
2 0.14984 0.94652 0.07507999999999998 0.06225999999999999
2 0.6264400000000001 0.83204 0.10209999999999991 0.07025999999999999
2 0.82014 0.7961 0.07105999999999994 0.0783599999999999
2 0.21746 0.80044 0.21337999999999996 0.1006400000000001
2 0.5376599999999999 0.82348 0.08455999999999994 0.22233999999999993
2 0.58172 0.58994 0.22734 0.10009999999999991
2 0.16276 0.55196 0.18398 0.15929999999999994
2 0.10615999999999999 0.31124 0.18464 0.14365999999999995
2 0.103 0.174 0.206 0.064
2 0.4676 0.15919999999999998 0.17212000000000005 0.18314
2 0.37722 0.36082 0.10522000000000002 0.14603999999999998
2 0.66718 0.26974000000000004 0.18975999999999998 0.16715999999999998
2 0.86782 0.51528 0.1356400000000001 0.19977999999999999
