2 0.53942 0.48898 0.06685999999999996 0.09803999999999996
2 0.70762 0.13818 0.05125999999999999 0.10836000000000001
2 0.87118 0.18159999999999998 0.09246000000000004 0.07919999999999999
2 0.32327999999999996 0.43019999999999997 0.11458000000000004 0.07160000000000002
2 0.21508000000000002 0.51518 0.07413999999999998 0.08564000000000005
2 0.06958 0.18936 0.08318 0.10525999999999999
2 0.27224 0.87726 0.0715 0.08548000000000001
2 0.17744 0.9465800000000001 0.07889999999999998 0.0668599999999999
2 0.458 0.74634 0.092 0.05268000000000007
2 0.39004 0.8014 0.22391999999999995 0.061220000000000024
2 0.2341 0.8865 0.20504000000000003 0.15486000000000014
2 0.13518 0.51832 0.08634000000000001 0.23535999999999996
2 0.17492 0.19822 0.17383999999999997 0.17958
2 0.33176 0.26933999999999997 0.15648 0.18130000000000004
2 0.3985 0.52912 0.149 0.19376
2 0.6586799999999999 0.16424 0.1373599999999999 0.16446000000000002
2 0.8224600000000001 0.33146 0.08092000000000008 0.22910000000000003
