2 0.26276 0.86746 0.20191999999999996 0.11166000000000008
2 0.11714 0.35166000000000003 0.12728 0.17438
2 0.8374400000000001 0.55688 0.20918000000000006 0.11016000000000002
2 0.58194 0.49454000000000004 0.16716000000000003 0.17115999999999998
2 0.18468 0.34606 0.10704000000000002 0.07015999999999997
2 0.55892 0.18824000000000002 0.08418000000000006 0.09945999999999998
2 0.4363 0.8297599999999999 0.099 0.07918000000000007
2 0.48618000000000006 0.18638 0.08300000000000006 0.22562000000000001
2 0.33944 0.40118 0.16732000000000002 0.17064
2 0.24486000000000002 0.7749199999999999 0.10676 0.07172000000000003
2 0.36286 0.50046 0.06508000000000004 0.06793999999999994
2 0.71478 0.16988 0.062279999999999974 0.08698000000000002
2 0.81812 0.61718 0.10346000000000004 0.05192000000000007
2 0.33274000000000004 0.06948 0.07868000000000007 0.09135999999999998
2 0.39682 0.7439 0.18238 0.13805999999999993
2 0.77242 0.17388 0.07157999999999992 0.23226
2 0.6031799999999999 0.5970599999999999 0.10753999999999997 0.07077999999999997
2 0.6952 0.9307000000000001 0.05324000000000001 0.13466000000000009
2 0.036899999999999995 0.61786 0.05789999999999999 0.09874000000000001
2 0.9060199999999999 0.52774 0.05916000000000008 0.11509999999999997
