2 0.20113999999999999 0.09409999999999999 0.041740000000000006 0.12283999999999999
2 0.13574 0.2833 0.08804000000000002 0.058460000000000005
2 0.24028 0.4403 0.10104000000000002 0.08567999999999995
2 0.09688 0.56214 0.07612000000000001 0.05859999999999991
2 0.44702 0.31468 0.05272000000000003 0.08756000000000005
2 0.72746 0.2863 0.11175999999999998 0.07496000000000001
2 0.5939800000000001 0.5917 0.11509999999999991 0.06274
2 0.50692 0.73624 0.09452000000000003 0.08296000000000003
2 0.88518 0.46508 0.10251999999999999 0.054539999999999964
2 0.8123400000000001 0.8048 0.08746000000000004 0.08990000000000009
2 0.57462 0.94476 0.21937999999999994 0.09725999999999999
2 0.4385 0.79818 0.15375999999999998 0.16044000000000005
2 0.7399 0.82192 0.08603999999999996 0.24331999999999993
2 0.8074 0.4448 0.1114000000000001 0.20895999999999998
2 0.5349400000000001 0.53062 0.14420000000000005 0.17437999999999995
2 0.44712 0.40372 0.14992000000000003 0.16853999999999997
2 0.33174000000000003 0.45402 0.16798000000000002 0.16584
2 0.16368000000000002 0.25416 0.18819999999999995 0.08028000000000003
2 0.64748 0.23886000000000002 0.20694000000000007 0.09368000000000004
2 0.26938 0.14874 0.16677999999999998 0.14887999999999998
