1 0.515625 0.654687 0.037500 0.048438
1 0.342969 0.654687 0.078125 0.025000
1 0.376563 0.636719 0.073438 0.025000
1 0.171875 0.503125 0.067187 0.028125
1 0.195312 0.447656 0.053125 0.037500
1 0.209375 0.400000 0.040625 0.034375
1 0.218750 0.367969 0.031250 0.018750
1 0.053906 0.317188 0.028125 0.015625
1 0.485938 0.417969 0.071875 0.025000
1 0.510938 0.375000 0.042188 0.039062
1 0.591406 0.416406 0.070312 0.031250
1 0.314063 0.614062 0.015625 0.015625
1 0.636719 0.247656 0.029687 0.017188
1 0.510156 0.443750 0.050000 0.012500
1 0.721094 0.025781 0.075000 0.034375
1 0.183594 0.497656 0.031250 0.015625
1 0.213281 0.461719 0.018750 0.015625
