1 0.041406 0.851562 0.046094 0.051562
1 0.118750 0.967969 0.034375 0.057813
1 0.195312 0.939063 0.067187 0.115625
1 0.167969 0.610156 0.046094 0.064062
1 0.255469 0.801562 0.075781 0.089844
1 0.275000 0.546094 0.053125 0.128906
1 0.292187 0.877344 0.042188 0.147656
1 0.421875 0.662500 0.051562 0.056250
1 0.622656 0.847656 0.056250 0.133594
1 0.570312 0.737500 0.028125 0.058594
1 0.514844 0.692187 0.032813 0.068750
1 0.599219 0.670312 0.039844 0.044531
1 0.611719 0.617969 0.035156 0.057031
1 0.542969 0.619531 0.070312 0.082812
1 0.529687 0.542188 0.064844 0.065625
1 0.582031 0.544531 0.025000 0.094531
1 0.617188 0.536719 0.071094 0.118750
1 0.654687 0.508594 0.035937 0.058594
1 0.613281 0.414062 0.040625 0.042188
1 0.600000 0.446094 0.069531 0.107813
1 0.684375 0.434375 0.047656 0.134375
1 0.521094 0.294531 0.044531 0.135937
1 0.468750 0.295312 0.066406 0.108594
1 0.300781 0.385937 0.081250 0.091406
1 0.850781 0.446875 0.041406 0.062500
1 0.822656 0.381250 0.078125 0.121094
1 0.774219 0.268750 0.045312 0.150781
1 0.807031 0.100781 0.071875 0.121875
1 0.946875 0.092969 0.053906 0.064062
1 0.617969 0.149219 0.078125 0.125000
1 0.553906 0.046875 0.050781 0.091406
1 0.336719 0.822656 0.042969 0.146094
1 0.408594 0.804688 0.072656 0.081250
1 0.420312 0.755469 0.062500 0.116406
1 0.517188 0.762500 0.041406 0.071094
1 0.062500 0.041406 0.074219 0.069531
1 0.524219 0.810156 0.039844 0.057813
1 0.370312 0.748437 0.020313 0.054688
1 0.351562 0.827344 0.027344 0.071094
