1 0.680469 0.955469 0.100000 0.040625
1 0.444531 0.666406 0.128125 0.054688
1 0.283594 0.641406 0.093750 0.084375
1 0.707031 0.530469 0.090625 0.068750
1 0.667969 0.428906 0.059375 0.040625
1 0.596094 0.428125 0.067187 0.034375
1 0.718750 0.418750 0.056250 0.028125
1 0.568750 0.521875 0.046875 0.053125
1 0.699219 0.692187 0.093750 0.078125
1 0.882812 0.822656 0.092188 0.034375
1 0.846094 0.748437 0.125000 0.065625
1 0.783594 0.653125 0.134375 0.046875
1 0.724219 0.603906 0.150000 0.040625
1 0.652344 0.574219 0.062500 0.028125
1 0.650000 0.523438 0.115625 0.054688
1 0.643750 0.375000 0.056250 0.025000
1 0.515625 0.333594 0.059375 0.034375
1 0.576562 0.346875 0.043750 0.040625
1 0.513281 0.393750 0.087500 0.065625
1 0.438281 0.410938 0.075000 0.068750
1 0.338281 0.343750 0.103125 0.062500
1 0.328125 0.259375 0.134375 0.046875
1 0.443750 0.364063 0.087500 0.029687
1 0.437500 0.323437 0.109375 0.068750
1 0.408594 0.289062 0.051562 0.032813
1 0.310156 0.330469 0.040625 0.040625
1 0.184375 0.471875 0.095312 0.068750
1 0.187500 0.423438 0.134375 0.050000
1 0.328906 0.082031 0.060937 0.037500
1 0.245312 0.100000 0.115625 0.071875
1 0.160156 0.170313 0.146875 0.046875
1 0.023438 0.147656 0.043750 0.056250
1 0.054688 0.327344 0.104688 0.081250
1 0.746875 0.321875 0.131250 0.050000
1 0.977344 0.509375 0.043750 0.085938
1 0.753906 0.907031 0.040625 0.042188
1 0.962500 0.893750 0.071875 0.067187
1 0.975781 0.964844 0.046875 0.042188
1 0.514062 0.775000 0.068750 0.039062
