1 0.645312 0.406250 0.073438 0.037500
1 0.520312 0.560937 0.037500 0.059375
1 0.242969 0.587500 0.087500 0.039062
1 0.403906 0.302344 0.067187 0.050000
1 0.571094 0.160156 0.053125 0.071875
1 0.320312 0.311719 0.084375 0.028125
1 0.270313 0.310156 0.059375 0.050000
1 0.263281 0.394531 0.051562 0.062500
1 0.646094 0.652344 0.075000 0.034375
1 0.509375 0.686719 0.081250 0.046875
1 0.479687 0.702344 0.076563 0.046875
1 0.540625 0.726562 0.106250 0.018750
1 0.548438 0.743750 0.101562 0.026562
1 0.565625 0.703906 0.103125 0.023438
1 0.567969 0.668750 0.075000 0.053125
1 0.696875 0.777344 0.053125 0.053125
