1 0.528125 0.482031 0.043750 0.078125
1 0.472656 0.585938 0.040625 0.109375
1 0.453906 0.900000 0.068750 0.050000
1 0.456250 0.348438 0.028125 0.121875
1 0.820312 0.941406 0.028125 0.075000
1 0.908594 0.879687 0.026562 0.043750
1 0.765625 0.235937 0.032813 0.125000
1 0.846094 0.117188 0.065625 0.073438
1 0.958594 0.060156 0.028125 0.078125
1 0.778125 0.039844 0.040625 0.076563
1 0.340625 0.386719 0.028125 0.050000
1 0.287500 0.410938 0.059375 0.046875
1 0.339062 0.038281 0.037500 0.043750
1 0.317188 0.091406 0.028125 0.125000
1 0.102344 0.028125 0.028125 0.050000
1 0.102344 0.063281 0.034375 0.050000
1 0.117969 0.492969 0.015625 0.046875
1 0.128906 0.482031 0.035937 0.118750
1 0.837500 0.086719 0.021875 0.034375
1 0.435937 0.933594 0.015625 0.046875
