1 0.254688 0.133594 0.057813 0.064844
1 0.128125 0.410156 0.032813 0.096094
1 0.242188 0.362500 0.062500 0.053906
1 0.242188 0.400000 0.073438 0.049219
1 0.239844 0.437500 0.076563 0.071875
1 0.296875 0.415625 0.075781 0.078906
1 0.476562 0.322656 0.045312 0.084375
1 0.542188 0.552344 0.028906 0.135937
1 0.669531 0.511719 0.053125 0.144531
1 0.554688 0.032031 0.045312 0.054688
1 0.823438 0.302344 0.037500 0.105469
1 0.830469 0.530469 0.076563 0.114062
1 0.054688 0.417969 0.038281 0.106250
1 0.816406 0.742969 0.039844 0.146094
