1 0.438281 0.165625 0.090625 0.050000
1 0.462500 0.122656 0.065625 0.065625
1 0.790625 0.286719 0.123438 0.035937
1 0.810156 0.430469 0.065625 0.023438
1 0.858594 0.441406 0.121875 0.043750
1 0.970313 0.591406 0.054688 0.031250
1 0.943750 0.617969 0.109375 0.031250
1 0.630469 0.589063 0.042188 0.028125
1 0.563281 0.612500 0.046875 0.021875
1 0.540625 0.642188 0.048438 0.025000
1 0.611719 0.668750 0.045312 0.031250
1 0.422656 0.807031 0.071875 0.064062
1 0.484375 0.621875 0.118750 0.045312
1 0.380469 0.612500 0.060937 0.028125
1 0.499219 0.367188 0.059375 0.025000
1 0.428906 0.320312 0.128125 0.037500
1 0.189062 0.285156 0.059375 0.032813
1 0.428906 0.391406 0.068750 0.031250
1 0.217188 0.447656 0.070312 0.020313
1 0.032813 0.384375 0.062500 0.067187
1 0.050000 0.617188 0.087500 0.043750
1 0.253125 0.503125 0.053125 0.068750
1 0.352344 0.515625 0.128125 0.034375
1 0.320312 0.553906 0.125000 0.040625
