1 0.192969 0.784375 0.057813 0.118750
1 0.240625 0.589844 0.048438 0.146875
1 0.285938 0.414844 0.063281 0.092969
1 0.356250 0.196094 0.051562 0.054688
1 0.599219 0.542188 0.069531 0.111719
1 0.089063 0.125000 0.050781 0.068750
1 0.462500 0.050781 0.042188 0.042969
1 0.714844 0.563281 0.057813 0.131250
1 0.685937 0.365625 0.046094 0.100000
1 0.636719 0.378906 0.049219 0.082031
1 0.629687 0.265625 0.053125 0.068750
1 0.629687 0.155469 0.050781 0.056250
1 0.787500 0.121094 0.045312 0.060156
1 0.867969 0.196875 0.053906 0.060937
1 0.894531 0.456250 0.042969 0.104688
1 0.871875 0.553906 0.048438 0.140625
1 0.882812 0.814063 0.103125 0.143750
1 0.175781 0.406250 0.027344 0.090625
1 0.618750 0.253125 0.058594 0.051562
