1 0.272656 0.674219 0.080469 0.114844
1 0.404687 0.475000 0.065625 0.107813
1 0.378906 0.342187 0.053906 0.071875
1 0.459375 0.671875 0.081250 0.065625
1 0.598437 0.731250 0.072656 0.075000
1 0.785156 0.293750 0.046875 0.103125
1 0.642969 0.310937 0.050000 0.100000
1 0.431250 0.211719 0.033594 0.080469
1 0.346875 0.071094 0.054688 0.051562
1 0.526563 0.229687 0.058594 0.066406
1 0.450000 0.132812 0.047656 0.053906
1 0.571875 0.042188 0.034375 0.024219
1 0.967969 0.468750 0.060937 0.082031
1 0.950781 0.729688 0.080469 0.087500
1 0.758594 0.057813 0.031250 0.052344
1 0.476562 0.132031 0.047656 0.034375
