1 0.650000 0.285156 0.028125 0.034375
1 0.646875 0.319531 0.015625 0.040625
1 0.578125 0.264062 0.009375 0.031250
1 0.552344 0.256250 0.009375 0.031250
1 0.523438 0.235937 0.014063 0.031250
1 0.549219 0.328906 0.028125 0.031250
1 0.568750 0.456250 0.021875 0.059375
1 0.528906 0.480469 0.035937 0.054688
1 0.532031 0.401562 0.028125 0.039062
1 0.398438 0.419531 0.029687 0.043750
1 0.462500 0.251563 0.025000 0.034375
1 0.458594 0.219531 0.018750 0.025000
1 0.431250 0.213281 0.015625 0.025000
1 0.407031 0.236719 0.010937 0.034375
1 0.431250 0.375781 0.028125 0.037500
1 0.403906 0.344531 0.012500 0.037500
1 0.352344 0.293750 0.017188 0.042188
1 0.314844 0.303125 0.021875 0.032813
1 0.276562 0.485156 0.029687 0.053125
1 0.258594 0.506250 0.012500 0.040625
1 0.244531 0.624219 0.025000 0.042188
1 0.173437 0.925000 0.062500 0.090625
1 0.325000 0.257812 0.009375 0.031250
1 0.153125 0.632812 0.043750 0.050000
1 0.654687 0.272656 0.020313 0.025000
1 0.281250 0.295312 0.010937 0.031250
1 0.228125 0.268750 0.018750 0.028125
