1 0.255469 0.599219 0.050000 0.128125
1 0.297656 0.701562 0.034375 0.084375
1 0.354687 0.733594 0.079687 0.100000
1 0.455469 0.515625 0.064062 0.096875
1 0.371094 0.547656 0.059375 0.101562
1 0.389844 0.627344 0.050000 0.034375
1 0.432031 0.697656 0.057813 0.109375
1 0.437500 0.803906 0.078125 0.079687
1 0.397656 0.212500 0.023438 0.085938
1 0.328906 0.327344 0.023438 0.090625
1 0.418750 0.302344 0.040625 0.046875
1 0.523438 0.420312 0.028125 0.085938
1 0.592969 0.570312 0.039062 0.045312
1 0.651563 0.519531 0.065625 0.104688
1 0.541406 0.686719 0.075000 0.064062
1 0.602344 0.378906 0.051562 0.115625
1 0.792969 0.539844 0.059375 0.110937
1 0.702344 0.321094 0.031250 0.125000
1 0.653125 0.229687 0.071875 0.084375
1 0.742188 0.255469 0.037500 0.121875
1 0.816406 0.246094 0.073438 0.071875
1 0.825781 0.098437 0.057813 0.057813
1 0.566406 0.046875 0.037500 0.048438
1 0.907031 0.139844 0.032813 0.062500
1 0.907813 0.212500 0.040625 0.059375
1 0.902344 0.595313 0.042188 0.065625
1 0.021094 0.964063 0.040625 0.046875
1 0.074219 0.898438 0.031250 0.054688
1 0.103906 0.940625 0.068750 0.106250
1 0.206250 0.920312 0.043750 0.071875
1 0.244531 0.954688 0.079687 0.084375
1 0.217969 0.792188 0.078125 0.071875
1 0.179688 0.754687 0.040625 0.053125
1 0.160938 0.731250 0.053125 0.057813
1 0.100000 0.775000 0.078125 0.059375
1 0.165625 0.825781 0.037500 0.037500
1 0.067969 0.626563 0.034375 0.081250
1 0.254688 0.678125 0.045312 0.056250
1 0.242969 0.728125 0.045312 0.045312
1 0.764062 0.192969 0.025000 0.053125
1 0.814844 0.177344 0.050000 0.096875
1 0.685156 0.025781 0.037500 0.050000
1 0.943750 0.059375 0.068750 0.065625
1 0.980469 0.016406 0.035937 0.032813
1 0.991406 0.069531 0.014063 0.057813
1 0.983594 0.121094 0.029687 0.042188
1 0.960938 0.187500 0.028125 0.060937
1 0.915625 0.267969 0.025000 0.050000
1 0.612500 0.945312 0.057813 0.098437
