1 0.550000 0.769531 0.079687 0.029687
1 0.574219 0.808594 0.040625 0.025000
1 0.600781 0.828125 0.053125 0.037500
1 0.633594 0.725000 0.067187 0.068750
1 0.257031 0.254688 0.039062 0.037500
1 0.285938 0.232031 0.040625 0.040625
1 0.325781 0.275000 0.045312 0.031250
1 0.316406 0.347656 0.043750 0.035937
1 0.360156 0.360938 0.046875 0.040625
1 0.430469 0.379688 0.046875 0.040625
1 0.537500 0.397656 0.087500 0.031250
1 0.589063 0.479687 0.078125 0.051562
1 0.400000 0.453906 0.059375 0.037500
1 0.221094 0.342969 0.046875 0.015625
1 0.242969 0.387500 0.045312 0.034375
1 0.185938 0.407813 0.045312 0.018750
1 0.149219 0.462500 0.034375 0.026562
1 0.185938 0.746094 0.037500 0.018750
1 0.192188 0.724219 0.034375 0.025000
1 0.237500 0.671875 0.046875 0.018750
1 0.221875 0.617969 0.051562 0.018750
1 0.168750 0.546875 0.037500 0.015625
1 0.138281 0.510938 0.029687 0.018750
1 0.193750 0.489844 0.042188 0.031250
1 0.285938 0.530469 0.043750 0.034375
1 0.169531 0.633594 0.039062 0.018750
