1 0.366406 0.278906 0.028125 0.034375
1 0.238281 0.231250 0.031250 0.032813
1 0.089844 0.456250 0.045312 0.046875
1 0.300000 0.312500 0.018750 0.037500
1 0.276562 0.317969 0.018750 0.050000
1 0.697656 0.384375 0.023438 0.025000
1 0.682031 0.367969 0.018750 0.026562
1 0.757031 0.364844 0.023438 0.028125
1 0.525000 0.146094 0.026562 0.031250
1 0.292969 0.300000 0.018750 0.048438
1 0.265625 0.220312 0.029687 0.031250
1 0.164062 0.135156 0.018750 0.034375
1 0.320312 0.210156 0.028125 0.031250
1 0.306250 0.203906 0.023438 0.029687
1 0.330469 0.194531 0.028125 0.025000
1 0.320312 0.185156 0.025000 0.018750
1 0.332813 0.173437 0.017188 0.031250
1 0.358594 0.153125 0.021875 0.025000
1 0.384375 0.160938 0.012500 0.025000
1 0.414062 0.141406 0.018750 0.021875
1 0.194531 0.092969 0.018750 0.031250
1 0.210938 0.100781 0.012500 0.020313
1 0.094531 0.037500 0.025000 0.028125
1 0.556250 0.173437 0.025000 0.034375
1 0.564063 0.177344 0.018750 0.032813
1 0.567969 0.208594 0.018750 0.037500
1 0.582031 0.194531 0.017188 0.026562
1 0.624219 0.236719 0.023438 0.035937
1 0.610938 0.225000 0.029687 0.040625
1 0.603125 0.219531 0.023438 0.040625
1 0.598437 0.212500 0.021875 0.034375
1 0.678125 0.400000 0.015625 0.045312
1 0.713281 0.353906 0.020313 0.037500
1 0.706250 0.342969 0.018750 0.034375
1 0.722656 0.319531 0.021875 0.021875
1 0.727344 0.346875 0.015625 0.025000
1 0.739062 0.335938 0.015625 0.040625
1 0.761719 0.346875 0.018750 0.031250
1 0.745313 0.192969 0.018750 0.026562
