1 0.919531 0.297656 0.035937 0.081250
1 0.834375 0.182812 0.054688 0.059375
1 0.657813 0.189062 0.056250 0.059375
1 0.616406 0.285156 0.050000 0.048438
1 0.640625 0.307812 0.059375 0.060937
1 0.603906 0.427344 0.059375 0.078125
1 0.675781 0.407813 0.048438 0.075000
1 0.883594 0.570312 0.053125 0.093750
1 0.841406 0.669531 0.040625 0.153125
1 0.662500 0.632031 0.054688 0.151562
1 0.545312 0.589844 0.050000 0.121875
1 0.300000 0.377344 0.065625 0.068750
1 0.375781 0.171875 0.054688 0.056250
1 0.154688 0.064844 0.043750 0.050000
1 0.048438 0.100781 0.046875 0.062500
1 0.178125 0.330469 0.034375 0.096875
1 0.120313 0.677344 0.060937 0.100000
1 0.206250 0.500000 0.043750 0.118750
1 0.796875 0.936719 0.093750 0.121875
1 0.506250 0.050000 0.043750 0.046875
