1 0.307812 0.280469 0.034375 0.053125
1 0.344531 0.250000 0.032813 0.037500
1 0.432031 0.235937 0.034375 0.045312
1 0.342969 0.335156 0.021875 0.035937
1 0.391406 0.454688 0.017188 0.071875
1 0.430469 0.534375 0.018750 0.079687
1 0.189062 0.516406 0.031250 0.065625
1 0.053125 0.280469 0.039062 0.037500
1 0.075000 0.223438 0.021875 0.040625
1 0.055469 0.178906 0.035937 0.032813
1 0.067187 0.145313 0.025000 0.040625
1 0.553906 0.161719 0.028125 0.037500
1 0.603125 0.471875 0.040625 0.046875
1 0.375781 0.893750 0.045312 0.129688
1 0.773438 0.592969 0.057813 0.062500
1 0.835156 0.460938 0.031250 0.081250
1 0.714844 0.316406 0.029687 0.065625
1 0.739062 0.267969 0.031250 0.043750
1 0.671094 0.241406 0.031250 0.043750
1 0.846094 0.256250 0.037500 0.046875
1 0.903906 0.303125 0.031250 0.054688
1 0.819531 0.343750 0.040625 0.046875
1 0.850781 0.342969 0.028125 0.046875
1 0.842187 0.325000 0.015625 0.031250
1 0.886719 0.416406 0.031250 0.056250
1 0.647656 0.275781 0.012500 0.021875
