1 0.271875 0.633594 0.095312 0.068750
1 0.306250 0.479687 0.068750 0.081250
1 0.250781 0.296875 0.109375 0.070312
1 0.514062 0.413281 0.112500 0.050000
1 0.643750 0.372656 0.079687 0.054688
1 0.936719 0.314844 0.056250 0.053125
1 0.875000 0.480469 0.059375 0.028125
1 0.894531 0.438281 0.046875 0.043750
1 0.790625 0.452344 0.057813 0.046875
1 0.786719 0.417187 0.078125 0.031250
1 0.720313 0.633594 0.085938 0.045312
1 0.761719 0.764844 0.096875 0.043750
1 0.623437 0.938281 0.078125 0.064062
1 0.352344 0.950000 0.093750 0.064062
1 0.982031 0.717187 0.034375 0.032813
1 0.986719 0.539062 0.021875 0.028125
