1 0.062500 0.415625 0.062500 0.086719
1 0.034375 0.321094 0.031250 0.078906
1 0.055469 0.167187 0.042969 0.050000
1 0.233594 0.435156 0.046094 0.075000
1 0.549219 0.678125 0.032031 0.149219
1 0.652344 0.387500 0.053906 0.057813
1 0.651563 0.253125 0.050781 0.054688
1 0.533594 0.325000 0.055469 0.060937
1 0.394531 0.551562 0.055469 0.079687
1 0.320312 0.405469 0.027344 0.097656
1 0.242969 0.295312 0.036719 0.062500
1 0.610156 0.528906 0.065625 0.075000
1 0.632812 0.610938 0.067969 0.070312
1 0.689063 0.088281 0.021875 0.053906
1 0.584375 0.071094 0.033594 0.040625
1 0.502344 0.125000 0.039844 0.047656
1 0.400000 0.163281 0.033594 0.054688
1 0.466406 0.076563 0.031250 0.039062
1 0.485156 0.048438 0.032031 0.034375
1 0.458594 0.014844 0.026562 0.028906
1 0.508594 0.018750 0.028125 0.032031
1 0.100781 0.117188 0.042969 0.043750
1 0.547656 0.037500 0.016406 0.026562
1 0.553125 0.010156 0.023438 0.019531
1 0.086719 0.098437 0.017188 0.014063
1 0.097656 0.100781 0.027344 0.014844
