1 0.067969 0.232031 0.037500 0.043750
1 0.202344 0.462500 0.023438 0.065625
1 0.307031 0.192188 0.034375 0.034375
1 0.332813 0.233594 0.031250 0.045312
1 0.403906 0.417969 0.021875 0.075000
1 0.442969 0.194531 0.028125 0.040625
1 0.440625 0.500781 0.018750 0.081250
1 0.567969 0.123438 0.028125 0.040625
1 0.620313 0.435937 0.034375 0.053125
1 0.685937 0.204687 0.032813 0.043750
1 0.761719 0.234375 0.037500 0.046875
1 0.730469 0.299219 0.025000 0.064062
1 0.813281 0.310937 0.042188 0.035937
1 0.848437 0.322656 0.032813 0.043750
1 0.871875 0.225781 0.028125 0.045312
1 0.924219 0.274219 0.031250 0.062500
1 0.895312 0.407813 0.028125 0.062500
1 0.855469 0.445312 0.025000 0.090625
1 0.785156 0.570312 0.059375 0.068750
1 0.379688 0.868750 0.037500 0.143750
1 0.076563 0.097656 0.023438 0.040625
1 0.068750 0.129688 0.034375 0.029687
1 0.085156 0.176563 0.023438 0.040625
1 0.354687 0.293750 0.018750 0.031250
1 0.865625 0.320312 0.015625 0.050000
1 0.661719 0.240625 0.015625 0.031250
