1 0.200000 0.735938 0.040625 0.062500
1 0.370312 0.482812 0.015625 0.034375
1 0.474219 0.597656 0.039062 0.048438
1 0.447656 0.425000 0.021875 0.031250
1 0.563281 0.514844 0.023438 0.039062
1 0.647656 0.662500 0.034375 0.046875
1 0.089844 0.439063 0.032813 0.034375
1 0.149219 0.488281 0.015625 0.028125
1 0.137500 0.528125 0.031250 0.039062
1 0.439063 0.489063 0.018750 0.023438
1 0.530469 0.534375 0.023438 0.040625
1 0.758594 0.513281 0.028125 0.035937
1 0.815625 0.449219 0.015625 0.031250
1 0.764844 0.426563 0.021875 0.025000
1 0.733594 0.435156 0.026562 0.034375
1 0.578125 0.440625 0.009375 0.031250
1 0.646875 0.498437 0.021875 0.031250
1 0.648438 0.409375 0.025000 0.025000
1 0.653906 0.390625 0.025000 0.020313
1 0.510156 0.367969 0.021875 0.021875
1 0.725781 0.374219 0.018750 0.026562
1 0.750781 0.382031 0.012500 0.023438
1 0.753125 0.403125 0.028125 0.021875
1 0.071094 0.476562 0.021875 0.034375
1 0.607031 0.389844 0.018750 0.025000
1 0.608594 0.413281 0.009375 0.020313
1 0.113281 0.635938 0.021875 0.025000
1 0.132031 0.635938 0.018750 0.021875
1 0.758594 0.406250 0.021875 0.021875
