1 0.921094 0.380469 0.068750 0.037500
1 0.895312 0.103906 0.125000 0.056250
1 0.838281 0.130469 0.065625 0.046875
1 0.794531 0.163281 0.117188 0.053125
1 0.810937 0.283594 0.084375 0.085938
1 0.707812 0.267969 0.110937 0.065625
1 0.814844 0.456250 0.112500 0.057813
1 0.610938 0.362500 0.050000 0.043750
1 0.503125 0.378125 0.131250 0.045312
1 0.566406 0.200781 0.106250 0.068750
1 0.453906 0.290625 0.143750 0.037500
1 0.454688 0.226562 0.035937 0.021875
1 0.418750 0.246094 0.075000 0.021875
1 0.749219 0.050000 0.075000 0.053125
1 0.666406 0.075781 0.087500 0.029687
1 0.598437 0.044531 0.093750 0.026562
1 0.288281 0.048438 0.131250 0.040625
1 0.285156 0.096094 0.109375 0.060937
1 0.171875 0.225000 0.118750 0.068750
1 0.611719 0.608594 0.065625 0.084375
1 0.392969 0.675000 0.134375 0.031250
1 0.539062 0.800000 0.071875 0.028125
1 0.224219 0.753125 0.037500 0.034375
1 0.372656 0.186719 0.032813 0.040625
1 0.060156 0.510938 0.115625 0.065625
1 0.092969 0.565625 0.084375 0.071875
1 0.094531 0.730469 0.067187 0.079687
1 0.064062 0.810937 0.120313 0.068750
1 0.252344 0.905469 0.078125 0.043750
1 0.275000 0.953125 0.053125 0.032813
1 0.383594 0.933594 0.085938 0.062500
1 0.017188 0.575781 0.032813 0.018750
1 0.942187 0.195312 0.045312 0.025000
1 0.914844 0.178125 0.050000 0.034375
1 0.853906 0.466406 0.057813 0.021875
1 0.782813 0.028125 0.065625 0.053125
1 0.683594 0.021094 0.128125 0.040625
