1 0.234375 0.389844 0.024219 0.067187
1 0.192188 0.471875 0.042188 0.026562
1 0.218750 0.525781 0.044531 0.032813
1 0.467969 0.467187 0.044531 0.044531
1 0.470313 0.638281 0.028125 0.071875
1 0.452344 0.603906 0.021875 0.059375
1 0.432031 0.665625 0.020313 0.020313
1 0.321094 0.807031 0.027344 0.065625
1 0.268750 0.781250 0.035937 0.042969
1 0.221094 0.767188 0.034375 0.039844
1 0.187500 0.757031 0.017188 0.023438
1 0.135937 0.923438 0.022656 0.030469
1 0.088281 0.403125 0.022656 0.038281
1 0.246094 0.476562 0.041406 0.035156
1 0.317188 0.796875 0.010937 0.040625
1 0.284375 0.764844 0.019531 0.025781
