1 0.422656 0.467187 0.084375 0.056250
1 0.300000 0.438281 0.057813 0.056250
1 0.181250 0.499219 0.085938 0.043750
1 0.674219 0.265625 0.070312 0.059375
1 0.672656 0.314844 0.095312 0.054688
1 0.531250 0.321094 0.109375 0.031250
1 0.493750 0.365625 0.085938 0.043750
1 0.571875 0.277344 0.081250 0.040625
1 0.481250 0.289844 0.100000 0.040625
1 0.491406 0.255469 0.106250 0.037500
1 0.560937 0.007812 0.076563 0.015625
1 0.464062 0.017188 0.046875 0.029687
1 0.805469 0.178906 0.106250 0.037500
1 0.900000 0.937500 0.043750 0.035937
1 0.845313 0.689844 0.051562 0.037500
