2 0.058100000000000006 0.20684 0.07622 0.06568
2 0.1463 0.11530000000000001 0.06862 0.10138000000000001
2 0.44262 0.30322000000000005 0.12124000000000001 0.05041999999999996
2 0.5804 0.0296 0.12479999999999995 0.055200000000000006
2 0.66676 0.17646 0.0535 0.10492000000000001
2 0.77612 0.15888 0.05625999999999999 0.10175999999999999
2 0.8823 0.39472 0.0766199999999999 0.10658000000000004
2 0.7249800000000001 0.43664 0.08996000000000004 0.07070000000000004
2 0.76536 0.56196 0.058700000000000044 0.10007999999999999
2 0.69624 0.6117400000000001 0.05646000000000004 0.1085
2 0.50154 0.60572 0.08708000000000005 0.08853999999999997
2 0.3638 0.57182 0.10360000000000003 0.0796400000000001
2 0.28726 0.73252 0.07454 0.09703999999999996
2 0.3158 0.8297599999999999 0.08039999999999997 0.09248000000000002
2 0.20648 0.82038 0.08898000000000002 0.07676
2 0.86852 0.90188 0.11301999999999998 0.04824000000000001
2 0.8905599999999999 0.926 0.1051199999999999 0.044
2 0.84016 0.96238 0.12431999999999993 0.06475999999999998
2 0.94784 0.9632000000000001 0.10431999999999994 0.04559999999999991
2 0.7525 0.74198 0.119 0.06003999999999996
2 0.09984 0.15116 0.067 0.19324000000000002
2 0.57072 0.11431999999999999 0.11477999999999998 0.13310000000000002
2 0.71276 0.16982 0.05883999999999992 0.21517999999999998
2 0.8599199999999999 0.2343 0.18427999999999997 0.08963999999999998
2 0.50754 0.26164 0.20619999999999994 0.06551999999999998
2 0.77878 0.35681999999999997 0.07088000000000011 0.18475999999999998
2 0.82052 0.42169999999999996 0.06118000000000006 0.21439999999999998
2 0.7102999999999999 0.51552 0.1361600000000001 0.13116000000000003
2 0.6234400000000001 0.59536 0.11861999999999989 0.15292000000000008
2 0.7558400000000001 0.6843400000000001 0.17390000000000008 0.10907999999999993
2 0.82532 0.6615599999999999 0.13601999999999997 0.12798
2 0.8482799999999999 0.60034 0.1278599999999999 0.15266000000000007
2 0.3555 0.69612 0.20679999999999998 0.08555999999999994
2 0.29852 0.53216 0.21481999999999996 0.08903999999999997
2 0.21274 0.86566 0.20994000000000002 0.057559999999999945
