2 0.4354599999999999 0.30213999999999996 0.25121999999999994 0.22998000000000002
2 0.6706 0.08546 0.18131999999999993 0.13191999999999998
2 0.8389800000000001 0.17543999999999998 0.11959999999999991 0.06775999999999999
2 0.84968 0.25032 0.1854000000000001 0.10704
2 0.6598999999999999 0.21966000000000002 0.20496000000000003 0.14438000000000004
2 0.5265599999999999 0.31251999999999996 0.08531999999999994 0.08470000000000004
2 0.45318 0.39364 0.058620000000000005 0.10998000000000002
2 0.5477000000000001 0.38754 0.12298000000000002 0.07267999999999995
2 0.8119400000000001 0.47756 0.07092000000000007 0.11036000000000001
2 0.61438 0.3949 0.22044000000000005 0.12060000000000003
2 0.74146 0.4342 0.13848000000000002 0.15491999999999995
2 0.63364 0.50912 0.19596000000000002 0.12094000000000006
2 0.7867000000000001 0.56362 0.18546000000000004 0.0971400000000001
2 0.9264199999999999 0.54906 0.08842000000000007 0.21886000000000008
2 0.9582200000000001 0.57274 0.049180000000000064 0.11792000000000007
2 0.69652 0.68564 0.11766000000000008 0.0493599999999999
2 0.7725599999999999 0.8270599999999999 0.0791400000000001 0.08192000000000008
2 0.86626 0.8717999999999999 0.08905999999999994 0.09596000000000003
2 0.7172999999999999 0.6471399999999999 0.23874 0.07592000000000007
2 0.72174 0.77852 0.20259999999999992 0.08148000000000002
2 0.90392 0.76416 0.18283999999999992 0.12670000000000003
