2 0.20706 0.32946 0.06612 0.10908000000000004
2 0.45612 0.22053999999999999 0.048620000000000003 0.09254000000000003
2 0.6686799999999999 0.09448000000000001 0.11037999999999988 0.05675999999999999
2 0.8554400000000001 0.16756000000000001 0.05909999999999991 0.1122
2 0.9421799999999999 0.42744 0.11146000000000003 0.07893999999999994
2 0.53896 0.5346599999999999 0.13326 0.043559999999999946
2 0.51192 0.60314 0.06191999999999996 0.09266000000000008
2 0.58204 0.67272 0.09857999999999993 0.0728599999999999
2 0.72956 0.6505 0.06361999999999988 0.08570000000000004
2 0.9394 0.65934 0.0936400000000001 0.07683999999999992
2 0.7870199999999999 0.8654400000000001 0.10307999999999992 0.06307999999999993
2 0.6428200000000001 0.9089400000000001 0.10253999999999996 0.09544000000000005
2 0.35922000000000004 0.8830800000000001 0.07774 0.10853999999999997
2 0.20056000000000002 0.41104 0.19046000000000005 0.14512
2 0.5032 0.29146 0.15330000000000008 0.18765999999999997
2 0.64338 0.07465999999999999 0.19672000000000003 0.121
2 0.78104 0.23824 0.25646 0.06477999999999998
2 0.6073999999999999 0.40182 0.20351999999999998 0.0635
2 0.81056 0.38018 0.20094000000000006 0.07867999999999994
2 0.7955599999999999 0.44582 0.1885999999999999 0.07553999999999997
2 0.78326 0.63516 0.058700000000000044 0.22346000000000005
2 0.66652 0.70758 0.07272000000000002 0.24537999999999988
2 0.56336 0.49712 0.21433999999999997 0.11335999999999996
2 0.33614 0.68916 0.18603999999999996 0.11198000000000002
2 0.4587 0.8727999999999999 0.08184000000000004 0.19755999999999996
2 0.49466000000000004 0.8297 0.18889999999999998 0.23581999999999995
2 0.81712 0.7759400000000001 0.16677999999999998 0.14901999999999999
2 0.73864 0.93576 0.20957999999999993 0.07516000000000009
