2 0.13178 0.85104 0.21956 0.2620799999999999
2 0.66964 0.86682 0.31926 0.1136400000000001
2 0.5499400000000001 0.48613999999999996 0.09877999999999998 0.10548000000000002
2 0.2773 0.37922 0.08270000000000002 0.10684000000000003
2 0.65332 0.29228 0.08837999999999988 0.07712000000000001
2 0.27644 0.14406 0.06517999999999997 0.11436000000000002
2 0.7905800000000001 0.04368 0.10027999999999997 0.05482000000000001
2 0.9497599999999999 0.58194 0.09677999999999998 0.042559999999999945
2 0.71636 0.28538 0.2055 0.13174
2 0.7865 0.1527 0.22476 0.136
2 0.41298 0.04258 0.24251999999999999 0.06976000000000002
2 0.19184 0.0873 0.15604 0.15148
