2 0.08774 0.20244 0.06728 0.08115999999999997
2 0.42375999999999997 0.12138 0.12038 0.06810000000000001
2 0.5091 0.07293999999999999 0.12207999999999998 0.052840000000000005
2 0.48017999999999994 0.20066 0.08573999999999996 0.10937999999999999
2 0.44166000000000005 0.33422 0.11060000000000002 0.0685
2 0.44586000000000003 0.48066000000000003 0.13537999999999994 0.04301999999999998
2 0.28218 0.37210000000000004 0.1258 0.05689999999999998
2 0.26754 0.40866 0.10472000000000002 0.06739999999999997
2 0.07342 0.43510000000000004 0.08479999999999999 0.11325999999999999
2 0.217 0.5325 0.06757999999999999 0.10244000000000006
2 0.34034 0.57156 0.11682000000000005 0.05109999999999991
2 0.09262000000000001 0.6259 0.059960000000000006 0.10568000000000007
2 0.23964 0.7537200000000001 0.054 0.09875999999999999
2 0.27826 0.85982 0.11794000000000003 0.05077999999999997
2 0.27408 0.9231 0.13048 0.0406400000000001
2 0.38489999999999996 0.87876 0.05403999999999996 0.1201400000000001
2 0.48308 0.94568 0.09284000000000003 0.06796000000000003
2 0.65026 0.8128200000000001 0.1100999999999999 0.07072000000000003
2 0.6872999999999999 0.8956000000000001 0.055099999999999906 0.11498000000000001
2 0.64524 0.6736599999999999 0.1133599999999999 0.06712000000000012
2 0.915 0.60184 0.06598000000000002 0.09112000000000012
