2 0.14538 0.91496 0.09076 0.11790000000000009
2 0.5642 0.79446 0.08438000000000011 0.12090000000000009
2 0.47444 0.59188 0.07289999999999998 0.13576
2 0.3837 0.4437 0.07941999999999996 0.13539999999999996
2 0.4628 0.25995999999999997 0.11762 0.07608000000000001
2 0.45482 0.1943 0.11763999999999998 0.06057999999999998
2 0.63144 0.11278 0.050880000000000106 0.11442000000000002
2 0.7709 0.12495999999999999 0.061779999999999974 0.1261
2 0.87498 0.08957999999999999 0.10205999999999994 0.08885999999999998
2 0.60276 0.05866 0.10151999999999999 0.07868
