2 0.76466 0.08062000000000001 0.08118000000000006 0.08634
2 0.9034 0.13276 0.07624 0.08401999999999998
2 0.9252999999999999 0.17108 0.08881999999999994 0.06044
2 0.80632 0.18086000000000002 0.03809999999999991 0.08304000000000002
2 0.89826 0.36138 0.11120000000000005 0.05124000000000001
2 0.7155199999999999 0.37338 0.1013599999999999 0.06001999999999998
2 0.6802999999999999 0.45033999999999996 0.05007999999999993 0.11517999999999995
2 0.61076 0.3384 0.07368000000000006 0.044139999999999985
2 0.56694 0.3549 0.029059999999999947 0.09074000000000002
2 0.44116000000000005 0.34628 0.07241999999999996 0.07831999999999993
2 0.5025 0.36532 0.04364000000000004 0.09486000000000001
2 0.45212 0.38222 0.06158000000000004 0.06105999999999995
2 0.45764 0.43189999999999995 0.04610000000000002 0.08655999999999994
2 0.5307999999999999 0.40762 0.04261999999999995 0.06488
2 0.47506 0.45176 0.05596000000000004 0.06084000000000003
2 0.47434 0.4743 0.052960000000000035 0.05634000000000003
2 0.53538 0.51536 0.05018000000000001 0.05972000000000003
2 0.46524 0.52576 0.03539999999999998 0.09398000000000002
2 0.50458 0.52162 0.02741999999999996 0.08753999999999997
2 0.49082 0.5963200000000001 0.04843999999999994 0.04555999999999995
2 0.52822 0.61726 0.037460000000000035 0.07994000000000005
2 0.4722 0.66124 0.044139999999999985 0.09422000000000003
2 0.50228 0.6836599999999999 0.0575 0.07016000000000008
2 0.5291399999999999 0.6934 0.058339999999999975 0.0706400000000001
2 0.5468 0.7172000000000001 0.039099999999999906 0.09322000000000003
2 0.57712 0.69886 0.03475999999999999 0.10751999999999998
2 0.47056 0.72858 0.047539999999999964 0.04272000000000003
2 0.5063 0.75822 0.06356000000000006 0.03196000000000004
2 0.55886 0.78104 0.04675999999999999 0.04611999999999989
2 0.5285 0.80664 0.02761999999999989 0.052960000000000035
2 0.5177200000000001 0.84028 0.05114000000000005 0.0819000000000001
2 0.6092000000000001 0.85514 0.04170000000000004 0.05040000000000009
2 0.60062 0.8144 0.04190000000000009 0.061720000000000025
2 0.65246 0.78554 0.07366000000000009 0.06861999999999989
2 0.55102 0.8981 0.03281999999999994 0.0286400000000001
2 0.5672999999999999 0.86376 0.02375999999999999 0.04479999999999996
2 0.56268 0.956 0.08903999999999997 0.06553999999999996
2 0.7043400000000001 0.9195 0.08124 0.08001999999999998
2 0.73 0.8877 0.09181999999999993 0.06844000000000006
2 0.87246 0.91712 0.10118000000000006 0.049299999999999955
2 0.93232 0.86234 0.057180000000000064 0.0991400000000001
2 0.70948 0.25902 0.0938599999999999 0.06377999999999998
2 0.53864 0.1388 0.15337999999999993 0.12896000000000005
2 0.63058 0.6838200000000001 0.15052 0.27512000000000014
2 0.5408200000000001 0.4845 0.09479999999999995 0.09457999999999998
