2 0.48562 0.59278 0.129 0.17698000000000003
2 0.8194199999999999 0.29162 0.0784000000000001 0.22584000000000004
2 0.3546 0.46804000000000007 0.07827999999999997 0.19904000000000002
2 0.7735 0.06538 0.08290000000000008 0.11906
2 0.8720800000000001 0.24536000000000002 0.05177999999999997 0.12231999999999997
2 0.55924 0.28642 0.139 0.055799999999999954
2 0.15694 0.66528 0.08815999999999999 0.08253999999999996
2 0.8801599999999999 0.59436 0.06942000000000008 0.11124
2 0.3465 0.1163 0.09489999999999997 0.06066
2 0.63452 0.84202 0.05807999999999993 0.11029999999999995
2 0.92832 0.3972 0.10562000000000012 0.07056000000000005
2 0.06412000000000001 0.63424 0.07062 0.11346000000000003
2 0.6542 0.24680000000000002 0.08792000000000007 0.09829999999999998
2 0.4155 0.97212 0.09927999999999998 0.045019999999999984
2 0.32756 0.688 0.046340000000000034 0.11653999999999996
2 0.2879 0.43927999999999995 0.07491999999999999 0.08425999999999999
2 0.28856 0.1635 0.10841999999999999 0.043620000000000006
2 0.14526 0.73256 0.09587999999999999 0.0558599999999999
2 0.2993 0.7619600000000001 0.15425999999999998 0.10101999999999998
2 0.40622 0.56212 0.08289999999999997 0.06394000000000005
2 0.607 0.17084 0.08624000000000001 0.08145999999999998
2 0.7966799999999999 0.80248 0.08070000000000005 0.09568000000000007
