2 0.06722 0.3528 0.08336000000000002 0.074
2 0.21812 0.47156 0.06977999999999997 0.11189999999999997
2 0.55484 0.49113999999999997 0.06801999999999998 0.09716000000000002
2 0.66486 0.38326 0.048160000000000085 0.12686
2 0.49557999999999996 0.73236 0.08939999999999998 0.08555999999999994
2 0.18274 0.7352000000000001 0.07227999999999997 0.11777999999999997
2 0.78286 0.81262 0.07981999999999993 0.11162000000000012
2 0.25816 0.7449600000000001 0.08324000000000001 0.235
2 0.43288 0.69892 0.08618000000000006 0.2546400000000001
2 0.50878 0.46864 0.08188000000000005 0.21098000000000003
2 0.60954 0.43613999999999997 0.15296000000000004 0.20596000000000003
2 0.1397 0.35742 0.1972 0.18689999999999998
2 0.32112 0.26946 0.07587999999999999 0.22576
2 0.35675999999999997 0.38010000000000005 0.10048000000000001 0.24372000000000002
2 0.45562 0.17356 0.31824 0.15832
