2 0.38054000000000004 0.063 0.06906000000000007 0.126
2 0.42272000000000004 0.19119999999999998 0.11458000000000004 0.057600000000000026
2 0.3322 0.18580000000000002 0.07637999999999999 0.10439999999999998
2 0.36892 0.24938 0.11013999999999999 0.049240000000000006
2 0.35804 0.30712 0.10789999999999998 0.05375999999999999
2 0.25604000000000005 0.42618 0.06410000000000002 0.10436000000000001
2 0.3107 0.617 0.13738 0.054
2 0.93216 0.53528 0.11507999999999993 0.06603999999999996
2 0.07098 0.72734 0.12204 0.04931999999999993
2 0.07854000000000001 0.16069999999999998 0.05306 0.12262
2 0.08038 0.5896 0.09276 0.22722000000000003
2 0.24597999999999998 0.5415 0.25204000000000004 0.07898000000000002
2 0.17336000000000001 0.44954 0.1387 0.13508000000000003
2 0.08965999999999999 0.37282 0.15130000000000002 0.17036
2 0.36278 0.36772000000000005 0.23355999999999996 0.06746000000000003
2 0.2308 0.23076 0.13360000000000002 0.1815
2 0.26646 0.05298 0.17108000000000004 0.06604
