2 0.48660000000000003 0.56994 0.11720000000000004 0.09988000000000011
2 0.55764 0.42878 0.07927999999999998 0.12155999999999995
2 0.5631799999999999 0.22394 0.10637999999999993 0.06010000000000002
2 0.53796 0.13344 0.059940000000000056 0.09487999999999999
2 0.43945999999999996 0.08163999999999999 0.08293999999999994 0.13126
2 0.67928 0.28794 0.07457999999999992 0.10787999999999999
2 0.77432 0.35594 0.1113599999999999 0.09210000000000003
2 0.76752 0.30442 0.11903999999999997 0.07684000000000003
2 0.93256 0.21664 0.1091199999999999 0.07730000000000001
2 0.9318200000000001 0.30807999999999996 0.0996400000000001 0.11186000000000001
2 0.9055 0.46412 0.06901999999999998 0.13176
2 0.8281799999999999 0.50926 0.0483599999999999 0.13346000000000002
2 0.74018 0.45774000000000004 0.10833999999999992 0.09253999999999997
2 0.8786 0.57766 0.11477999999999998 0.05268000000000007
2 0.7362000000000001 0.7514400000000001 0.1124000000000001 0.11890000000000009
2 0.48269999999999996 0.76258 0.08139999999999997 0.1291400000000001
2 0.32262 0.8845599999999999 0.054779999999999975 0.07490000000000009
2 0.6180800000000001 0.86848 0.1321400000000001 0.07905999999999995
2 0.83116 0.85966 0.050319999999999934 0.11268000000000006
2 0.9148999999999999 0.92096 0.1226400000000001 0.0658599999999999
2 0.2367 0.40926 0.11739999999999998 0.31348000000000004
