2 0.32936 0.304 0.06963999999999998 0.10148000000000001
2 0.40952 0.40036 0.07275999999999999 0.08936000000000001
2 0.43401999999999996 0.49642 0.05505999999999994 0.10119999999999998
2 0.53526 0.77896 0.09340000000000004 0.0553599999999999
2 0.9017200000000001 0.6518999999999999 0.09646000000000003 0.08592000000000008
2 0.56748 0.2313 0.10533999999999992 0.19963999999999998
2 0.6297200000000001 0.73754 0.1946199999999999 0.06027999999999997
2 0.6969 0.87976 0.16416000000000008 0.11455999999999994
2 0.89946 0.72476 0.18963999999999986 0.0791400000000001
2 0.77442 0.71796 0.12846000000000005 0.18407999999999994
2 0.9659 0.31616000000000005 0.06327999999999998 0.09176
2 0.22456 0.72182 0.10827999999999997 0.30079999999999996
