2 0.89752 0.7360800000000001 0.0891199999999999 0.10327999999999997
2 0.30588 0.72738 0.10815999999999996 0.18444000000000005
2 0.32133999999999996 0.62448 0.15606000000000003 0.18653999999999996
2 0.73436 0.48474 0.20557999999999993 0.101
2 0.54146 0.60872 0.17986000000000008 0.13322000000000003
2 0.68574 0.5766 0.08231999999999993 0.09968000000000006
2 0.1945 0.6935 0.10213999999999998 0.2299000000000001
2 0.5739 0.8191799999999999 0.181 0.12212000000000012
2 0.53486 0.90342 0.09248000000000002 0.0775999999999999
2 0.27918 0.91524 0.21041999999999997 0.12744000000000005
2 0.36304000000000003 0.546 0.08665999999999997 0.08648000000000002
2 0.8774 0.65962 0.21975999999999998 0.08181999999999993
2 0.5139400000000001 0.6982200000000001 0.11292000000000002 0.054400000000000094
2 0.39333999999999997 0.76336 0.06515999999999997 0.09955999999999994
2 0.03746000000000001 0.8750399999999999 0.07262 0.09683999999999991
2 0.16754 0.47648 0.11248000000000002 0.05041999999999996
2 0.10719999999999999 0.50102 0.19924 0.06961999999999995
