2 0.23862 0.38836000000000004 0.3 0.11965999999999997
2 0.21875999999999998 0.19563999999999998 0.09672000000000003 0.05713999999999999
2 0.3911 0.13974 0.11455999999999994 0.058279999999999985
2 0.48769999999999997 0.20738 0.05065999999999997 0.10139999999999998
2 0.42002 0.34342 0.09863999999999999 0.08298000000000001
2 0.56762 0.30828 0.09887999999999988 0.07101999999999999
2 0.7421 0.0337 0.11701999999999999 0.0435
2 0.7359600000000001 0.37092 0.05092000000000007 0.11515999999999997
2 0.8038 0.38022 0.0685 0.09253999999999997
2 0.87974 0.50852 0.0475 0.12218000000000007
2 0.74402 0.50632 0.06903999999999996 0.10543999999999994
2 0.51488 0.504 0.06242000000000002 0.12201999999999998
2 0.82488 0.50506 0.11007999999999993 0.23949999999999994
2 0.5902200000000001 0.43144 0.07233999999999992 0.22530000000000006
2 0.49854000000000004 0.35484 0.12612 0.14564
2 0.27962 0.25592 0.23438 0.08209999999999996
2 0.5462400000000001 0.19118000000000002 0.13386000000000006 0.19360000000000002
2 0.6379 0.1948 0.10590000000000009 0.16843999999999998
2 0.82086 0.31166000000000005 0.19477999999999998 0.07524000000000002
2 0.84634 0.2912 0.172 0.12201999999999998
2 0.61426 0.07536 0.1885 0.09838
2 0.42102 0.1066 0.20627999999999996 0.07566
2 0.34288 0.05156 0.12174000000000001 0.027379999999999995
