2 0.72436 0.12315999999999999 0.05033999999999992 0.12582
2 0.79822 0.18078 0.11594000000000006 0.056480000000000016
2 0.41892 0.1293 0.0985 0.07182
2 0.59814 0.24132 0.07357999999999992 0.10882000000000003
2 0.3861 0.32927999999999996 0.09674 0.08810000000000003
2 0.32727999999999996 0.49044 0.10322000000000003 0.08706000000000005
2 0.58786 0.59848 0.1223599999999999 0.04440000000000009
2 0.727 0.48668 0.1213599999999999 0.07265999999999997
2 0.81984 0.58508 0.09344000000000005 0.07670000000000005
2 0.91642 0.87336 0.0876400000000001 0.10255999999999994
2 0.29546 0.90612 0.07976 0.0753599999999999
2 0.5408200000000001 0.06708 0.20353999999999997 0.08303999999999999
2 0.39574000000000004 0.19341999999999998 0.17444000000000007 0.10604000000000002
2 0.5551799999999999 0.24631999999999998 0.13281999999999994 0.18282
2 0.56568 0.35264 0.25057999999999997 0.059639999999999985
2 0.61056 0.49388 0.14038000000000012 0.17146000000000003
2 0.7482000000000001 0.609 0.12176 0.19496000000000005
2 0.40118 0.5575399999999999 0.11779999999999996 0.1585
2 0.52258 0.59168 0.19985999999999995 0.17485999999999996
2 0.45202 0.6600199999999999 0.19129999999999994 0.13126
2 0.4424599999999999 0.80962 0.20397999999999997 0.14605999999999994
2 0.63682 0.8360599999999999 0.19776 0.10696000000000004
2 0.8218799999999999 0.71374 0.14131999999999995 0.20274
2 0.85726 0.8459 0.12081999999999994 0.2341600000000001
