2 0.42202 0.241 0.18558 0.06713999999999999
2 0.84968 0.22104 0.16759999999999992 0.13440000000000005
2 0.17078 0.84136 0.09938 0.09898000000000001
2 0.4446 0.68162 0.2095 0.10212000000000011
2 0.4849 0.8287599999999999 0.07107999999999999 0.2325
2 0.20802 0.80214 0.09474 0.20176
2 0.5508 0.466 0.10185999999999995 0.20022000000000004
2 0.18096 0.20892 0.12774000000000002 0.30716000000000004
2 0.8650399999999999 0.31201999999999996 0.10768000000000007 0.04555999999999995
2 0.40104 0.78672 0.053720000000000025 0.1056400000000001
2 0.43074 0.30112 0.12881999999999993 0.04741999999999996
2 0.45606 0.35872000000000004 0.20688 0.059139999999999984
2 0.45822 0.60714 0.040039999999999965 0.09524
2 0.7034 0.84988 0.10255999999999994 0.06774000000000001
2 0.5744199999999999 0.06444 0.10422000000000002 0.04856
2 0.4706 0.18112 0.05001999999999998 0.09775999999999999
2 0.57994 0.50294 0.04146000000000004 0.13254000000000002
