2 0.16934 0.8887200000000001 0.20766 0.13961999999999988
2 0.7421599999999999 0.89316 0.17679999999999996 0.2003799999999999
2 0.4808 0.7180599999999999 0.24913999999999997 0.14226
2 0.26530000000000004 0.5209400000000001 0.28765999999999997 0.06909999999999997
2 0.44042000000000003 0.45194 0.26289999999999997 0.09046000000000004
2 0.47202 0.3347 0.23433999999999996 0.09891999999999995
2 0.67252 0.22802 0.15216000000000007 0.18578000000000003
2 0.46908 0.12828 0.13291999999999995 0.19386
2 0.6090399999999999 0.10809999999999999 0.19318000000000007 0.13159999999999997
2 0.32442000000000004 0.16982 0.14658000000000004 0.19536
2 0.21734 0.1181 0.10168 0.08062000000000001
2 0.34906 0.26306 0.12489999999999998 0.04712
2 0.4288 0.06708 0.12332000000000005 0.08502000000000001
2 0.50006 0.22291999999999998 0.10810000000000003 0.07007999999999999
2 0.5965199999999999 0.03566 0.13086000000000012 0.054939999999999996
2 0.31944 0.42282 0.12570000000000003 0.06498000000000002
2 0.28354 0.59094 0.13446000000000002 0.07101999999999999
2 0.24208000000000002 0.7001799999999999 0.11566000000000003 0.08740000000000009
2 0.596 0.8696200000000001 0.0974000000000001 0.10692000000000007
2 0.31160000000000004 0.8072 0.27928 0.25229999999999997
