2 0.5807 0.6439600000000001 0.09348000000000002 0.09098000000000002
2 0.5219600000000001 0.37683999999999995 0.11231999999999993 0.07615999999999996
2 0.6585 0.6379600000000001 0.11055999999999995 0.05531999999999994
2 0.5555399999999999 0.06404 0.13159999999999997 0.05897999999999999
2 0.11236000000000002 0.36492 0.13688 0.059700000000000045
2 0.40804 0.94548 0.10375999999999999 0.06218000000000006
2 0.55368 0.18280000000000002 0.11851999999999999 0.07215999999999997
2 0.62076 0.52116 0.11496000000000003 0.07705999999999995
2 0.6457999999999999 0.38433999999999996 0.07318000000000006 0.08327999999999998
2 0.5807 0.22858000000000003 0.10281999999999994 0.05638000000000003
