2 0.87114 0.5065 0.23144000000000006 0.15709999999999996
2 0.61312 0.34914 0.07959999999999991 0.0845
2 0.50796 0.55434 0.06908000000000004 0.09214000000000004
2 0.77306 0.28294 0.11546000000000003 0.04417999999999995
2 0.57336 0.5336799999999999 0.08877999999999997 0.050059999999999945
2 0.30607999999999996 0.72112 0.06336000000000001 0.09283999999999992
2 0.63716 0.20472000000000004 0.04374000000000001 0.12114000000000001
2 0.10454000000000002 0.3805 0.07100000000000001 0.09675999999999998
2 0.55904 0.4542 0.11055999999999995 0.06279999999999995
2 0.9117000000000001 0.24384 0.0633800000000001 0.10854000000000003
2 0.79574 0.23910000000000003 0.11392000000000008 0.061640000000000014
2 0.5336799999999999 0.6102000000000001 0.05635999999999996 0.09496000000000003
2 0.11452000000000001 0.4365 0.04476000000000001 0.08501999999999998
2 0.57528 0.47398 0.08598000000000001 0.07160000000000002
