2 0.15168 0.11796 0.19522000000000003 0.12008
2 0.2234 0.3411 0.13923999999999997 0.16268000000000007
2 0.36344 0.23321999999999998 0.13056000000000006 0.18937999999999997
2 0.33583999999999997 0.80686 0.09162000000000001 0.08451999999999998
2 0.31848000000000004 0.1989 0.09524 0.20028000000000004
2 0.21488 0.44116000000000005 0.12560000000000002 0.07027999999999997
2 0.22396000000000002 0.8374400000000001 0.07182 0.1076199999999999
2 0.08624 0.7694 0.08391999999999998 0.17177999999999996
2 0.385 0.78198 0.10401999999999999 0.052819999999999936
2 0.10959999999999999 0.8809400000000001 0.14454000000000003 0.14068000000000006
2 0.37788 0.31980000000000003 0.11394000000000006 0.04939999999999998
2 0.12756 0.19391999999999998 0.0971 0.05428000000000003
2 0.4815 0.19504 0.04874000000000001 0.11857999999999999
2 0.27138 0.65474 0.11508000000000002 0.07548000000000002
2 0.95728 0.48712 0.07379999999999995 0.09344000000000005
2 0.39396 0.048960000000000004 0.09279999999999995 0.05489999999999999
2 0.1827 0.8265 0.06304000000000003 0.22720000000000004
2 0.5187200000000001 0.24716 0.22583999999999999 0.09295999999999997
2 0.24896 0.15708000000000003 0.08387999999999997 0.08992000000000001
2 0.26316 0.48712 0.20812 0.07440000000000004
2 0.11812 0.84188 0.05715999999999998 0.06431999999999993
2 0.2077 0.8280599999999999 0.079 0.1546199999999999
2 0.31538 0.8304600000000001 0.06568000000000006 0.09622000000000003
