2 0.20068 0.15766 0.06927999999999997 0.10716
2 0.32180000000000003 0.24522 0.05017999999999995 0.10492000000000001
2 0.44448000000000004 0.28016 0.05224000000000001 0.08024
2 0.38427999999999995 0.36116000000000004 0.10831999999999993 0.049879999999999994
2 0.69464 0.35234 0.06492000000000007 0.09358000000000004
2 0.38494 0.47938 0.10772000000000002 0.08659999999999997
2 0.46036 0.6021 0.04434000000000003 0.10974
2 0.59942 0.67892 0.10042000000000008 0.08833999999999992
2 0.78398 0.69284 0.10405999999999994 0.07309999999999992
2 0.14992 0.55952 0.07583999999999999 0.09331999999999993
2 0.10565999999999999 0.49742 0.07378000000000001 0.0957
2 0.29762 0.30013999999999996 0.08315999999999997 0.08025999999999998
2 0.398 0.3226 0.10758000000000004 0.04015999999999997
2 0.28878 0.69228 0.09518000000000003 0.08875999999999999
2 0.1525 0.84376 0.0405 0.0773599999999999
2 0.53706 0.90674 0.059460000000000034 0.11774000000000001
2 0.37586 0.21018 0.09134000000000003 0.20343999999999998
2 0.51242 0.31474 0.14324 0.20029999999999998
2 0.26039999999999996 0.32101999999999997 0.1615 0.158
2 0.19002000000000002 0.44401999999999997 0.07737999999999999 0.21148000000000003
2 0.23634 0.58786 0.18658 0.12337999999999988
2 0.3157 0.70652 0.14210000000000003 0.17551999999999998
2 0.42878 0.6676799999999999 0.11570000000000004 0.1959000000000001
2 0.1394 0.806 0.10912000000000001 0.19944000000000006
2 0.48310000000000003 0.84726 0.07933999999999998 0.23670000000000005
2 0.20082 0.9348200000000001 0.07063999999999998 0.11812000000000011
2 0.6443 0.59942 0.21403999999999995 0.10098000000000001
2 0.7679 0.41268 0.2090999999999999 0.0945
