2 0.9084 0.21953999999999996 0.05618000000000006 0.08449999999999998
2 0.84796 0.2082 0.09507999999999993 0.17689999999999997
2 0.68624 0.29962 0.04894000000000005 0.10465999999999996
2 0.64088 0.45714 0.04774000000000001 0.0845
2 0.8785 0.3645 0.06659999999999991 0.10937999999999999
2 0.8777200000000001 0.57882 0.04574000000000001 0.09216000000000008
2 0.72138 0.62066 0.06681999999999994 0.09448000000000002
2 0.5288200000000001 0.54096 0.08857999999999998 0.07659999999999996
2 0.40608 0.5085599999999999 0.07777999999999997 0.07647999999999996
2 0.25608 0.54596 0.09087999999999999 0.045519999999999984
2 0.36566000000000004 0.63578 0.06910000000000002 0.06775999999999999
2 0.20032 0.6664 0.10312 0.04159999999999991
2 0.17298 0.71076 0.08263999999999999 0.07692000000000007
2 0.21076 0.7629600000000001 0.06869999999999998 0.06792000000000008
2 0.21646 0.8541799999999999 0.0555 0.08118000000000006
2 0.33372 0.93364 0.10572000000000002 0.05051999999999998
2 0.026560000000000004 0.86564 0.04084 0.10829999999999995
2 0.89712 0.7409199999999999 0.1090999999999999 0.07757999999999993
2 0.84582 0.40548 0.23472000000000004 0.09301999999999998
2 0.90416 0.49232000000000004 0.19166000000000008 0.05978000000000003
2 0.82466 0.55596 0.13446000000000002 0.17808
2 0.70574 0.4439599999999999 0.10551999999999997 0.16823999999999995
2 0.53432 0.42944 0.13655999999999996 0.14798000000000003
2 0.6975 0.55332 0.17603999999999997 0.11859999999999997
2 0.64588 0.60748 0.16133999999999993 0.16877999999999999
2 0.40668 0.5567799999999999 0.15734000000000004 0.12572000000000003
2 0.42692 0.62006 0.19762000000000002 0.09392000000000007
2 0.33264 0.65118 0.21415999999999996 0.114
2 0.30707999999999996 0.73686 0.04720000000000005 0.1306400000000001
2 0.25592 0.7251000000000001 0.04318000000000001 0.15837999999999988
2 0.62326 0.7270399999999999 0.20736000000000013 0.0941400000000001
2 0.5425800000000001 0.69214 0.06881999999999994 0.0905999999999999
2 0.53914 0.79588 0.17953999999999998 0.0681400000000001
2 0.50434 0.8669 0.21178000000000002 0.07070000000000004
2 0.68584 0.8497 0.16401999999999997 0.16826
2 0.35222000000000003 0.81336 0.11429999999999996 0.19276
