2 0.668 0.06452 0.11433999999999991 0.09308000000000001
2 0.661 0.09794 0.07948000000000002 0.11730000000000002
2 0.6320800000000001 0.17514 0.12179999999999995 0.05395999999999998
2 0.62062 0.26932 0.11803999999999996 0.06103999999999999
2 0.66838 0.39198 0.055220000000000026 0.11334000000000004
2 0.67014 0.46992000000000006 0.07425999999999999 0.08630000000000002
2 0.51774 0.37232 0.07061999999999995 0.10601999999999998
2 0.39044 0.32816 0.12532000000000004 0.06110000000000002
2 0.35660000000000003 0.38222 0.10638 0.09289999999999998
2 0.17722 0.26032 0.09868 0.0835
2 0.06718 0.49306 0.07440000000000001 0.09993999999999995
2 0.82336 0.6051599999999999 0.09418000000000007 0.07566000000000009
2 0.792 0.68656 0.06257999999999993 0.11277999999999998
2 0.6098 0.7130599999999999 0.09351999999999998 0.09348000000000002
2 0.48857999999999996 0.73924 0.07762000000000001 0.09625999999999998
2 0.12212 0.5665800000000001 0.08431999999999999 0.20614000000000005
