2 0.71842 0.9231 0.2968599999999999 0.15020000000000006
2 0.41276 0.18386000000000002 0.09353999999999997 0.11972000000000001
2 0.7315 0.06698 0.135 0.07806
2 0.2233 0.20987999999999998 0.11860000000000002 0.06774000000000001
2 0.17142 0.47944 0.07086000000000002 0.10112
2 0.57856 0.36939999999999995 0.09711999999999989 0.04920000000000004
2 0.7310599999999999 0.40364 0.06211999999999989 0.12870000000000004
2 0.35486 0.6543 0.09374 0.06059999999999991
2 0.5047 0.6159199999999999 0.11739999999999998 0.08381999999999994
2 0.38712 0.6948799999999999 0.19426 0.12624000000000002
2 0.83314 0.79522 0.24227999999999997 0.07353999999999997
2 0.86136 0.74652 0.14272 0.057039999999999966
2 0.57708 0.5317799999999999 0.15816000000000002 0.17553999999999997
2 0.7573799999999999 0.46732 0.23876 0.08136000000000002
2 0.5751000000000001 0.3994 0.21418000000000006 0.10518000000000007
2 0.75078 0.21688 0.24376 0.13398000000000002
2 0.23987999999999998 0.43139999999999995 0.08846000000000001 0.21596000000000004
2 0.38795999999999997 0.48268 0.10525999999999999 0.18684000000000003
2 0.36054 0.40706 0.19132000000000005 0.12525999999999998
2 0.10484 0.28162 0.19228000000000003 0.08479999999999999
2 0.09112 0.22948000000000002 0.17662 0.05700000000000003
2 0.25 0.091 0.104 0.182
2 0.37695999999999996 0.06684 0.04512000000000001 0.09725999999999999
