2 0.2853 0.28834 0.12443999999999997 0.05977999999999997
2 0.40466 0.12968000000000002 0.1045 0.09630000000000001
2 0.75776 0.24602000000000002 0.06627999999999998 0.12282
2 0.7977799999999999 0.08418 0.08444000000000006 0.08222
2 0.8710800000000001 0.05082 0.09294000000000005 0.06164
2 0.6130599999999999 0.5108 0.11542000000000008 0.07084000000000003
2 0.39572 0.6317999999999999 0.11931999999999994 0.06361999999999988
2 0.29742 0.54342 0.08715999999999997 0.05607999999999993
2 0.18625999999999998 0.74938 0.089 0.09874000000000001
2 0.41248 0.86424 0.07041999999999995 0.0885
2 0.5987 0.68696 0.06722000000000003 0.1031400000000001
2 0.67604 0.83312 0.038220000000000025 0.1216400000000001
2 0.8145800000000001 0.77206 0.06301999999999998 0.11642000000000008
2 0.39564 0.38264 0.3379400000000001 0.15270000000000006
2 0.5645399999999999 0.1373 0.06446000000000003 0.21306
2 0.66564 0.20274 0.14051999999999998 0.21165999999999996
2 0.82408 0.44289999999999996 0.21029999999999996 0.07726
2 0.7995599999999999 0.6459400000000001 0.16396000000000005 0.1318800000000001
2 0.68592 0.65542 0.1318599999999999 0.16929999999999995
2 0.76598 0.8224600000000001 0.08648000000000002 0.22583999999999993
2 0.60492 0.80816 0.09292000000000007 0.19903999999999997
2 0.44304000000000004 0.89566 0.18467999999999996 0.17901999999999998
2 0.2457 0.7323200000000001 0.16706000000000004 0.17542000000000008
2 0.5344800000000001 0.48863999999999996 0.24488000000000004 0.09114000000000004
2 0.78216 0.54886 0.18894000000000005 0.12687999999999994
