2 0.13022 0.59778 0.12188 0.16372000000000003
2 0.1361 0.23102 0.178 0.08695999999999998
2 0.26992 0.41452 0.07789999999999998 0.08263999999999999
2 0.22458 0.47062 0.16559999999999997 0.07505999999999995
2 0.47724 0.7556 0.11181999999999993 0.05661999999999989
2 0.3028 0.7554 0.049100000000000026 0.11244000000000005
2 0.22988 0.96212 0.10694000000000002 0.048
2 0.05828 0.16418000000000002 0.055159999999999994 0.11472000000000002
2 0.11044 0.95782 0.10998000000000002 0.058579999999999924
2 0.16686 0.93222 0.09984000000000001 0.04455999999999995
2 0.16518 0.39180000000000004 0.07248000000000002 0.09556000000000006
2 0.047799999999999995 0.5649400000000001 0.05647999999999999 0.09298000000000002
2 0.14224 0.90046 0.11222000000000001 0.045579999999999926
2 0.09559999999999999 0.65892 0.14136 0.12837999999999988
2 0.05356 0.35 0.06930000000000001 0.1882
2 0.10324 0.41824 0.04834 0.20766
