2 0.121 0.29216000000000003 0.12908000000000003 0.08112
2 0.20914 0.37736000000000003 0.09579999999999998 0.07887999999999999
2 0.32074 0.29796 0.07934000000000004 0.08632000000000002
2 0.57596 0.23542 0.05166000000000008 0.13694
2 0.6928 0.22694 0.13881999999999994 0.057819999999999996
2 0.70194 0.46268 0.07061999999999989 0.09177999999999997
2 0.6891 0.53554 0.08240000000000008 0.10605999999999995
2 0.62472 0.47303999999999996 0.11555999999999994 0.08449999999999994
2 0.44077999999999995 0.44136000000000003 0.06734000000000004 0.09501999999999998
2 0.34298 0.39246 0.09258000000000004 0.10632000000000005
2 0.38392000000000004 0.5183 0.03996000000000004 0.09729999999999996
2 0.43224 0.58582 0.13008000000000003 0.05594000000000005
2 0.29037999999999997 0.61178 0.052259999999999994 0.11692000000000008
2 0.18625999999999998 0.58762 0.053019999999999984 0.122
2 0.1616 0.49648000000000003 0.06376 0.11131999999999993
2 0.10412 0.7135 0.05207999999999999 0.12970000000000004
2 0.12206 0.84226 0.11680000000000001 0.04857999999999993
2 0.2553 0.8642000000000001 0.095 0.05409999999999991
2 0.39346 0.91472 0.09508000000000004 0.08518000000000006
2 0.35538 0.70562 0.06855999999999994 0.09822000000000003
2 0.38688 0.75788 0.05651999999999998 0.10624000000000001
2 0.46712 0.6787000000000001 0.13748000000000002 0.03848000000000002
2 0.6905399999999999 0.63286 0.14618000000000006 0.06370000000000005
2 0.73626 0.6717799999999999 0.09659999999999991 0.0818800000000001
2 0.84964 0.74 0.08629999999999996 0.11155999999999995
2 0.6483 0.9485399999999999 0.11122000000000003 0.05353999999999996
