2 0.11806 0.6466799999999999 0.12248000000000002 0.06368000000000007
2 0.1176 0.7129 0.11456000000000001 0.06403999999999996
2 0.4031 0.8409800000000001 0.09384000000000003 0.0663599999999999
2 0.22524 0.3401 0.08441999999999998 0.08963999999999998
2 0.322 0.8464400000000001 0.11658000000000004 0.04751999999999998
2 0.5126000000000001 0.82578 0.11875999999999999 0.0453599999999999
2 0.6774600000000001 0.9341 0.11083999999999992 0.04859999999999991
2 0.38877999999999996 0.92722 0.04324000000000001 0.11655999999999994
2 0.24634 0.94768 0.09492000000000002 0.05327999999999997
2 0.1395 0.32474000000000003 0.11784000000000001 0.05182000000000005
2 0.5801000000000001 0.8919 0.04922000000000003 0.10903999999999997
2 0.22976 0.7662 0.08770000000000001 0.07972000000000003
2 0.71586 0.91796 0.11918000000000006 0.0721400000000001
2 0.1499 0.9054 0.10286000000000001 0.04383999999999992
2 0.50798 0.86942 0.10251999999999999 0.04490000000000009
2 0.16334 0.5297200000000001 0.11538 0.05379999999999995
2 0.1985 0.88118 0.09615999999999997 0.06757999999999993
2 0.29564 0.93096 0.11470000000000001 0.047
2 0.02478 0.69604 0.04844 0.04592000000000007
2 0.06522 0.10296 0.085 0.05953999999999999
2 0.12986 0.24748 0.06545999999999998 0.09176000000000002
2 0.91254 0.9067999999999999 0.0686400000000001 0.10946000000000003
2 0.5630599999999999 0.7618400000000001 0.0758599999999999 0.09281999999999993
2 0.5375599999999999 0.7279800000000001 0.08044000000000005 0.09725999999999999
