2 0.19072 0.08008 0.10942000000000002 0.039819999999999994
2 0.29410000000000003 0.20596 0.09179999999999998 0.06007999999999998
2 0.55332 0.18662 0.10218000000000006 0.032220000000000026
2 0.6269199999999999 0.542 0.10974 0.0466400000000001
2 0.36672000000000005 0.53014 0.06884000000000003 0.09896000000000003
2 0.17687999999999998 0.4545 0.09713999999999999 0.05001999999999998
2 0.36860000000000004 0.72962 0.06870000000000004 0.10044000000000006
2 0.20798000000000003 0.84802 0.10226000000000002 0.04874000000000001
2 0.14856 0.7198 0.09018000000000001 0.057819999999999934
2 0.24014 0.8095399999999999 0.20772000000000002 0.10381999999999994
2 0.39726 0.7067599999999999 0.15181999999999993 0.16344000000000006
2 0.13676 0.6036 0.11168 0.20381999999999995
2 0.3897 0.45598 0.22082000000000004 0.07565999999999996
2 0.18697999999999998 0.38806 0.19895999999999997 0.09038
2 0.51036 0.28606 0.19294000000000006 0.12777999999999998
2 0.60354 0.43254000000000004 0.1086400000000001 0.16630000000000006
2 0.27942 0.14266 0.23076 0.08651999999999999
