2 0.40864 0.13936 0.17460000000000003 0.15574000000000002
2 0.5885 0.26562 0.13992000000000007 0.17803999999999998
2 0.51152 0.48104 0.10607999999999998 0.1934
2 0.33988 0.4464200000000001 0.13446000000000002 0.15502000000000005
2 0.89148 0.9266599999999999 0.21505999999999995 0.08203999999999996
2 0.8567400000000001 0.42698 0.2205999999999999 0.09215999999999996
2 0.4525 0.77624 0.12953999999999996 0.15320000000000006
2 0.12638 0.08620000000000001 0.14426 0.1713
2 0.7860199999999999 0.56862 0.21933999999999992 0.10522000000000002
2 0.44789999999999996 0.17978 0.06951999999999998 0.09898000000000001
2 0.59978 0.8560800000000001 0.08761999999999989 0.23209999999999992
2 0.83788 0.5166799999999999 0.0935999999999999 0.07644000000000005
2 0.79198 0.7001000000000001 0.16527999999999998 0.15046000000000004
2 0.8615 0.15619999999999998 0.08561999999999989 0.05307999999999998
2 0.73518 0.726 0.095 0.07238000000000011
2 0.6702400000000001 0.84396 0.11909999999999991 0.06370000000000005
2 0.16278 0.5219199999999999 0.12048000000000002 0.23931999999999995
2 0.9375 0.87024 0.11868000000000006 0.05151999999999998
2 0.76324 0.29592 0.06627999999999998 0.12393999999999997
2 0.7271599999999999 0.13319999999999999 0.1325 0.053639999999999986
2 0.95904 0.7607 0.05416000000000008 0.08727999999999997
2 0.17572 0.023239999999999997 0.11674000000000001 0.04646
2 0.94292 0.17931999999999998 0.08846000000000004 0.20034000000000002
2 0.8967200000000001 0.34704 0.07666000000000008 0.08403999999999996
2 0.62274 0.32954 0.10311999999999989 0.06629999999999996
2 0.31888 0.56478 0.07874 0.0644000000000001
2 0.06272 0.3093 0.10416 0.040860000000000014
2 0.5672999999999999 0.5101 0.07238000000000011 0.08537999999999994
2 0.9545800000000001 0.31938 0.07887999999999988 0.19372000000000003
2 0.2305 0.48312 0.09996000000000001 0.17376
2 0.42606 0.772 0.07441999999999996 0.07803999999999997
