2 0.367 0.17428 0.3180799999999999 0.16292
2 0.4451 0.29475999999999997 0.12298000000000002 0.07089999999999998
2 0.42924 0.20436 0.14010000000000003 0.06798000000000001
2 0.58398 0.17226 0.09561999999999989 0.09731999999999999
2 0.62866 0.08786 0.10933999999999992 0.0999
2 0.8766 0.043879999999999995 0.10668000000000007 0.047499999999999994
2 0.64966 0.31414 0.08012000000000012 0.07524000000000002
2 0.63446 0.47812 0.0935 0.09218000000000007
2 0.76978 0.51578 0.09944000000000006 0.05174000000000001
2 0.84282 0.5488999999999999 0.12657999999999991 0.06129999999999995
2 0.29960000000000003 0.6521399999999999 0.12694000000000003 0.05774000000000001
2 0.37872 0.75258 0.09277999999999997 0.04922000000000003
2 0.54316 0.70066 0.05783999999999992 0.1250799999999999
2 0.24165999999999996 0.81472 0.11597999999999999 0.046220000000000025
2 0.36876 0.86414 0.07868000000000007 0.07827999999999997
2 0.45227999999999996 0.95998 0.11277999999999998 0.058880000000000106
2 0.82378 0.8373400000000001 0.11066000000000008 0.054980000000000015
2 0.83638 0.7757000000000001 0.11601999999999998 0.04148000000000002
2 0.8909 0.7104 0.11307999999999993 0.06479999999999995
2 0.79584 0.71428 0.06509999999999991 0.11077999999999998
2 0.2884 0.42994 0.09510000000000002 0.057379999999999994
2 0.59372 0.04672 0.20583999999999997 0.08863999999999998
2 0.518 0.37257999999999997 0.14342000000000002 0.21074
2 0.65344 0.40268000000000004 0.10224000000000001 0.21978000000000003
2 0.7673 0.39992 0.1436600000000001 0.19822000000000004
2 0.36018 0.54106 0.18403999999999995 0.18252
2 0.21877999999999997 0.5344800000000001 0.13673999999999997 0.08340000000000003
2 0.19086 0.57208 0.11057999999999998 0.053200000000000046
2 0.39866 0.63314 0.117 0.15074
2 0.50482 0.5423600000000001 0.18634000000000003 0.14033999999999996
2 0.5766 0.56012 0.19335999999999995 0.0751400000000001
2 0.4864 0.71248 0.07609999999999996 0.2018399999999999
2 0.42419999999999997 0.79708 0.07658000000000004 0.2245999999999999
2 0.20986000000000002 0.7628400000000001 0.20598000000000002 0.07342000000000007
2 0.22030000000000002 0.6643 0.20708000000000004 0.11544000000000006
2 0.68536 0.7526 0.14170000000000005 0.17327999999999996
2 0.8394199999999999 0.90396 0.24994000000000005 0.07616000000000009
2 0.70214 0.6966 0.14755999999999994 0.11868000000000006
2 0.7489600000000001 0.5912000000000001 0.19222000000000003 0.11983999999999992
