2 0.6377 0.56636 0.11392000000000008 0.24370000000000006
2 0.90474 0.52804 0.11496000000000003 0.19203999999999996
2 0.6067400000000001 0.22174000000000002 0.10596000000000004 0.20420000000000002
2 0.625 0.36524 0.27040000000000003 0.10308000000000005
2 0.50596 0.7547 0.17680000000000007 0.15992000000000006
2 0.17904 0.86614 0.10804000000000002 0.0929000000000001
2 0.9186 0.81936 0.08033999999999991 0.19857999999999992
2 0.60784 0.45227999999999996 0.1065 0.07101999999999999
2 0.68672 0.6858200000000001 0.11903999999999997 0.0654000000000001
2 0.92072 0.14636000000000002 0.12574000000000002 0.07582
2 0.5596 0.19732 0.11305999999999995 0.06606000000000001
2 0.41754 0.38508 0.08475999999999999 0.097
2 0.7472799999999999 0.14156 0.11848000000000002 0.15384000000000003
2 0.5731 0.6960599999999999 0.05327999999999997 0.11879999999999996
2 0.7589199999999999 0.60212 0.19527999999999998 0.15457999999999994
2 0.8089 0.25722 0.35574 0.10103999999999999
2 0.80292 0.521 0.043319999999999935 0.12257999999999998
2 0.78028 0.49751999999999996 0.11342000000000008 0.17120000000000005
