2 0.11574 0.7889400000000001 0.11546000000000001 0.058119999999999894
2 0.55864 0.426 0.09727999999999998 0.05998000000000002
2 0.21603999999999998 0.14856 0.09209999999999996 0.09312000000000001
2 0.57882 0.67708 0.10962000000000012 0.08218000000000006
2 0.76822 0.59814 0.12042000000000007 0.08429999999999996
2 0.7936799999999999 0.7962 0.0673599999999999 0.13561999999999988
2 0.5115 0.92876 0.063 0.09848000000000001
2 0.16532 0.83678 0.24664 0.10242000000000007
2 0.43024 0.49098 0.1805 0.14198000000000002
2 0.21152 0.18880000000000002 0.19904000000000002 0.15360000000000001
2 0.58314 0.26672 0.16227999999999998 0.12658000000000003
2 0.57628 0.5961799999999999 0.22744000000000006 0.08362000000000012
