2 0.22688 0.28254 0.0515 0.09825999999999999
2 0.29660000000000003 0.18766 0.07770000000000005 0.07754000000000003
2 0.32558 0.26368 0.11608000000000004 0.06938
2 0.62806 0.043620000000000006 0.11196000000000003 0.05394
2 0.9114 0.15613999999999997 0.08590000000000009 0.10048000000000001
2 0.73664 0.44942000000000004 0.046519999999999985 0.10279999999999996
2 0.5818 0.34288 0.062019999999999985 0.08236000000000002
2 0.4658399999999999 0.5696 0.11649999999999994 0.05098000000000002
2 0.5365599999999999 0.71542 0.08077999999999998 0.08762000000000011
2 0.63134 0.76846 0.08662000000000011 0.10942000000000007
2 0.83492 0.54038 0.08507999999999993 0.06329999999999995
2 0.54198 0.8489800000000001 0.04353999999999996 0.1338800000000001
2 0.4255 0.95108 0.09077999999999997 0.09231999999999993
2 0.2031 0.18096 0.25680000000000003 0.24869999999999998
2 0.44048000000000004 0.09144 0.20322000000000004 0.15056
2 0.63662 0.10862000000000001 0.19053999999999996 0.09024000000000001
2 0.8570399999999999 0.13152 0.11498000000000001 0.22090000000000004
2 0.69064 0.42457999999999996 0.06409999999999991 0.20862
2 0.68216 0.5815 0.23292000000000007 0.1005
2 0.6716 0.6491399999999999 0.1901400000000001 0.13518000000000005
2 0.49622000000000005 0.66314 0.22155999999999995 0.08551999999999998
2 0.5952000000000001 0.81572 0.10340000000000009 0.19368000000000007
2 0.46027999999999997 0.86702 0.15888000000000005 0.17903999999999998
2 0.48248 0.53006 0.20490000000000003 0.07548000000000002
2 0.43476 0.46374 0.07318000000000006 0.07674
2 0.5605800000000001 0.444 0.19170000000000004 0.11065999999999997
2 0.40794 0.38906 0.20091999999999996 0.11479999999999996
2 0.39114 0.2706 0.21098000000000003 0.11175999999999998
2 0.5258999999999999 0.30701999999999996 0.11983999999999997 0.15986
2 0.87226 0.39618000000000003 0.24505999999999994 0.13143999999999995
2 0.8139400000000001 0.4158 0.17576 0.08453999999999996
