2 0.16563999999999998 0.26202 0.20996000000000004 0.08808000000000002
2 0.20088 0.30616000000000004 0.11018 0.07948000000000002
2 0.14708000000000002 0.39182 0.10063999999999998 0.08562
2 0.43927999999999995 0.27292 0.10165999999999997 0.04453999999999999
2 0.43607999999999997 0.19686 0.11698000000000001 0.07169999999999999
2 0.3501 0.27874 0.10618000000000007 0.22968000000000002
2 0.0497 0.56692 0.09215999999999999 0.19357999999999997
2 0.2046 0.60688 0.09954000000000002 0.21772000000000002
2 0.18680000000000002 0.67376 0.08022000000000003 0.10157999999999992
2 0.21662 0.5167999999999999 0.05654000000000002 0.08829999999999995
2 0.32458 0.71996 0.07327999999999997 0.04870000000000005
2 0.3788 0.77554 0.05496000000000004 0.12948
2 0.6020599999999999 0.5844400000000001 0.0758599999999999 0.09333999999999992
2 0.3378 0.9085599999999999 0.052639999999999985 0.0916199999999999
2 0.422 0.91364 0.10496000000000004 0.0525
2 0.36938 0.96988 0.116 0.04688000000000011
2 0.07142 0.87866 0.05047999999999999 0.12383999999999992
2 0.12553999999999998 0.75126 0.1678 0.06938000000000011
2 0.27468 0.7733 0.15874000000000002 0.07240000000000009
2 0.33030000000000004 0.5935199999999999 0.13362000000000002 0.20377999999999996
2 0.5902999999999999 0.6686 0.21172000000000002 0.07353999999999997
2 0.55952 0.7509199999999999 0.18666000000000002 0.1153599999999999
2 0.23921999999999996 0.89012 0.15063999999999997 0.11959999999999991
2 0.74456 0.7539199999999999 0.06098000000000002 0.12144000000000005
