2 0.52526 0.2667 0.18896000000000004 0.28341999999999995
2 0.06152000000000001 0.15418 0.09818 0.06686000000000002
2 0.14628 0.09036 0.13659999999999997 0.048700000000000014
2 0.17892 0.14974 0.12924000000000002 0.06784000000000001
2 0.2822 0.10886 0.14084000000000002 0.044460000000000006
2 0.35634 0.06526 0.11348000000000001 0.0627
2 0.2538 0.18746000000000002 0.10186000000000002 0.07713999999999999
2 0.3148 0.20571999999999996 0.056600000000000025 0.11973999999999999
2 0.17886000000000002 0.2631 0.0695 0.12138
2 0.40794 0.22522 0.08691999999999996 0.09090000000000004
2 0.35910000000000003 0.29710000000000003 0.12036000000000001 0.051120000000000006
2 0.38724000000000003 0.346 0.07718000000000007 0.11379999999999996
2 0.26180000000000003 0.43062 0.13367999999999997 0.059940000000000056
2 0.18087999999999999 0.46872 0.08148000000000002 0.10901999999999998
2 0.23626 0.56144 0.10296000000000001 0.06266000000000008
2 0.07881999999999999 0.50974 0.04802000000000001 0.11292000000000002
2 0.35162 0.49874 0.09410000000000002 0.07729999999999995
2 0.39994 0.44689999999999996 0.11893999999999993 0.06344000000000005
2 0.44092000000000003 0.50148 0.09436000000000001 0.08268000000000006
2 0.4163 0.5601799999999999 0.12963999999999998 0.0493599999999999
2 0.46898 0.61464 0.10164000000000005 0.041039999999999965
2 0.41646 0.6237 0.10960000000000002 0.0675
2 0.48794 0.70384 0.10113999999999998 0.09201999999999998
2 0.30196 0.6370800000000001 0.05467999999999995 0.11253999999999996
2 0.19913999999999998 0.67696 0.06262000000000001 0.12542000000000006
2 0.07878 0.7013400000000001 0.1112 0.08007999999999993
2 0.33039999999999997 0.72812 0.09122000000000002 0.0785
2 0.39166 0.75726 0.10296000000000004 0.10161999999999989
2 0.34432 0.831 0.05953999999999996 0.11574000000000001
2 0.23893999999999999 0.87418 0.08493999999999997 0.12203999999999997
2 0.46795999999999993 0.84466 0.11995999999999998 0.05398000000000002
2 0.53266 0.7923600000000001 0.13859999999999997 0.04655999999999995
2 0.61646 0.9118200000000001 0.121 0.06372000000000003
2 0.62734 0.82992 0.11622000000000003 0.06027999999999997
2 0.70694 0.8334199999999999 0.10053999999999996 0.09281999999999993
2 0.7414400000000001 0.90328 0.12648 0.0446400000000001
2 0.74854 0.77064 0.11111999999999989 0.08274000000000001
2 0.5078199999999999 0.6696799999999999 0.07945999999999998 0.08690000000000009
2 0.59564 0.6172000000000001 0.11855999999999994 0.08111999999999989
2 0.64548 0.495 0.0991400000000001 0.08027999999999998
2 0.83128 0.62486 0.12986000000000011 0.06916000000000008
2 0.78698 0.49556 0.12125999999999999 0.07367999999999995
2 0.7923 0.41892 0.09394000000000005 0.07724
2 0.89812 0.49404000000000003 0.08433999999999992 0.07086000000000002
2 0.93348 0.54318 0.12088000000000011 0.06074000000000001
2 0.9051 0.27596 0.13029999999999994 0.07188
2 0.7599199999999999 0.14618 0.12853999999999996 0.05357999999999998
2 0.8924 0.033159999999999995 0.12674000000000002 0.06002000000000001
2 0.63178 0.03602 0.10848000000000002 0.06454
2 0.54612 0.09154000000000001 0.12296000000000004 0.054560000000000004
