2 0.36422000000000004 0.79702 0.13088 0.04448000000000002
2 0.1565 0.7927799999999999 0.11460000000000001 0.06727999999999998
2 0.30732 0.74002 0.12108000000000001 0.09033999999999992
2 0.1669 0.5998 0.07686000000000001 0.08153999999999996
2 0.44832 0.42774 0.07977999999999998 0.05282000000000005
2 0.5353 0.28008 0.08822000000000002 0.09715999999999997
2 0.41868 0.202 0.09160000000000003 0.06924000000000001
2 0.09132 0.24918 0.10375999999999999 0.10756000000000003
2 0.43426 0.42794 0.27213999999999994 0.17467999999999995
2 0.52162 0.11785999999999998 0.13377999999999998 0.07381999999999998
2 0.65342 0.16466 0.09140000000000009 0.07463999999999998
2 0.7196 0.17915999999999999 0.0451400000000001 0.13886
2 0.66432 0.2615 0.04931999999999993 0.12354
2 0.7721 0.23428 0.07301999999999999 0.10869999999999999
2 0.8054199999999999 0.35786 0.07425999999999999 0.11725999999999999
2 0.79996 0.43914 0.08279999999999996 0.07181999999999994
2 0.7692 0.4565 0.08275999999999999 0.03817999999999995
