2 0.83082 0.89674 0.08175999999999999 0.11994000000000006
2 0.95686 0.88724 0.06053999999999996 0.11098000000000002
2 0.7692 0.76182 0.1113800000000001 0.036819999999999936
2 0.8643 0.76146 0.10520000000000004 0.0461400000000001
2 0.90652 0.70062 0.07824 0.08827999999999997
2 0.79774 0.66674 0.12755999999999995 0.05266000000000008
2 0.6 0.6724 0.11507999999999993 0.05205999999999995
2 0.54908 0.65818 0.09946000000000003 0.06974000000000001
2 0.56748 0.59616 0.09403999999999996 0.06877999999999997
2 0.26026 0.22715999999999997 0.047 0.09235999999999998
2 0.46396 0.3487 0.07127999999999997 0.11193999999999994
2 0.6441399999999999 0.37616000000000005 0.1129000000000001 0.07848000000000002
2 0.62522 0.29281999999999997 0.1225999999999999 0.07122000000000003
2 0.58292 0.20898 0.10403999999999997 0.07493999999999999
2 0.62778 0.17642 0.10688000000000011 0.04963999999999999
2 0.63646 0.11846000000000001 0.13 0.04106000000000001
2 0.5368200000000001 0.036539999999999996 0.12305999999999995 0.05895999999999999
2 0.76144 0.19574 0.08725999999999999 0.10787999999999999
2 0.93396 0.096 0.059960000000000034 0.07057999999999999
2 0.90122 0.28302 0.050420000000000076 0.12270000000000002
2 0.396 0.44310000000000005 0.2818800000000001 0.12541999999999995
