2 0.30328 0.41854 0.09858000000000001 0.05706000000000006
2 0.32036000000000003 0.28332 0.06470000000000005 0.11063999999999999
2 0.34806 0.05128 0.10012 0.06544
2 0.5332 0.05411999999999999 0.10338000000000006 0.06659999999999999
2 0.63674 0.45962000000000003 0.09348000000000002 0.09524
2 0.5415599999999999 0.64898 0.04309999999999991 0.10603999999999997
2 0.34542 0.63124 0.07084000000000003 0.0785
2 0.72714 0.8005599999999999 0.10225999999999999 0.050880000000000106
2 0.94304 0.92606 0.06607999999999993 0.09611999999999989
2 0.16844 0.69826 0.1089 0.20851999999999998
2 0.0614 0.06758 0.033940000000000005 0.10968000000000001
2 0.15256 0.09290000000000001 0.14515999999999996 0.18580000000000002
2 0.25914 0.22524 0.058200000000000016 0.22477999999999998
2 0.06118 0.35136 0.06312 0.20358000000000004
2 0.21006 0.45586 0.12393999999999997 0.13772000000000004
2 0.31632 0.52766 0.14293999999999996 0.11953999999999997
2 0.42782 0.46712 0.08362 0.19972000000000004
2 0.4915 0.5818 0.20109999999999997 0.11194000000000005
2 0.5833400000000001 0.74024 0.09453999999999996 0.19981999999999994
2 0.82056 0.73626 0.19972000000000004 0.12983999999999993
