2 0.783 0.79516 0.11033999999999992 0.04679999999999995
2 0.3685 0.45308 0.09694000000000005 0.06434000000000004
2 0.63144 0.28566 0.10677999999999997 0.05010000000000002
2 0.621 0.4258 0.10079999999999996 0.056100000000000025
2 0.69308 0.08893999999999999 0.07098000000000002 0.09801999999999998
2 0.4429599999999999 0.32027999999999995 0.2737799999999999 0.07577999999999997
2 0.66314 0.35781999999999997 0.0998599999999999 0.03551999999999998
2 0.41924 0.50668 0.08953999999999997 0.05682000000000005
2 0.6131 0.32174 0.09329999999999995 0.03925999999999999
2 0.86882 0.34278 0.0005399999999999636 0.001080000000000041
