2 0.32316 0.5655800000000001 0.10389999999999998 0.03483999999999992
2 0.47766000000000003 0.38942 0.06489999999999997 0.09096000000000004
2 0.57526 0.45154 0.057799999999999956 0.10032000000000005
2 0.6246799999999999 0.37083999999999995 0.06622000000000003 0.09477999999999998
2 0.5483 0.31336 0.08727999999999997 0.09760000000000002
2 0.45333999999999997 0.25306 0.07129999999999996 0.11182000000000002
2 0.55424 0.2063 0.04298000000000002 0.10817999999999998
2 0.54606 0.89354 0.12448000000000002 0.05038000000000011
2 0.5105 0.96362 0.10225999999999999 0.06244000000000006
2 0.49610000000000004 0.7178 0.16587999999999994 0.22329999999999994
