2 0.51274 0.57652 0.12448000000000002 0.14094000000000007
2 0.54934 0.21444 0.12053999999999997 0.18291999999999997
2 0.08403999999999999 0.5348999999999999 0.15030000000000002 0.12668000000000007
2 0.17102 0.60442 0.18444 0.10444000000000006
2 0.72984 0.6275599999999999 0.17676 0.07092000000000007
2 0.5596 0.62782 0.06203999999999996 0.10166000000000008
2 0.28156 0.40756 0.21582 0.06562
2 0.7064600000000001 0.69362 0.07298000000000002 0.07705999999999995
2 0.64406 0.22502 0.10961999999999988 0.04774000000000001
2 0.27738 0.6536000000000001 0.15284000000000003 0.12444000000000005
2 0.66374 0.7895399999999999 0.06409999999999991 0.10016000000000008
2 0.75018 0.53146 0.07737999999999988 0.07118000000000006
2 0.18353999999999998 0.6577000000000001 0.11440000000000002 0.04316000000000008
2 0.33646 0.7292799999999999 0.04248000000000002 0.11777999999999997
2 0.39706 0.6932999999999999 0.09713999999999999 0.13748000000000002
2 0.13854 0.12516 0.05381999999999999 0.10486000000000001
2 0.3157 0.67114 0.06988 0.10120000000000004
2 0.08053999999999999 0.25906 0.16106 0.07062
2 0.41374 0.16341999999999998 0.06112000000000001 0.10533999999999999
2 0.30874 0.34077999999999997 0.05132000000000005 0.08563999999999998
2 0.49178 0.46818 0.18252 0.07008000000000005
2 0.53346 0.4337 0.08229999999999996 0.06496000000000003
2 0.20845999999999998 0.27146 0.13585999999999998 0.30143999999999993
2 0.5465 0.6007 0.07757999999999998 0.1095
