2 0.12340000000000001 0.13440000000000002 0.09306 0.07833999999999999
2 0.06394 0.1972 0.11181999999999999 0.05538
2 0.0368 0.30044 0.06444 0.10520000000000002
2 0.40802 0.53616 0.09320000000000005 0.06359999999999996
2 0.41775999999999996 0.75664 0.12186000000000001 0.05840000000000009
2 0.63538 0.6397200000000001 0.06598000000000002 0.08596000000000004
2 0.7802 0.6366 0.09401999999999998 0.08220000000000005
2 0.76836 0.54798 0.09790000000000008 0.06977999999999997
2 0.64248 0.31818 0.0641400000000001 0.12782000000000002
2 0.96824 0.61012 0.05475999999999999 0.09468000000000007
2 0.4706 0.11356000000000001 0.22064000000000003 0.11481999999999999
2 0.16926 0.30192 0.19396000000000005 0.14656000000000002
2 0.15419999999999998 0.51962 0.19368000000000002 0.09148000000000002
2 0.30957999999999997 0.51152 0.11662 0.17253999999999997
2 0.7647999999999999 0.3054 0.20092000000000007 0.174
2 0.77236 0.47048 0.21833999999999992 0.085
2 0.63126 0.5271399999999999 0.122 0.17077999999999996
2 0.71704 0.6454 0.08275999999999999 0.21457999999999994
2 0.3946 0.8042999999999999 0.20441999999999996 0.08268000000000006
2 0.6635800000000001 0.83924 0.0007799999999999727 0.001
