2 0.10178 0.20126 0.11863999999999998 0.05775999999999999
2 0.1605 0.26126 0.12374 0.05939999999999998
2 0.21875999999999998 0.32839999999999997 0.07915999999999997 0.11253999999999996
2 0.27952 0.38638 0.06889999999999998 0.07546000000000004
2 0.10901999999999999 0.40016 0.05735999999999999 0.09477999999999998
2 0.07570000000000002 0.50836 0.12918000000000002 0.07720000000000005
2 0.25462 0.45848 0.13388 0.04917999999999995
2 0.24428000000000002 0.55626 0.08876000000000002 0.10638000000000006
2 0.21656 0.58376 0.07332 0.1236400000000001
2 0.15216 0.6117400000000001 0.08 0.1114000000000001
2 0.36088 0.78346 0.05117999999999995 0.10774
2 0.28596 0.7185 0.11882000000000002 0.20659999999999992
