2 0.40312 0.0708 0.11003999999999996 0.03616
2 0.74402 0.06816 0.11444000000000006 0.044219999999999995
2 0.8966799999999999 0.051179999999999996 0.10746000000000004 0.08045999999999999
2 0.5639400000000001 0.4778 0.10670000000000004 0.04246000000000004
2 0.5247 0.5544199999999999 0.07588000000000006 0.051
2 0.6486799999999999 0.64578 0.05809999999999991 0.08781999999999994
2 0.52252 0.7666799999999999 0.05566000000000002 0.08
2 0.27186 0.7090599999999999 0.07429999999999998 0.053700000000000046
2 0.29302 0.6703600000000001 0.08339999999999997 0.03866000000000008
2 0.10144 0.70412 0.09319999999999999 0.039019999999999985
2 0.2692 0.52444 0.05232000000000002 0.10227999999999997
2 0.18474000000000002 0.94302 0.08982 0.042180000000000065
2 0.31732 0.9586 0.09186000000000001 0.044259999999999994
2 0.81592 0.85382 0.031480000000000015 0.11225999999999998
2 0.84868 0.89864 0.03777999999999997 0.11937999999999988
2 0.57716 0.50588 0.17072000000000004 0.057039999999999966
2 0.62134 0.6241599999999999 0.06487999999999988 0.19133999999999993
2 0.52642 0.71302 0.17881999999999992 0.065
2 0.23822 0.57708 0.16382 0.11259999999999991
2 0.14024 0.6421 0.11932 0.13494000000000006
2 0.22918 0.90112 0.19884000000000004 0.07203999999999997
