2 0.6765399999999999 0.8844 0.11101999999999998 0.07483999999999992
2 0.2048 0.84904 0.11236000000000002 0.06416000000000008
2 0.36306 0.643 0.06084000000000003 0.11120000000000005
2 0.10776000000000001 0.5149 0.1129 0.04948000000000002
2 0.56648 0.35264 0.10909999999999996 0.05198000000000002
2 0.8641 0.30698000000000003 0.11809999999999991 0.054840000000000035
2 0.5125 0.14082 0.12266000000000002 0.06931999999999999
2 0.3708 0.08552 0.07986000000000001 0.061340000000000006
2 0.25206 0.63518 0.1644 0.18048000000000003
2 0.14172 0.86442 0.10298000000000002 0.19307999999999992
2 0.46457999999999994 0.40412 0.18247999999999995 0.09055999999999995
2 0.8174600000000001 0.3792 0.2123800000000001 0.08379999999999996
2 0.5219600000000001 0.31024 0.20174 0.06601999999999998
2 0.54342 0.2419 0.13848000000000002 0.09454000000000003
2 0.39864 0.18124 0.11079999999999995 0.20724
2 0.6386799999999999 0.19171999999999997 0.1131400000000001 0.3339
