2 0.53676 0.14881999999999998 0.10453999999999997 0.19048
2 0.44239999999999996 0.6924 0.12398000000000002 0.07022000000000003
2 0.43286 0.87418 0.09779999999999996 0.09403999999999996
2 0.18832 0.45306 0.10492000000000001 0.09106000000000006
2 0.033780000000000004 0.20296000000000003 0.06756000000000001 0.12526
2 0.25733999999999996 0.37254000000000004 0.06451999999999998 0.11351999999999998
2 0.4513000000000001 0.41454 0.13424000000000005 0.06098000000000002
2 0.9146799999999999 0.69224 0.09274 0.04681999999999994
2 0.6505 0.68276 0.11766000000000008 0.059700000000000045
2 0.74678 0.42425999999999997 0.13481999999999994 0.04782000000000005
2 0.60026 0.18568 0.05531999999999994 0.11142000000000002
2 0.93712 0.96778 0.11527999999999997 0.05544000000000005
