2 0.748 0.23318 0.14076 0.15065999999999996
2 0.48538 0.77534 0.15820000000000004 0.1296400000000001
2 0.62672 0.56752 0.13351999999999997 0.18763999999999992
2 0.6692 0.72064 0.2256199999999999 0.06996000000000004
2 0.53498 0.32368 0.17111999999999994 0.13782000000000003
2 0.10856 0.40838 0.16772000000000004 0.15141999999999997
2 0.5368999999999999 0.18616 0.09146000000000004 0.0797
2 0.3225 0.49372000000000005 0.10018000000000006 0.16684
2 0.46472 0.42506 0.06875999999999999 0.10962000000000001
2 0.35762 0.77532 0.08708000000000005 0.07905999999999995
2 0.7166399999999999 0.7863 0.097 0.07944000000000005
2 0.37427999999999995 0.86502 0.17674 0.1063599999999999
2 0.8277 0.75824 0.07324000000000001 0.23444000000000007
2 0.57492 0.09504 0.17968000000000006 0.12435999999999998
2 0.22032 0.43524 0.07532000000000003 0.09786000000000002
2 0.564 0.5061 0.07290000000000009 0.08564000000000005
2 0.73212 0.60038 0.06957999999999993 0.21187999999999993
2 0.36122000000000004 0.26576 0.22479999999999997 0.06434000000000004
2 0.16784000000000002 0.29542 0.1293 0.06277999999999997
2 0.88686 0.63978 0.10401999999999999 0.04796000000000004
2 0.10302 0.63044 0.11476000000000001 0.05698000000000002
2 0.35566000000000003 0.33474 0.11506000000000007 0.043639999999999984
2 0.45512 0.602 0.18318000000000006 0.09777999999999998
2 0.54162 0.87814 0.05340000000000009 0.0926400000000001
2 0.48081999999999997 0.6742999999999999 0.10941999999999996 0.048160000000000085
2 0.88566 0.76764 0.045700000000000046 0.13270000000000004
2 0.77892 0.5824600000000001 0.05681999999999993 0.11968000000000006
2 0.06522 0.52636 0.060259999999999994 0.09694000000000005
2 0.35326 0.6897000000000001 0.21055999999999997 0.07122000000000003
2 0.6663 0.33030000000000004 0.08033999999999991 0.035620000000000006
2 0.28038 0.19136 0.19874 0.12298000000000002
