2 0.7884 0.8820399999999999 0.19927999999999998 0.14474
2 0.9120199999999999 0.8254600000000001 0.08344000000000006 0.23876
2 0.8204199999999999 0.41198 0.09405999999999995 0.22124000000000002
2 0.56178 0.5835199999999999 0.12038000000000006 0.07440000000000009
2 0.42286 0.7987799999999999 0.11484000000000003 0.07133999999999992
2 0.61764 0.44239999999999996 0.05327999999999997 0.12598
2 0.51132 0.79 0.19410000000000002 0.13820000000000005
2 0.75744 0.46704 0.1818800000000001 0.13132000000000005
2 0.7620800000000001 0.66798 0.12457999999999993 0.05457999999999993
2 0.89348 0.45082 0.10372000000000002 0.05341999999999996
2 0.6101599999999999 0.6791200000000001 0.19226 0.12453999999999997
2 0.80068 0.08802000000000001 0.0958599999999999 0.09406000000000002
2 0.8432000000000001 0.8710399999999999 0.0946400000000001 0.05707999999999993
2 0.33326 0.12840000000000001 0.05677999999999997 0.12718000000000002
2 0.76688 0.7725 0.19909999999999992 0.09181999999999993
2 0.51852 0.9561000000000001 0.11557999999999999 0.054779999999999975
