2 0.48334 0.47428 0.11141999999999996 0.07620000000000005
2 0.69904 0.77952 0.10475999999999999 0.09238000000000011
2 0.60238 0.85 0.08666000000000008 0.10190000000000009
2 0.1338 0.6462 0.029519999999999998 0.09048000000000002
2 0.22476 0.33142 0.16 0.060960000000000035
2 0.23524 0.09096 0.043799999999999985 0.11141999999999999
2 0.1938 0.13238 0.08665999999999997 0.23048000000000002
2 0.06189999999999999 0.1162 0.06666 0.08572
2 0.06858 0.62762 0.08572 0.19427999999999998
2 0.0581 0.75286 0.10286 0.06
