2 0.1 0.28476 0.12 0.05334000000000003
2 0.13141999999999998 0.31762 0.09524 0.05620000000000005
2 0.1019 0.36334 0.06666000000000001 0.08475999999999999
2 0.12476 0.046200000000000005 0.07999999999999999 0.06
2 0.73142 0.59286 0.0571400000000001 0.0828599999999999
2 0.8081 0.51952 0.09809999999999991 0.06379999999999995
2 0.7462000000000001 0.42238 0.1 0.05048000000000002
2 0.8581 0.42951999999999996 0.0971400000000001 0.05903999999999996
2 0.23476 0.91286 0.10951999999999998 0.0428599999999999
2 0.22952 0.9462 0.12380000000000001 0.02951999999999998
2 0.20524 0.97 0.08095999999999998 0.025720000000000028
