2 0.46508 0.47702 0.14967999999999995 0.10270000000000004
2 0.5715399999999999 0.09614 0.13531999999999994 0.12928
2 0.56726 0.47678 0.10424000000000001 0.12996000000000005
2 0.42662 0.5612 0.11794000000000006 0.10092000000000001
2 0.2874 0.11862 0.17614 0.07780000000000001
2 0.41648 0.3674 0.08098000000000002 0.0645
2 0.30272000000000004 0.05552 0.11174 0.04738000000000001
2 0.4151 0.30568 0.19440000000000004 0.06682000000000005
2 0.46408 0.59884 0.03920000000000005 0.09033999999999992
2 0.5631799999999999 0.21730000000000002 0.197 0.08667999999999998
2 0.58138 0.32194 0.09512000000000012 0.13501999999999997
2 0.82896 0.0932 0.07174000000000001 0.09376000000000002
2 0.45908 0.10894 0.08339999999999997 0.0671
2 0.46591999999999995 0.054099999999999995 0.18821999999999997 0.07006
2 0.60294 0.4467 0.04157999999999993 0.10075999999999999
2 0.72238 0.17772 0.048559999999999943 0.11166000000000001
2 0.64632 0.29578 0.058440000000000054 0.166
2 0.17328 0.81576 0.05563999999999999 0.09951999999999998
2 0.82198 0.03506 0.1945 0.0685
2 0.5013 0.35058 0.10973999999999995 0.04729999999999995
2 0.69912 0.26576 0.058940000000000055 0.08734000000000003
2 0.46814 0.16374 0.17103999999999997 0.04995999999999998
2 0.6772400000000001 0.1655 0.05457999999999993 0.1995
