2 0.58624 0.1982 0.18438000000000004 0.12525999999999998
2 0.7062999999999999 0.5404 0.1553800000000001 0.16448000000000002
2 0.44260000000000005 0.6454 0.06953999999999996 0.10251999999999999
2 0.73168 0.73088 0.21612000000000012 0.07055999999999994
2 0.58616 0.13676 0.1119000000000001 0.05369999999999999
2 0.87486 0.36604000000000003 0.06648000000000001 0.23532000000000003
2 0.79434 0.35984 0.06383999999999992 0.11829999999999996
2 0.52018 0.2929 0.10053999999999996 0.06346000000000003
2 0.77176 0.6648200000000001 0.1035 0.06124000000000001
2 0.59526 0.9512 0.10888000000000012 0.06659999999999991
2 0.66172 0.054599999999999996 0.24218000000000006 0.06712
2 0.33502 0.09576000000000001 0.18134000000000003 0.14904
2 0.70216 0.46 0.07296000000000004 0.11983999999999997
2 0.41625999999999996 0.4951999999999999 0.07576 0.20071999999999998
2 0.17426 0.91144 0.30594000000000005 0.11533999999999991
2 0.34758 0.5053799999999999 0.05136000000000002 0.10748000000000002
2 0.5086 0.68616 0.06712000000000005 0.2038399999999999
