2 0.6635800000000001 0.75314 0.19898000000000002 0.2508799999999999
2 0.75734 0.29014 0.12081999999999994 0.19258000000000003
2 0.6845399999999999 0.48308 0.10781999999999993 0.07384000000000003
2 0.7649400000000001 0.12384 0.08370000000000005 0.07230000000000002
2 0.74828 0.18581999999999999 0.14577999999999997 0.13162000000000001
2 0.5789 0.10981999999999999 0.08396000000000003 0.10886000000000001
2 0.55998 0.28506 0.09533999999999992 0.09627999999999998
2 0.53332 0.40984 0.09644000000000005 0.06274
2 0.3454 0.59342 0.06003999999999996 0.10683999999999992
2 0.33396 0.49107999999999996 0.09513999999999999 0.09291999999999996
2 0.27648 0.07465999999999999 0.08527999999999997 0.07854000000000003
2 0.15736 0.035899999999999994 0.08218 0.06872
2 0.14324 0.22668000000000002 0.13877999999999996 0.06567999999999997
2 0.1003 0.59864 0.062140000000000015 0.10805999999999995
2 0.1383 0.7843 0.08338 0.0701400000000001
2 0.54072 0.12946000000000002 0.18608 0.15736
2 0.48598 0.30786 0.08581999999999994 0.20034000000000002
2 0.49926 0.44962 0.11838000000000005 0.22075999999999998
2 0.26768000000000003 0.19248 0.12306000000000003 0.21574000000000004
2 0.15264 0.29738 0.21602 0.07786000000000001
2 0.22896 0.44918 0.12868000000000002 0.21530000000000007
2 0.42575999999999997 0.5515 0.14076 0.15529999999999997
2 0.10940000000000001 0.47065999999999997 0.1443 0.21821999999999997
2 0.17022 0.63634 0.16506 0.1488599999999999
2 0.03838 0.40764 0.06444 0.12603999999999996
2 0.1704 0.82274 0.20232 0.07931999999999993
