2 0.09842 0.48416 0.16482 0.14221999999999996
2 0.35158 0.50982 0.14362 0.16754000000000002
2 0.2117 0.81288 0.09237999999999999 0.20983999999999992
2 0.3312 0.91364 0.11282000000000005 0.052079999999999925
2 0.27126 0.77138 0.055440000000000024 0.1166400000000001
2 0.15462 0.5841000000000001 0.057220000000000014 0.13027999999999998
2 0.045380000000000004 0.7846000000000001 0.09076000000000001 0.1008599999999999
2 0.48212 0.81338 0.10572000000000002 0.08816000000000009
2 0.39604 0.7778200000000001 0.10870000000000005 0.04574000000000001
2 0.4692 0.70452 0.045700000000000046 0.10418000000000006
2 0.51444 0.6827000000000001 0.05390000000000003 0.1274000000000001
2 0.43851999999999997 0.49826 0.07760000000000002 0.08459999999999997
2 0.55234 0.56164 0.04325999999999999 0.11953999999999997
2 0.58702 0.50636 0.06779999999999996 0.12003999999999997
2 0.38602 0.31462 0.10572000000000002 0.06910000000000002
2 0.42824 0.22640000000000002 0.07268000000000006 0.08966000000000003
2 0.3723 0.15281999999999998 0.11886000000000001 0.06430000000000001
2 0.48269999999999996 0.1211 0.13015999999999997 0.04610000000000001
2 0.27942 0.25092 0.11889999999999998 0.051219999999999974
2 0.18522 0.24518 0.09707999999999999 0.059580000000000015
2 0.08262 0.18925999999999998 0.06274 0.09344
2 0.028059999999999998 0.17736000000000002 0.0476 0.10660000000000001
