2 0.10773999999999999 0.13198 0.10535999999999998 0.0665
2 0.11678 0.62314 0.07598000000000002 0.08625999999999999
2 0.1679 0.74022 0.07569999999999999 0.10398000000000002
2 0.32824000000000003 0.57164 0.12108000000000003 0.05727999999999997
2 0.47448 0.63902 0.11170000000000005 0.07566000000000009
2 0.71542 0.46203999999999995 0.058180000000000065 0.10769999999999999
2 0.63844 0.4741600000000001 0.09218000000000007 0.08828000000000003
2 0.75844 0.93878 0.11005999999999995 0.06253999999999996
2 0.95326 0.8431000000000001 0.05922000000000003 0.12503999999999996
2 0.33094 0.92126 0.08660000000000002 0.04653999999999996
2 0.48634000000000005 0.77716 0.22652000000000003 0.11451999999999998
2 0.2518 0.61748 0.07262 0.21924000000000002
2 0.21236000000000002 0.6177 0.04119999999999999 0.17526
