2 0.5812999999999999 0.11516 0.1031400000000001 0.10894
2 0.6389400000000001 0.37045999999999996 0.09553999999999996 0.11013999999999999
2 0.69036 0.4747 0.07416000000000009 0.11563999999999999
2 0.85736 0.35754 0.1243599999999999 0.06387999999999999
2 0.74852 0.61288 0.1295 0.04874000000000001
2 0.8426 0.26636000000000004 0.09662000000000012 0.09127999999999997
2 0.84136 0.5124 0.13620000000000004 0.05911999999999995
2 0.8528 0.4526 0.11970000000000004 0.06110000000000002
2 0.8353200000000001 0.0738 0.055720000000000026 0.14362
2 0.62262 0.31394 0.09479999999999995 0.07582000000000005
