2 0.8393999999999999 0.4796 0.17381999999999995 0.18133999999999997
2 0.63432 0.755 0.21927999999999997 0.12998
2 0.6628999999999999 0.19019999999999998 0.1766600000000001 0.1634
2 0.7326 0.8997200000000001 0.21237999999999987 0.10905999999999995
2 0.27542 0.90686 0.21265999999999996 0.1280999999999999
2 0.42274 0.5954400000000001 0.1265 0.20681999999999995
2 0.7735599999999999 0.55522 0.14572000000000002 0.15202
2 0.85514 0.39436 0.09898000000000001 0.09001999999999998
2 0.86158 0.7294400000000001 0.06833999999999991 0.10233999999999992
2 0.37226 0.93356 0.09841999999999997 0.07738000000000012
2 0.92924 0.28 0.10688000000000011 0.07770000000000002
2 0.20978000000000002 0.5373600000000001 0.10238000000000003 0.08920000000000004
2 0.56628 0.7371 0.08366000000000008 0.10262000000000011
2 0.7605 0.19640000000000002 0.07022000000000003 0.10086000000000002
