2 0.85414 0.7760199999999999 0.12427999999999997 0.055980000000000016
2 0.7395 0.85272 0.063 0.12144000000000005
2 0.37456 0.6725 0.041120000000000004 0.10501999999999999
2 0.3485 0.59942 0.107 0.06683999999999991
2 0.2161 0.45554 0.055819999999999995 0.10310000000000002
2 0.31777999999999995 0.38060000000000005 0.10046000000000004 0.07720000000000005
2 0.73872 0.20258 0.08655999999999994 0.08913999999999998
2 0.6728200000000001 0.19134 0.11362000000000012 0.08130000000000001
2 0.18253999999999998 0.31527999999999995 0.09490000000000004 0.058559999999999945
2 0.40644 0.17384 0.12712 0.06769999999999998
2 0.10493999999999999 0.81632 0.0781 0.10462000000000012
2 0.15194 0.64978 0.051879999999999996 0.08753999999999997
2 0.24642000000000003 0.28578 0.17286000000000004 0.08355999999999997
2 0.49162 0.6067400000000001 0.14326 0.20148000000000002
2 0.3362 0.8747999999999999 0.26317999999999997 0.1833800000000001
2 0.27864 0.698 0.16127999999999998 0.12802
2 0.27183999999999997 0.577 0.10832000000000003 0.16598000000000002
2 0.33754 0.45376 0.19291999999999995 0.11151999999999998
2 0.10308000000000002 0.43388 0.19418000000000002 0.08775999999999999
2 0.10482 0.76918 0.20964 0.0903599999999999
2 0.11952 0.71016 0.22302000000000002 0.06431999999999993
