2 0.6462 0.2864 0.21283999999999992 0.16503999999999996
2 0.5122599999999999 0.94098 0.08420000000000004 0.10172000000000003
2 0.6887000000000001 0.57612 0.11418000000000006 0.08992000000000007
2 0.82304 0.65028 0.11096000000000003 0.08924000000000001
2 0.21912 0.96036 0.10736000000000001 0.07570000000000005
2 0.04734 0.75802 0.06308 0.12557999999999991
2 0.64142 0.09087999999999999 0.1256400000000001 0.06930000000000001
2 0.09808000000000001 0.96286 0.10656000000000002 0.0718599999999999
2 0.71648 0.7327400000000001 0.0538599999999999 0.12216000000000009
2 0.32616 0.5048400000000001 0.09913999999999999 0.08726000000000005
2 0.72796 0.95608 0.097 0.07292000000000007
2 0.5097 0.09406 0.07413999999999998 0.10194
2 0.45388 0.17382 0.12868000000000007 0.06554000000000001
2 0.3128 0.6745399999999999 0.11139999999999997 0.06922000000000003
2 0.14465999999999998 0.73586 0.11598000000000001 0.06462000000000012
2 0.80564 0.91284 0.12527999999999997 0.0631400000000001
2 0.79862 0.7520399999999999 0.114 0.06746000000000003
2 0.57036 0.37432 0.12944000000000006 0.055539999999999964
2 0.46986 0.82368 0.06688 0.12003999999999997
2 0.57252 0.45442 0.04970000000000004 0.10977999999999997
2 0.27102 0.71058 0.10936000000000001 0.07926
2 0.81562 0.50962 0.08592000000000008 0.08946000000000004
2 0.84208 0.21266 0.12398000000000002 0.060180000000000004
2 0.4433 0.07864 0.0755 0.09472
2 0.7270800000000001 0.52274 0.11174 0.06483999999999998
2 0.337 0.444 0.11512 0.05622000000000003
2 0.54604 0.70592 0.10907999999999998 0.28202
2 0.7739 0.41274 0.11540000000000009 0.052700000000000045
2 0.85864 0.12226000000000001 0.12170000000000004 0.05429999999999998
2 0.22838 0.60872 0.05274000000000001 0.11492000000000008
2 0.84474 0.37556 0.12955999999999995 0.05429999999999995
2 0.65 0.18058000000000002 0.14155999999999994 0.059139999999999984
2 0.71808 0.878 0.11416000000000008 0.053079999999999926
2 0.78964 0.81688 0.11151999999999998 0.052839999999999915
2 0.16874 0.47042 0.05281999999999999 0.12986
2 0.50296 0.50916 0.06865999999999997 0.07669999999999999
2 0.8468600000000001 0.28214 0.05266000000000008 0.09451999999999998
