2 0.75778 0.33624 0.11425999999999999 0.05444000000000006
2 0.5365800000000001 0.25306 0.07490000000000004 0.059759999999999994
2 0.8803799999999999 0.14974 0.11055999999999995 0.039840000000000035
2 0.92098 0.07954 0.10377999999999997 0.056060000000000006
2 0.8009400000000001 0.038840000000000006 0.10618000000000007 0.07768000000000001
2 0.77262 0.66724 0.06525999999999998 0.07751999999999998
2 0.24480000000000002 0.25748000000000004 0.06624000000000001 0.05960000000000002
2 0.26102 0.2253 0.04175999999999999 0.08177999999999998
2 0.21503999999999998 0.20852 0.07433999999999998 0.054180000000000006
2 0.21264 0.25082 0.057360000000000015 0.06874000000000001
