2 0.13412000000000002 0.24134 0.10751999999999998 0.06483999999999998
2 0.04259999999999999 0.23994 0.08518 0.09124000000000002
2 0.34528 0.11882 0.11786000000000002 0.06625999999999999
2 0.47818 0.34316 0.11189999999999997 0.07634000000000003
2 0.84162 0.47744000000000003 0.08783999999999992 0.08826000000000005
2 0.3947 0.5875 0.11441999999999995 0.05224000000000001
2 0.15224000000000001 0.59562 0.06489999999999999 0.08568000000000006
2 0.31494 0.7096399999999999 0.08348000000000001 0.10729999999999995
2 0.18746000000000002 0.88738 0.11486000000000002 0.0515
2 0.42132 0.8072 0.07708000000000004 0.08909999999999992
2 0.9194199999999999 0.89478 0.11192000000000007 0.08894000000000006
2 0.5932200000000001 0.86126 0.17546000000000003 0.1271199999999999
2 0.43476 0.88514 0.16240000000000004 0.15824000000000002
2 0.25208 0.85614 0.16519999999999999 0.15487999999999988
2 0.26508 0.6754 0.06263999999999999 0.24629999999999996
2 0.09519999999999999 0.53876 0.17288 0.19938000000000006
2 0.45656 0.5559400000000001 0.17388 0.1855
2 0.37062 0.38051999999999997 0.18896000000000004 0.17370000000000005
2 0.19794 0.20268 0.15919999999999995 0.18034000000000003
2 0.40202 0.048479999999999995 0.21379999999999996 0.08126
