2 0.13224 0.21552000000000002 0.15239999999999998 0.13506
2 0.20828 0.48225999999999997 0.1313 0.18013999999999994
2 0.34492 0.77918 0.08239999999999997 0.21333999999999992
2 0.1616 0.28086 0.09207999999999998 0.08491999999999998
2 0.17978 0.66234 0.21516000000000002 0.0968599999999999
2 0.44268 0.7876599999999999 0.10072000000000003 0.07607999999999993
2 0.16190000000000002 0.7516 0.08494 0.08431999999999994
2 0.35724 0.38552 0.09663999999999999 0.1865
2 0.6107400000000001 0.69884 0.08248000000000001 0.08959999999999992
2 0.64162 0.32868 0.20407999999999993 0.10086000000000002
2 0.4681 0.53324 0.046519999999999985 0.10707999999999998
2 0.26898 0.59024 0.07388 0.10229999999999996
2 0.4657 0.6239600000000001 0.17593999999999993 0.16498000000000002
2 0.05712 0.80336 0.05482000000000001 0.12337999999999988
2 0.7094 0.26308 0.11081999999999993 0.044939999999999966
2 0.84924 0.9427000000000001 0.053839999999999916 0.09574
2 0.41032 0.50508 0.09663999999999999 0.08723999999999996
2 0.52792 0.56474 0.08048000000000002 0.18381999999999993
2 0.72102 0.86252 0.2371199999999999 0.06803999999999996
2 0.38438 0.25868 0.10001999999999998 0.05667999999999998
2 0.8703200000000001 0.83954 0.08533999999999992 0.06505999999999995
2 0.19946 0.39486 0.07848000000000002 0.06908000000000004
2 0.799 0.052 0.05 0.104
2 0.02354 0.16862 0.04208 0.11730000000000002
2 0.80806 0.95508 0.08798000000000002 0.04298000000000002
