2 0.6511399999999999 0.8452999999999999 0.07294000000000006 0.09725999999999999
2 0.35984 0.49051999999999996 0.042360000000000016 0.10770000000000005
2 0.38883999999999996 0.33246 0.07236000000000001 0.10360000000000003
2 0.35852 0.1704 0.12768000000000007 0.05145999999999998
2 0.56516 0.22608 0.10096000000000004 0.04683999999999997
2 0.76512 0.29344 0.09292000000000007 0.08556000000000002
2 0.59082 0.29944 0.10029999999999996 0.08956000000000003
2 0.54816 0.32646 0.10298000000000002 0.04889999999999998
2 0.6617999999999999 0.3118 0.046279999999999974 0.09024000000000001
2 0.3845 0.59688 0.05967999999999995 0.09644000000000005
2 0.6738 0.39348 0.07027999999999997 0.049620000000000004
2 0.75046 0.3628 0.06357999999999993 0.10827999999999997
2 0.5458200000000001 0.63622 0.09429999999999995 0.04711999999999989
2 0.6544800000000001 0.60588 0.08759999999999991 0.04642000000000007
2 0.74546 0.50284 0.08157999999999993 0.06836000000000002
2 0.71346 0.6728999999999999 0.09757999999999993 0.04846000000000004
2 0.73246 0.83596 0.10757999999999993 0.04257999999999993
2 0.7887799999999999 0.7339199999999999 0.08024 0.0465
2 0.8324400000000001 0.7909400000000001 0.07555999999999995 0.08455999999999994
