2 0.48298 0.13516 0.21968000000000007 0.09268000000000001
2 0.25326 0.6429600000000001 0.14855999999999997 0.13676
2 0.62174 0.31116000000000005 0.09018000000000007 0.20639999999999997
2 0.7848999999999999 0.043680000000000004 0.11087999999999988 0.076
2 0.09913999999999999 0.77266 0.10037999999999998 0.09190000000000009
2 0.38424 0.26439999999999997 0.20598000000000002 0.07848000000000002
2 0.34866 0.58478 0.17639999999999997 0.07494000000000005
2 0.54876 0.2652 0.11074 0.06024000000000001
2 0.3381 0.17646 0.11858000000000005 0.06907999999999999
2 0.9553200000000001 0.04318 0.08192000000000008 0.0787
2 0.38216 0.8155 0.10770000000000005 0.04675999999999999
2 0.62476 0.07324 0.21718000000000007 0.06762
2 0.19104 0.67206 0.11386000000000002 0.05153999999999996
2 0.25282 0.57392 0.052879999999999996 0.10792000000000007
2 0.05436 0.31768 0.042039999999999994 0.06086000000000001
2 0.3628 0.51744 0.056360000000000014 0.07231999999999994
