2 0.79386 0.7778200000000001 0.08455999999999994 0.10355999999999994
2 0.83904 0.32916 0.08174000000000001 0.11377999999999998
2 0.9268200000000001 0.29968 0.09101999999999998 0.09677999999999998
2 0.9052 0.08888 0.05672000000000003 0.13874
2 0.86362 0.15756 0.10242000000000007 0.09968
2 0.7806000000000001 0.21176 0.07240000000000009 0.1145
2 0.6417999999999999 0.33544 0.09429999999999995 0.10946000000000003
2 0.21486000000000002 0.3554 0.08981999999999997 0.08801999999999999
2 0.14622 0.56144 0.0895 0.10101999999999998
2 0.15338 0.6734199999999999 0.11580000000000001 0.059819999999999936
2 0.07898000000000001 0.8334 0.10047999999999999 0.04990000000000009
2 0.26466 0.55072 0.17708000000000004 0.10601999999999998
2 0.16495999999999997 0.37482 0.19985999999999998 0.14362
2 0.16382 0.74554 0.16932 0.14807999999999993
2 0.10284 0.8852000000000001 0.20568 0.08596000000000004
