2 0.32339999999999997 0.8702799999999999 0.04922000000000003 0.08340000000000009
2 0.44745999999999997 0.8830800000000001 0.12691999999999995 0.06379999999999995
2 0.5257000000000001 0.83168 0.10270000000000004 0.08012000000000012
2 0.54504 0.9305399999999999 0.05101999999999998 0.11846000000000004
2 0.60184 0.78208 0.12148000000000002 0.048680000000000063
2 0.53828 0.70712 0.12785999999999995 0.04046000000000004
2 0.8182200000000001 0.86646 0.10903999999999997 0.068
2 0.85012 0.7547999999999999 0.08001999999999998 0.08803999999999997
2 0.89246 0.65338 0.09198000000000002 0.09725999999999999
2 0.85268 0.63142 0.058440000000000054 0.10068000000000006
2 0.83786 0.5565599999999999 0.10070000000000004 0.0535
2 0.66802 0.55684 0.0546400000000001 0.06024000000000001
2 0.8283400000000001 0.34776 0.09192000000000007 0.07329999999999995
2 0.7062 0.30586 0.13513999999999987 0.07576
2 0.07234 0.40858 0.08306000000000001 0.12924000000000002
2 0.7824 0.22872000000000003 0.10681999999999994 0.08264000000000002
2 0.7609400000000001 0.19676 0.10498000000000002 0.07672000000000002
2 0.7145199999999999 0.15944 0.13329999999999995 0.061
2 0.7925800000000001 0.0783 0.10253999999999996 0.04670000000000001
2 0.62858 0.09148 0.13183999999999993 0.05770000000000001
