2 0.5846 0.15416 0.061200000000000046 0.13566000000000003
2 0.41808 0.40442 0.10413999999999998 0.11515999999999997
2 0.7206 0.33894 0.13722000000000004 0.058120000000000005
2 0.38736000000000004 0.65162 0.13070000000000004 0.06474
2 0.06592 0.6909400000000001 0.04385999999999999 0.1178599999999999
2 0.14592 0.7421599999999999 0.09981999999999999 0.09168000000000007
2 0.08866 0.9255800000000001 0.12932 0.059180000000000066
2 0.483 0.92096 0.12598 0.05392000000000007
2 0.63774 0.81652 0.10746000000000004 0.08294000000000006
2 0.57084 0.67522 0.13768000000000005 0.050440000000000054
2 0.74888 0.64942 0.12976 0.06518000000000006
