2 0.12188 0.34122 0.11342000000000002 0.08160000000000002
2 0.22626 0.65134 0.07551999999999998 0.09144000000000005
2 0.33526 0.56476 0.08494000000000006 0.10079999999999996
2 0.41418 0.79184 0.07234000000000003 0.11481999999999994
2 0.5030399999999999 0.87006 0.05673999999999995 0.11883999999999992
2 0.67518 0.74372 0.10503999999999997 0.04666000000000008
2 0.79874 0.87912 0.05090000000000009 0.11874000000000001
2 0.77004 0.85296 0.13031999999999994 0.1891199999999999
2 0.64074 0.70456 0.22266000000000008 0.0788599999999999
2 0.44444 0.613 0.19706000000000007 0.11355999999999994
2 0.24962 0.75352 0.20260000000000003 0.0631400000000001
2 0.1379 0.821 0.19959999999999997 0.10266000000000008
2 0.72096 0.34484 0.16251999999999997 0.14656000000000005
2 0.8252999999999999 0.18178 0.11540000000000009 0.07666000000000002
