2 0.77924 0.45932 0.21001999999999998 0.12667999999999996
2 0.87336 0.60984 0.18872000000000003 0.13870000000000005
2 0.69214 0.724 0.2308799999999999 0.08531999999999994
2 0.39386 0.7391 0.179 0.15087999999999988
2 0.7790199999999999 0.88454 0.23418000000000005 0.07833999999999992
2 0.86284 0.75666 0.07124000000000001 0.08212000000000012
2 0.8352 0.96062 0.24096000000000004 0.06468000000000006
2 0.35996 0.50334 0.06946000000000004 0.12730000000000002
2 0.32230000000000003 0.79384 0.04843999999999994 0.10233999999999992
2 0.32752 0.16782 0.14468000000000003 0.23960000000000004
2 0.32001999999999997 0.9356599999999999 0.33976 0.11559999999999991
