2 0.2439 0.42052 0.1443 0.16468000000000008
2 0.68508 0.22809999999999997 0.15968000000000007 0.15613999999999995
2 0.68548 0.33174000000000003 0.12752 0.17024
2 0.71768 0.5505800000000001 0.21077999999999997 0.09677999999999998
2 0.14502 0.67152 0.20457999999999998 0.12294000000000005
2 0.72576 0.70878 0.07094000000000006 0.061019999999999984
2 0.5296799999999999 0.50284 0.07981999999999993 0.09043999999999994
2 0.8919400000000001 0.33812000000000003 0.09238000000000011 0.2207
2 0.42638 0.49372000000000005 0.10020000000000004 0.19829999999999995
2 0.72884 0.47108 0.07546000000000004 0.09486000000000001
2 0.28468 0.15324000000000002 0.10260000000000002 0.07356
2 0.51838 0.26988 0.07485999999999995 0.09868000000000003
2 0.43094 0.20688 0.13376 0.17981999999999995
2 0.8459800000000001 0.85348 0.10209999999999991 0.07368000000000006
2 0.16986 0.34306 0.19608000000000003 0.10586000000000001
2 0.84326 0.6519400000000001 0.06074000000000001 0.11711999999999989
2 0.25726 0.48031999999999997 0.10701999999999998 0.05201999999999998
2 0.6769 0.666 0.08333999999999991 0.18163999999999988
2 0.5103399999999999 0.70768 0.18999999999999995 0.13370000000000004
2 0.5562 0.78186 0.12716000000000002 0.04461999999999989
2 0.14682 0.5932999999999999 0.1308 0.060079999999999925
2 0.7862 0.91922 0.11151999999999998 0.050440000000000054
2 0.85088 0.19738 0.11681999999999994 0.07382
2 0.6675 0.16672 0.06877999999999997 0.10657999999999998
2 0.7370599999999999 0.8456 0.0983800000000001 0.1841400000000001
2 0.041319999999999996 0.32946 0.0705 0.09739999999999997
2 0.31351999999999997 0.826 0.22870000000000001 0.08025999999999998
2 0.07056 0.76732 0.10719999999999999 0.06198000000000002
2 0.34834 0.87798 0.10691999999999996 0.058180000000000065
2 0.2345 0.27682 0.13412000000000002 0.053720000000000025
2 0.5020399999999999 0.35552 0.19497999999999996 0.11363999999999999
2 0.84504 0.728 0.23538000000000012 0.05690000000000009
2 0.05 0.134 0.1 0.192
2 0.08066 0.15562 0.05266 0.13
2 0.4592 0.20896 0.06938 0.07763999999999999
2 0.29108 0.11023999999999999 0.20476 0.08003999999999999
