2 0.35781999999999997 0.41404 0.17098000000000002 0.16832000000000005
2 0.66306 0.27452 0.11751999999999999 0.17941999999999997
2 0.51958 0.8345199999999999 0.14046000000000003 0.18192000000000008
2 0.63776 0.50192 0.11601999999999998 0.20154000000000002
2 0.46148 0.33508 0.10711999999999995 0.19601999999999997
2 0.82264 0.68272 0.10929999999999995 0.18907999999999991
2 0.7253 0.287 0.11126 0.05141999999999996
2 0.7221000000000001 0.11822 0.19096000000000005 0.08690000000000002
2 0.21574000000000002 0.19416 0.16168000000000005 0.17968
2 0.2375 0.6778 0.18994000000000003 0.26
2 0.1277 0.27504 0.2276 0.06503999999999999
2 0.85348 0.75836 0.12218000000000007 0.057
2 0.16406 0.34626 0.10234000000000001 0.061460000000000035
2 0.4588 0.05732000000000001 0.10146000000000004 0.04972000000000001
2 0.24568 0.11295999999999999 0.06243999999999997 0.10108000000000002
2 0.46624 0.81972 0.09842000000000002 0.07124000000000001
2 0.90986 0.46204 0.12124000000000001 0.06620000000000005
2 0.873 0.093 0.066 0.186
2 0.40716 0.10493999999999999 0.06482000000000004 0.20986000000000002
2 0.94378 0.10884 0.09870000000000005 0.050120000000000005
2 0.94174 0.038619999999999995 0.10040000000000009 0.0417
2 0.58416 0.16413999999999998 0.23822000000000002 0.051379999999999995
2 0.47796 0.40324 0.040419999999999956 0.12318000000000007
2 0.53492 0.4609 0.07344000000000006 0.06520000000000005
2 0.57352 0.0907 0.05007999999999993 0.11359999999999999
