2 0.13666 0.31951999999999997 0.12286000000000001 0.06951999999999998
2 0.07334 0.4866600000000001 0.09713999999999999 0.08952000000000004
2 0.1281 0.61858 0.13428000000000004 0.06951999999999998
2 0.21 0.18619999999999998 0.12476 0.061899999999999976
2 0.26427999999999996 0.0762 0.12286000000000001 0.06476000000000003
2 0.34524 0.18619999999999998 0.09620000000000005 0.08475999999999999
2 0.30334 0.31666000000000005 0.11713999999999998 0.05620000000000005
2 0.2519 0.2738 0.08095999999999998 0.08475999999999999
2 0.048100000000000004 0.09 0.06952 0.12476
2 0.04572 0.71666 0.08951999999999999 0.09427999999999997
