2 0.5038 0.61 0.07238 0.09809999999999991
2 0.46048 0.64474 0.16096000000000005 0.09427999999999997
2 0.47904 0.35810000000000003 0.1619 0.09903999999999996
2 0.60952 0.32952 0.07238000000000011 0.10096000000000004
2 0.5019 0.13238 0.057140000000000045 0.19048
2 0.6137999999999999 0.059519999999999997 0.14 0.09428
2 0.65714 0.20476 0.19620000000000004 0.05904000000000002
2 0.7952400000000001 0.21096 0.060960000000000035 0.20095999999999997
2 0.42286 0.64524 0.20951999999999998 0.19713999999999987
2 0.43951999999999997 0.04428 0.10189999999999998 0.08856
2 0.6537000000000001 0.15697999999999998 0.04898000000000002 0.08706
