2 0.34987999999999997 0.35066 0.10777999999999997 0.09729999999999996
2 0.25789999999999996 0.39177999999999996 0.07579999999999998 0.12355999999999995
2 0.41492 0.44376 0.07413999999999998 0.1155
2 0.33734 0.39146 0.10665999999999996 0.05891999999999996
2 0.31254000000000004 0.4546 0.05493999999999994 0.13081999999999994
2 0.42204 0.5806399999999999 0.07991999999999996 0.11325999999999999
2 0.36248 0.54572 0.04896000000000004 0.13546000000000002
2 0.53326 0.5737599999999999 0.12251999999999998 0.06351999999999998
2 0.64028 0.63044 0.10742000000000007 0.07911999999999988
2 0.72438 0.68362 0.09126 0.12077999999999997
2 0.77986 0.75746 0.06427999999999998 0.11707999999999993
2 0.68304 0.7776799999999999 0.12205999999999995 0.08062000000000012
2 0.5601799999999999 0.7935 0.11233999999999998 0.09701999999999998
2 0.46926 0.8696 0.12253999999999997 0.06718000000000006
2 0.6219600000000001 0.88624 0.11992000000000007 0.09248000000000002
2 0.71858 0.92632 0.0708599999999999 0.1246400000000001
2 0.5401 0.9625 0.11222000000000003 0.07101999999999999
2 0.07858000000000001 0.56898 0.13718 0.10196000000000004
2 0.11722 0.6500199999999999 0.09756000000000001 0.11996000000000004
2 0.14931999999999998 0.20726 0.08663999999999998 0.11051999999999998
2 0.11216 0.26245999999999997 0.05231999999999999 0.13908000000000004
