2 0.32892 0.58474 0.10586000000000001 0.0665
2 0.20808000000000001 0.44712 0.08418 0.07776
2 0.7750199999999999 0.38618 0.12602 0.05563999999999999
2 0.47448 0.2752 0.12096000000000004 0.07439999999999998
2 0.54852 0.14624 0.08903999999999997 0.07551999999999998
2 0.12813999999999998 0.30357999999999996 0.08588 0.04037999999999999
2 0.41292000000000006 0.26386000000000004 0.20750000000000005 0.12198000000000002
2 0.1151 0.24122 0.22047999999999995 0.05471999999999997
2 0.08932 0.11938 0.1703 0.12313999999999999
2 0.14787999999999998 0.48480000000000006 0.08154000000000002 0.24254000000000003
2 0.27894 0.5045 0.17162 0.19031999999999993
