2 0.71856 0.56874 0.20576 0.21283999999999997
2 0.26558 0.51352 0.17765999999999996 0.14170000000000005
2 0.25894 0.24276 0.14426 0.17518000000000003
2 0.10864 0.49818 0.09752000000000001 0.23593999999999993
2 0.08893999999999999 0.37918 0.06730000000000001 0.08615999999999997
2 0.10606 0.30084 0.21212 0.11425999999999999
2 0.80098 0.06495999999999999 0.09705999999999995 0.10406
2 0.16452 0.49834 0.05194 0.10954000000000003
2 0.02938 0.49966000000000005 0.05876 0.08993999999999994
2 0.02312 0.37286 0.04276 0.11594000000000006
2 0.12556 0.291 0.18314 0.11558000000000002
