2 0.42913999999999997 0.21530000000000002 0.07908000000000004 0.08774000000000001
2 0.8379 0.57278 0.05657999999999993 0.11905999999999994
2 0.52234 0.6516799999999999 0.05979999999999996 0.09866000000000008
2 0.20546 0.56756 0.08990000000000004 0.05405999999999995
2 0.14622 0.38439999999999996 0.10598000000000002 0.11322000000000003
2 0.25816 0.7607200000000001 0.06803999999999999 0.12038000000000011
2 0.28238 0.85898 0.05463999999999999 0.12053999999999997
2 0.36913999999999997 0.23588 0.19908000000000003 0.15434000000000003
2 0.1753 0.27262000000000003 0.13138 0.18055999999999997
2 0.20898000000000003 0.48748 0.19874000000000003 0.16301999999999997
2 0.18866000000000002 0.70074 0.19086000000000003 0.15679999999999997
2 0.34536 0.89648 0.14426 0.18829999999999997
2 0.77446 0.6339600000000001 0.11877999999999997 0.20144000000000006
2 0.5305 0.7687 0.18044000000000004 0.13672000000000004
2 0.36336 0.89128 0.08388 0.09079999999999995
