2 0.83202 0.4826600000000001 0.14186000000000012 0.17054000000000002
2 0.6087 0.4639 0.08711999999999989 0.19357999999999997
2 0.19976 0.15656 0.22960000000000003 0.09054000000000002
2 0.4423 0.18658000000000002 0.16093999999999994 0.13838
2 0.10142000000000001 0.60656 0.11312000000000001 0.10781999999999993
2 0.37694 0.30063999999999996 0.21058000000000004 0.09186000000000001
2 0.70482 0.11847999999999999 0.07190000000000009 0.22094
2 0.21824000000000002 0.23854 0.10522000000000002 0.07433999999999998
2 0.27762 0.85842 0.08379999999999999 0.08531999999999994
2 0.75542 0.16494 0.10375999999999999 0.06462000000000001
2 0.92098 0.46294 0.10742000000000007 0.06927999999999997
2 0.25977999999999996 0.09194 0.10318000000000004 0.06769999999999998
2 0.44301999999999997 0.36118 0.05896000000000003 0.11477999999999998
2 0.65624 0.43424 0.045900000000000094 0.09722000000000003
2 0.57762 0.20296 0.09407999999999993 0.06506
