2 0.55896 0.2807 0.17392000000000002 0.12538
2 0.51804 0.61214 0.24405999999999994 0.07629999999999995
2 0.75462 0.73398 0.09724000000000001 0.20796000000000003
2 0.39627999999999997 0.68662 0.10455999999999994 0.18122000000000002
2 0.32952 0.68876 0.08705999999999994 0.04248000000000002
2 0.6695 0.75728 0.06301999999999998 0.08657999999999992
2 0.44364 0.87978 0.11127999999999998 0.08842000000000007
2 0.52254 0.5424 0.09307999999999998 0.07518000000000007
2 0.5502400000000001 0.37512 0.11248000000000002 0.061779999999999974
2 0.61794 0.16194 0.07588000000000011 0.10787999999999999
