2 0.21925999999999998 0.47554 0.11124 0.06713999999999999
2 0.43760000000000004 0.45952 0.10763999999999999 0.06377999999999998
2 0.42014 0.6441399999999999 0.042360000000000016 0.11416000000000008
2 0.50698 0.6663 0.09625999999999998 0.07751999999999998
2 0.44736000000000004 0.7329199999999999 0.11363999999999999 0.055779999999999975
2 0.11712 0.69416 0.11495999999999998 0.062460000000000036
2 0.3821 0.81616 0.10968000000000007 0.0411400000000001
2 0.43816000000000005 0.84508 0.07672000000000002 0.07437999999999988
2 0.4890799999999999 0.9461799999999999 0.07449999999999994 0.078
2 0.6915800000000001 0.8109 0.11625999999999999 0.05672000000000003
2 0.72256 0.88182 0.10568000000000007 0.043079999999999924
2 0.65384 0.92252 0.04920000000000004 0.10409999999999991
