2 0.25292 0.09398000000000001 0.06983999999999997 0.11603999999999999
2 0.34742 0.39746 0.05082000000000005 0.13893999999999995
2 0.29104 0.5378 0.11008000000000001 0.06440000000000004
2 0.62446 0.88806 0.0809000000000001 0.09188000000000011
2 0.7113200000000001 0.8052999999999999 0.07733999999999992 0.0945999999999999
2 0.7583 0.8488600000000001 0.11938000000000011 0.050299999999999956
2 0.71186 0.9194 0.05227999999999997 0.11318000000000006
2 0.4375 0.80284 0.05984000000000003 0.09255999999999995
2 0.3533 0.9416599999999999 0.05810000000000002 0.09829999999999996
2 0.2132 0.86942 0.05957999999999999 0.0836400000000001
2 0.11498 0.79826 0.12128 0.06520000000000005
2 0.18481999999999998 0.9291 0.17941999999999997 0.08653999999999996
2 0.16596 0.71956 0.15919999999999998 0.16592000000000007
2 0.36063999999999996 0.80088 0.10410000000000003 0.1333599999999999
