2 0.13613999999999998 0.95114 0.179 0.08583999999999992
2 0.11907999999999999 0.39638 0.16108 0.15781999999999993
2 0.0522 0.70628 0.1044 0.06079999999999995
2 0.15708000000000003 0.23788 0.15886 0.13674
2 0.35986 0.7022200000000001 0.10546000000000004 0.04438000000000011
2 0.25598 0.18030000000000002 0.06604000000000002 0.10113999999999998
2 0.24806 0.58694 0.09067999999999998 0.05772000000000003
2 0.05708 0.8871 0.05572 0.1196400000000001
2 0.21538 0.37195999999999996 0.11501999999999998 0.062279999999999974
2 0.17428 0.7054 0.10336000000000001 0.0625999999999999
2 0.07424 0.1192 0.11534 0.051200000000000016
2 0.21819999999999998 0.5342 0.07132 0.10938000000000005
2 0.28656 0.68032 0.05867999999999995 0.07090000000000009
2 0.23606 0.66088 0.08698000000000002 0.07401999999999999
2 0.27264 0.41786 0.10146000000000001 0.039340000000000035
2 0.28258 0.6250800000000001 0.09370000000000002 0.04353999999999996
2 0.22113999999999998 0.687 0.10784000000000003 0.06875999999999999
