2 0.8415 0.42336 0.0895 0.09668000000000006
2 0.25554 0.39492 0.11307999999999999 0.04908000000000004
2 0.21481999999999998 0.07068 0.06398000000000002 0.12157999999999998
2 0.635 0.22916 0.07255999999999994 0.08290000000000003
2 0.21218 0.28006 0.06574 0.11222000000000003
2 0.36934 0.5608 0.10534000000000003 0.07566000000000009
2 0.19408 0.4626 0.08151999999999998 0.09387999999999999
2 0.71296 0.30156 0.10951999999999998 0.07477999999999997
2 0.70692 0.1125 0.11853999999999996 0.05687999999999999
2 0.5305599999999999 0.71324 0.11366000000000002 0.04901999999999998
2 0.38964 0.29854 0.063 0.11570000000000001
2 0.29018 0.45794 0.07548000000000002 0.09862
2 0.87288 0.11376 0.10870000000000005 0.04741999999999999
2 0.91598 0.31244 0.11977999999999997 0.061840000000000034
2 0.94766 0.56014 0.10224000000000001 0.06857999999999993
2 0.48072000000000004 0.6748 0.11551999999999998 0.05492000000000007
2 0.60972 0.75088 0.11301999999999998 0.08331999999999994
2 0.42910000000000004 0.3337 0.09865999999999997 0.07208000000000005
2 0.34002 0.6276 0.12044000000000006 0.056660000000000085
2 0.25592 0.21730000000000002 0.05447999999999999 0.13606000000000004
2 0.45283999999999996 0.47176 0.09276 0.10122000000000003
2 0.72312 0.73168 0.05103999999999996 0.10253999999999996
2 0.59616 0.666 0.07933999999999992 0.08624000000000001
2 0.12068000000000001 0.40902 0.09757999999999999 0.08470000000000004
2 0.12897999999999998 0.7767000000000001 0.11712 0.06205999999999995
2 0.17562 0.55236 0.11104000000000001 0.05833999999999992
2 0.45804 0.53504 0.06543999999999994 0.10031999999999994
2 0.11912 0.29972000000000004 0.06337999999999999 0.09963999999999999
2 0.7201000000000001 0.156 0.11659999999999991 0.04092000000000002
2 0.4213 0.44592000000000004 0.10036000000000002 0.06043999999999994
