2 0.48948 0.21104000000000003 0.28402 0.15214000000000003
2 0.68 0.14966 0.07148000000000002 0.18888
2 0.78208 0.34336 0.0463599999999999 0.20814
2 0.63452 0.29622000000000004 0.19016000000000008 0.06524
2 0.95604 0.44995999999999997 0.08638000000000011 0.15356000000000006
2 0.58668 0.055439999999999996 0.07224000000000001 0.10665999999999999
2 0.78152 0.0585 0.041920000000000075 0.11392000000000002
2 0.63644 0.34576 0.12996000000000005 0.04725999999999999
2 0.61818 0.6891 0.19774 0.25672
2 0.88428 0.6916599999999999 0.14368000000000006 0.21144000000000004
