2 0.15558000000000002 0.15266 0.10976 0.044680000000000004
2 0.27132 0.11542 0.045080000000000016 0.10484
2 0.47192 0.21084 0.061200000000000046 0.11144
2 0.5761799999999999 0.054380000000000005 0.0683599999999999 0.10648
2 0.59776 0.12732 0.04240000000000009 0.11854000000000002
2 0.60024 0.22540000000000002 0.09081999999999994 0.05666000000000002
2 0.5658 0.45244 0.05153999999999996 0.0835
2 0.8022999999999999 0.36962 0.102 0.054519999999999985
2 0.81396 0.55228 0.0760999999999999 0.07025999999999999
2 0.75998 0.6894600000000001 0.0813599999999999 0.024940000000000056
2 0.9412999999999999 0.6765599999999999 0.11740000000000009 0.049940000000000054
2 0.45218 0.7132999999999999 0.05532000000000005 0.12146000000000004
2 0.38839999999999997 0.72922 0.1035 0.054539999999999964
2 0.19162 0.8505199999999999 0.08901999999999999 0.09575999999999998
2 0.054799999999999995 0.68796 0.05429999999999999 0.08918000000000006
2 0.1461 0.59578 0.05130000000000001 0.09383999999999992
2 0.10606 0.51622 0.05612 0.09105999999999995
2 0.23116000000000003 0.44788 0.05952000000000001 0.08818000000000006
2 0.26288 0.33014 0.12494000000000002 0.04620000000000005
2 0.10346 0.2835 0.04502000000000001 0.10431999999999997
2 0.34098 0.93792 0.11329999999999996 0.08298000000000001
2 0.5189 0.92276 0.07424000000000001 0.1138599999999999
2 0.612 0.92544 0.09694000000000005 0.09994000000000006
2 0.39872 0.91232 0.11988 0.16996000000000003
2 0.13582 0.30704000000000004 0.14927999999999997 0.153
2 0.23639999999999997 0.2847 0.16275999999999996 0.13838
2 0.09481999999999999 0.24006 0.16226 0.12258000000000001
2 0.49192 0.0849 0.15215999999999996 0.14433999999999997
2 0.48602 0.15962 0.19220000000000004 0.09644
2 0.5903400000000001 0.2652 0.17983999999999997 0.08327999999999998
2 0.78396 0.31076 0.20179999999999995 0.06629999999999996
2 0.89118 0.41481999999999997 0.17001999999999998 0.12738
2 0.76242 0.46253999999999995 0.15687999999999988 0.12871999999999997
2 0.60134 0.41108 0.07033999999999992 0.17564
2 0.68412 0.5474 0.17198000000000002 0.0905
2 0.81372 0.61172 0.29053999999999996 0.14086000000000012
