2 0.8450599999999999 0.36913999999999997 0.12970000000000004 0.20222000000000004
2 0.44764 0.38230000000000003 0.07548000000000002 0.25593999999999995
2 0.2731 0.33376 0.14220000000000002 0.14364
2 0.9135 0.81876 0.12146000000000004 0.18957999999999992
2 0.49101999999999996 0.67286 0.17992000000000002 0.1441600000000001
2 0.49148000000000003 0.11784 0.17608 0.1527
2 0.92032 0.14894 0.08075999999999998 0.22641999999999995
2 0.73954 0.18252000000000002 0.10722000000000002 0.09816000000000003
2 0.12552 0.18364 0.20662 0.09612000000000001
2 0.5387799999999999 0.17334 0.1285 0.05001999999999998
2 0.7627200000000001 0.7413 0.06709999999999991 0.1255999999999999
2 0.50966 0.79626 0.09010000000000003 0.09898000000000001
2 0.85898 0.20674 0.06316000000000008 0.11303999999999999
2 0.52008 0.38768 0.10764000000000004 0.049740000000000006
2 0.87082 0.84196 0.08472000000000003 0.0973599999999999
2 0.43495999999999996 0.05416 0.11767999999999995 0.07448000000000002
2 0.5811000000000001 0.24624000000000001 0.24137999999999993 0.07308
2 0.7362000000000001 0.5972000000000001 0.19031999999999993 0.12531999999999993
2 0.92304 0.36156 0.1121400000000001 0.05206000000000006
2 0.7509600000000001 0.31010000000000004 0.21129999999999996 0.09172000000000002
2 0.07678 0.2538 0.12078000000000001 0.05151999999999998
2 0.15824000000000002 0.63998 0.08177999999999999 0.05066000000000008
2 0.64936 0.29286 0.1129000000000001 0.05172000000000003
2 0.29154 0.44033999999999995 0.04691999999999996 0.09638
2 0.70324 0.55086 0.0815 0.08325999999999999
2 0.15524000000000002 0.8749 0.06842000000000002 0.1084000000000001
2 0.33464 0.405 0.037139999999999986 0.11322000000000003
2 0.43782 0.97588 0.07379999999999995 0.04822000000000003
