2 0.05898 0.09132 0.07795999999999999 0.11336000000000002
2 0.15652000000000002 0.49119999999999997 0.04904000000000002 0.1496
2 0.22507999999999997 0.44632 0.11385999999999999 0.09663999999999999
2 0.25548 0.5812200000000001 0.06295999999999997 0.12242000000000007
2 0.15112 0.62958 0.13822000000000004 0.06716000000000008
2 0.42428 0.70884 0.11658000000000004 0.07766000000000008
2 0.42378 0.50208 0.04755999999999994 0.14415999999999995
2 0.52128 0.53654 0.14144000000000007 0.04692000000000007
2 0.49142 0.30842 0.11482000000000005 0.07286000000000001
2 0.56586 0.42998000000000003 0.07972000000000003 0.11203999999999996
2 0.66662 0.5175599999999999 0.08925999999999999 0.12088000000000006
2 0.7424400000000001 0.35196 0.0769000000000001 0.12408000000000004
2 0.5249400000000001 0.7994 0.11411999999999994 0.07722000000000002
2 0.34488 0.92534 0.08574000000000001 0.09333999999999992
2 0.25894 0.86076 0.13388 0.08248000000000001
