2 0.44551999999999997 0.33012 0.09689999999999997 0.11191999999999996
2 0.77124 0.37698000000000004 0.1138800000000001 0.06965999999999997
2 0.36751999999999996 0.32916 0.09394000000000005 0.11186000000000001
2 0.94974 0.67232 0.0929000000000001 0.09879999999999996
2 0.55436 0.86654 0.10864000000000004 0.09042000000000007
2 0.4061 0.23958000000000002 0.10931999999999993 0.08230000000000001
2 0.6447 0.19456 0.11425999999999999 0.06624000000000001
2 0.72178 0.77976 0.06977999999999997 0.11390000000000008
2 0.6741 0.13318000000000002 0.10696000000000004 0.059620000000000006
2 0.7647 0.52964 0.07079999999999996 0.10098000000000001
2 0.29810000000000003 0.21547999999999998 0.0545 0.12902000000000005
2 0.56576 0.57856 0.06218000000000006 0.13357999999999998
2 0.6943400000000001 0.87442 0.11674000000000001 0.0745999999999999
2 0.56662 0.93576 0.08368000000000006 0.102
2 0.5718 0.3403 0.10281999999999994 0.08556000000000005
2 0.5375 0.70152 0.12831999999999993 0.07211999999999989
2 0.71888 0.5830599999999999 0.11724000000000001 0.060720000000000024
2 0.09756000000000001 0.61082 0.12465999999999998 0.06225999999999999
2 0.6327200000000001 0.48906000000000005 0.08020000000000005 0.08804000000000002
2 0.83372 0.51564 0.06261999999999988 0.10996000000000003
2 0.8193400000000001 0.43827999999999995 0.07446000000000004 0.08848000000000002
2 0.59568 0.83008 0.08744000000000006 0.10246000000000004
2 0.6696 0.35036 0.051200000000000044 0.13496000000000002
2 0.82732 0.63022 0.06622000000000003 0.11725999999999999
2 0.62014 0.60376 0.06653999999999996 0.11994000000000006
2 0.78306 0.27256 0.04896000000000004 0.12039999999999998
2 0.46876 0.16346 0.11294000000000005 0.05695999999999998
2 0.6434 0.2607 0.13505999999999996 0.050620000000000005
2 0.7967000000000001 0.7937799999999999 0.056740000000000006 0.14072000000000004
2 0.48928 0.22766 0.11905999999999994 0.052920000000000016
2 0.54768 0.11316 0.10720000000000005 0.061
2 0.4961999999999999 0.9699800000000001 0.12973999999999994 0.0518599999999999
2 0.6529400000000001 0.7665599999999999 0.07898000000000002 0.08253999999999996
2 0.5682200000000001 0.054060000000000004 0.09338000000000012 0.08212
2 0.72522 0.92034 0.10394000000000006 0.0799000000000001
2 0.76842 0.18266 0.05111999999999989 0.119
2 0.40432 0.10564000000000001 0.11789999999999998 0.06582
2 0.71374 0.53418 0.10329999999999996 0.06507999999999999
2 0.41792 0.14906 0.08656000000000005 0.09204000000000002
2 0.4348 0.04288 0.14322000000000001 0.04464
2 0.73012 0.17832 0.04529999999999995 0.10937999999999999
