2 0.21480000000000002 0.09903999999999999 0.2695 0.14880000000000002
2 0.43574 0.64828 0.28957999999999995 0.19433999999999993
2 0.41925999999999997 0.79234 0.0605 0.1055999999999999
2 0.25386000000000003 0.34742 0.12901999999999997 0.06256000000000006
2 0.14686000000000002 0.32944 0.06281999999999999 0.07389999999999998
2 0.11578000000000001 0.2185 0.10840000000000002 0.09565999999999997
2 0.41768 0.27144 0.11160000000000002 0.061720000000000025
2 0.45626 0.32206 0.12759999999999996 0.05925999999999999
2 0.69074 0.43257999999999996 0.12557999999999991 0.05986000000000001
2 0.69608 0.1363 0.11994000000000006 0.05769999999999999
2 0.23302 0.15906 0.08033999999999998 0.14062
2 0.141 0.36412 0.14336000000000002 0.17574
2 0.25288 0.8128200000000001 0.15918000000000004 0.16233999999999993
2 0.3474 0.8217000000000001 0.06279999999999995 0.23838000000000012
2 0.07406 0.7413200000000001 0.12569999999999998 0.19526
2 0.17314 0.68196 0.048620000000000003 0.10192000000000007
