2 0.08188 0.4139 0.09176 0.10018000000000006
2 0.40488 0.27377999999999997 0.05375999999999999 0.08441999999999998
2 0.7217 0.18244 0.06740000000000008 0.13688
2 0.88634 0.15530000000000002 0.11268000000000006 0.06262000000000001
2 0.93592 0.31682 0.0881400000000001 0.09036000000000001
2 0.75414 0.42806 0.060259999999999994 0.10010000000000002
2 0.6693 0.5663400000000001 0.0866400000000001 0.03611999999999989
2 0.49162 0.61646 0.09624 0.06525999999999998
2 0.73912 0.8532000000000001 0.12694000000000005 0.06174000000000001
2 0.55334 0.87378 0.06492000000000007 0.08879999999999995
2 0.35594 0.9223 0.13210000000000002 0.0541400000000001
2 0.28448 0.8571799999999999 0.04691999999999996 0.09427999999999997
2 0.14378 0.8405 0.07736000000000001 0.06868000000000006
2 0.11073999999999999 0.64034 0.1268 0.059059999999999946
2 0.13796 0.7024600000000001 0.20197999999999997 0.09881999999999994
2 0.09426000000000001 0.82956 0.10770000000000002 0.20727999999999996
2 0.18046 0.8915599999999999 0.17268 0.09922000000000003
2 0.48475999999999997 0.6765599999999999 0.20724 0.09751999999999998
2 0.8973 0.8135 0.10375999999999999 0.20013999999999987
2 0.18256 0.1648 0.18958000000000005 0.26262
