2 0.5715 0.6289199999999999 0.06301999999999998 0.1338599999999999
2 0.57314 0.52388 0.10227999999999997 0.11224
2 0.698 0.68796 0.055980000000000016 0.13592000000000007
2 0.7683 0.6185 0.06059999999999991 0.145
2 0.7928999999999999 0.53524 0.11420000000000005 0.0625
2 0.80198 0.42692 0.08396000000000003 0.11815999999999997
2 0.79296 0.33286 0.10992000000000007 0.08174000000000001
2 0.76052 0.22532 0.12001999999999999 0.07063999999999998
2 0.7441599999999999 0.12007999999999999 0.09633999999999991 0.09616
2 0.90318 0.47824 0.08237999999999988 0.08446000000000004
2 0.91722 0.59066 0.11046000000000003 0.09068000000000007
2 0.88778 0.72976 0.09155999999999995 0.09248000000000002
2 0.8696 0.8142 0.10322000000000003 0.06757999999999993
2 0.5495800000000001 0.783 0.04316000000000008 0.086
2 0.95728 0.8175399999999999 0.06942000000000008 0.06492000000000007
