2 0.38048000000000004 0.053020000000000005 0.10305999999999994 0.04560000000000001
2 0.10624 0.1741 0.07984000000000001 0.04707999999999998
2 0.10344 0.26426 0.10942000000000002 0.053559999999999976
2 0.238 0.1782 0.07260000000000003 0.0795
2 0.48610000000000003 0.17392 0.09501999999999998 0.06354000000000003
2 0.31504000000000004 0.22684 0.07776 0.07968
2 0.248 0.26024 0.07365999999999996 0.08055999999999998
2 0.16586 0.31738 0.09345999999999997 0.06918000000000006
2 0.10336 0.3907 0.09842 0.05789999999999998
2 0.14462 0.50408 0.07086000000000002 0.10456000000000006
2 0.39364 0.30710000000000004 0.11429999999999996 0.054519999999999985
2 0.4603 0.404 0.08386000000000002 0.09355999999999995
2 0.62052 0.5435 0.10392000000000007 0.05009999999999991
2 0.0808 0.66446 0.08081999999999999 0.09874000000000001
2 0.74648 0.6784600000000001 0.047220000000000026 0.08716000000000008
2 0.94044 0.50182 0.11566000000000008 0.05334000000000003
2 0.86262 0.39612 0.1116400000000001 0.03891999999999996
2 0.8078200000000001 0.25880000000000003 0.08325999999999999 0.08074
2 0.95468 0.22932 0.0906400000000001 0.05101999999999998
