2 0.13398 0.1261 0.07190000000000002 0.08883999999999999
2 0.1385 0.19638 0.1117 0.06276
2 0.22236 0.42513999999999996 0.11988 0.06655999999999994
2 0.42052 0.34156 0.07603999999999997 0.11420000000000005
2 0.41036 0.42336 0.05574000000000001 0.0605
2 0.2605 0.51634 0.127 0.06972000000000003
2 0.19116 0.6162000000000001 0.12859999999999996 0.05607999999999993
2 0.37051999999999996 0.7856000000000001 0.10096000000000004 0.1046400000000001
2 0.4925400000000001 0.7285 0.11976000000000005 0.05127999999999997
2 0.8521 0.7698400000000001 0.12040000000000009 0.06525999999999998
2 0.79918 0.71838 0.06261999999999988 0.08553999999999996
2 0.4798199999999999 0.59472 0.06749999999999995 0.11431999999999994
