2 0.23818 0.88206 0.1535 0.17559999999999992
2 0.2464 0.4376999999999999 0.15083999999999997 0.15797999999999995
2 0.33512000000000003 0.69036 0.10712 0.19327999999999998
2 0.46372 0.6676599999999999 0.15809999999999996 0.1659000000000001
2 0.34702 0.8710399999999999 0.062340000000000034 0.11055999999999995
2 0.39314 0.53914 0.06963999999999998 0.10498000000000002
2 0.2592 0.67072 0.04789999999999998 0.12575999999999998
2 0.5159199999999999 0.6769400000000001 0.09485999999999996 0.09042000000000007
2 0.09966 0.9424 0.060180000000000004 0.11005999999999995
2 0.09422 0.71694 0.18292000000000003 0.07466000000000009
2 0.40426 0.9287000000000001 0.05841999999999996 0.07983999999999992
2 0.19502 0.27244 0.18558 0.10122000000000003
2 0.52438 0.91214 0.14374 0.16470000000000004
2 0.33772 0.46368000000000004 0.18963999999999998 0.13454000000000002
2 0.23484 0.33724 0.10806 0.047480000000000015
