2 0.47569999999999996 0.47041999999999995 0.19897999999999996 0.10523999999999996
2 0.38808 0.2127 0.08786000000000001 0.07915999999999997
2 0.86472 0.73856 0.09601999999999998 0.08892000000000007
2 0.36292 0.5455800000000001 0.11398000000000001 0.06990000000000003
2 0.87298 0.8292999999999999 0.23096000000000003 0.0770999999999999
2 0.7245 0.22868 0.11481999999999994 0.0805
2 0.4804 0.22501999999999997 0.07333999999999997 0.24323999999999998
2 0.3329 0.72102 0.16844000000000003 0.15413999999999986
2 0.26932 0.6766599999999999 0.12210000000000003 0.06594000000000005
2 0.60672 0.73736 0.07494000000000005 0.08581999999999994
2 0.5509400000000001 0.68526 0.060440000000000056 0.22722000000000003
2 0.11444 0.94156 0.06412000000000001 0.1055999999999999
2 0.8362200000000001 0.86452 0.1138800000000001 0.04946000000000004
2 0.11484 0.8568600000000001 0.11116000000000001 0.1799000000000001
2 0.71284 0.29710000000000003 0.22881999999999994 0.061779999999999974
