2 0.08688 0.22763999999999998 0.17022000000000004 0.31901999999999997
2 0.25892000000000004 0.35312 0.07576 0.10489999999999998
2 0.36163999999999996 0.56016 0.127 0.06748000000000001
2 0.4779 0.27508 0.10690000000000004 0.07758000000000001
2 0.23394 0.47002 0.13110000000000002 0.04832000000000005
2 0.39546 0.33152 0.06 0.11068000000000007
2 0.49539999999999995 0.11814 0.12625999999999998 0.044840000000000005
2 0.39602 0.16044 0.11988 0.04730000000000001
2 0.30706 0.25639999999999996 0.12822000000000003 0.06260000000000002
2 0.37498000000000004 0.06888 0.12713999999999998 0.04416
2 0.40628 0.1055 0.09920000000000005 0.05289999999999999
2 0.367 0.2016 0.09824000000000001 0.04566000000000003
2 0.43036 0.60964 0.12588 0.06579999999999996
2 0.35969999999999996 0.37633999999999995 0.07406000000000006 0.10782000000000005
2 0.31283999999999995 0.12818000000000002 0.09793999999999994 0.042860000000000016
2 0.29922000000000004 0.17448 0.11039999999999997 0.03498000000000002
2 0.29081999999999997 0.31786000000000003 0.05129999999999996 0.07131999999999994
2 0.46976 0.8508600000000001 0.12353999999999997 0.2861400000000001
