2 0.23914 0.42746 0.09870000000000002 0.07936000000000001
2 0.4041 0.37942000000000004 0.09251999999999998 0.050860000000000016
2 0.35944 0.6567799999999999 0.061960000000000036 0.11840000000000009
2 0.29754 0.90498 0.12243999999999997 0.07077999999999997
2 0.83748 0.9689800000000001 0.11583999999999992 0.05329999999999995
2 0.67998 0.20194 0.061700000000000046 0.10207999999999999
2 0.8692000000000001 0.25158 0.06357999999999993 0.11680000000000001
2 0.35086 0.36516000000000004 0.07220000000000004 0.21103999999999995
2 0.19618 0.50922 0.19230000000000003 0.10527999999999997
2 0.29738 0.63552 0.06918000000000006 0.22726
