2 0.25574 0.33039999999999997 0.1295 0.05348000000000002
2 0.18524000000000002 0.35228 0.12404000000000003 0.06022000000000003
2 0.42674 0.43654000000000004 0.10755999999999995 0.05488
2 0.43172000000000005 0.53774 0.07924 0.10946000000000003
2 0.3053 0.9088200000000001 0.06862 0.12925999999999999
2 0.6285599999999999 0.32148000000000004 0.1305 0.06803999999999996
2 0.9131 0.07318000000000001 0.09507999999999993 0.08734
2 0.5864400000000001 0.57036 0.11596000000000004 0.06192000000000007
2 0.58596 0.20862 0.11592000000000008 0.06418
2 0.27227999999999997 0.7293999999999999 0.06598000000000002 0.10816000000000008
2 0.7756000000000001 0.21266 0.12398000000000002 0.07680000000000001
2 0.57564 0.5169400000000001 0.13248000000000001 0.06053999999999996
2 0.6447999999999999 0.40564 0.1119000000000001 0.07062
2 0.64198 0.8522799999999999 0.26796000000000003 0.2538800000000001
2 0.58492 0.11012000000000001 0.1168599999999999 0.08115999999999998
2 0.4093 0.3514 0.13169999999999993 0.04889999999999998
2 0.73876 0.50198 0.09146000000000004 0.10051999999999998
2 0.33316 0.76388 0.12812 0.053019999999999984
2 0.33368000000000003 0.67998 0.04670000000000005 0.1138599999999999
2 0.32664 0.39033999999999996 0.12381999999999993 0.04782000000000005
2 0.45912000000000003 0.7583799999999999 0.11612000000000006 0.06001999999999998
2 0.84224 0.47188 0.139 0.05315999999999997
2 0.25212 0.81972 0.12544000000000002 0.060440000000000056
2 0.47498 0.6685599999999999 0.07998000000000002 0.0946400000000001
2 0.45638 0.8523 0.08062000000000001 0.0783800000000001
2 0.37842000000000003 0.62512 0.10251999999999999 0.07420000000000004
2 0.20232 0.76406 0.046060000000000004 0.10525999999999999
2 0.89678 0.32566 0.12466000000000008 0.06596000000000003
2 0.43898000000000004 0.25032 0.12548 0.04893999999999997
2 0.1013 0.74676 0.14104 0.050039999999999966
2 0.33627999999999997 0.53098 0.09548000000000002 0.08401999999999998
2 0.57408 0.66032 0.07398000000000002 0.06466000000000008
2 0.85438 0.53274 0.09618000000000006 0.04875999999999999
