2 0.0841 0.55856 0.0962 0.09709999999999996
2 0.24878 0.38589999999999997 0.05357999999999998 0.12422000000000002
2 0.5057200000000001 0.45254 0.10742000000000002 0.09310000000000002
2 0.4849 0.58286 0.12577999999999998 0.07025999999999999
2 0.33642 0.6097 0.11282000000000005 0.0633800000000001
2 0.36354000000000003 0.74874 0.06310000000000002 0.14253999999999997
2 0.20104 0.79298 0.13006 0.07001999999999999
2 0.43648000000000003 0.89822 0.08898000000000002 0.12042000000000007
2 0.5995199999999999 0.91742 0.13903999999999997 0.0771400000000001
2 0.66692 0.64916 0.12581999999999993 0.050299999999999956
2 0.86752 0.16390000000000002 0.04705999999999994 0.13582
2 0.90616 0.66738 0.09168000000000007 0.05725999999999999
2 0.7915599999999999 0.80496 0.0831400000000001 0.09807999999999993
2 0.8910800000000001 0.85594 0.18616000000000008 0.1041199999999999
2 0.44416 0.7048 0.12365999999999996 0.2224000000000001
2 0.62824 0.69088 0.24353999999999995 0.11422000000000003
2 0.573 0.86362 0.186 0.09277999999999997
2 0.85976 0.63148 0.2195 0.12505999999999995
2 0.3481 0.39426 0.16420000000000004 0.1995
2 0.8913 0.2474 0.20659999999999992 0.12121999999999997
