2 0.18053999999999998 0.22491999999999998 0.14038 0.049839999999999975
2 0.28606 0.51098 0.11579999999999999 0.061460000000000035
2 0.26592 0.59948 0.08974000000000001 0.08729999999999996
2 0.17364 0.6375 0.1305 0.05557999999999993
2 0.448 0.61954 0.14113999999999993 0.05101999999999998
2 0.42878 0.4893199999999999 0.10424000000000001 0.10195999999999998
2 0.47818 0.773 0.1299 0.06361999999999988
2 0.58472 0.94626 0.1335 0.04883999999999992
2 0.59646 0.83396 0.11611999999999989 0.054279999999999974
2 0.6557200000000001 0.6433 0.06346000000000003 0.10624000000000001
2 0.72882 0.6090800000000001 0.07772000000000003 0.116
2 0.7329 0.52088 0.07296000000000004 0.10281999999999994
2 0.47487999999999997 0.33168000000000003 0.11016000000000002 0.06839999999999997
2 0.48478 0.26844 0.14066000000000004 0.04996000000000001
2 0.59108 0.27546 0.048 0.12934000000000004
2 0.67798 0.33764 0.04603999999999996 0.12715999999999997
2 0.42928 0.15203999999999998 0.05494000000000005 0.12707999999999997
2 0.8522799999999999 0.1725 0.10572000000000002 0.061139999999999986
2 0.9231 0.28502 0.1323599999999999 0.05936000000000002
