2 0.17412 0.88936 0.08492000000000001 0.09516000000000008
2 0.22772 0.6166799999999999 0.11806 0.07807999999999993
2 0.32830000000000004 0.6917000000000001 0.06413999999999999 0.12898
2 0.39130000000000004 0.76106 0.08798000000000002 0.09892000000000008
2 0.5266799999999999 0.42158 0.059359999999999954 0.12234000000000003
2 0.25745999999999997 0.38256 0.07713999999999999 0.12824000000000002
2 0.38738 0.37795999999999996 0.06622000000000003 0.12287999999999999
2 0.4112 0.29598 0.13286 0.06138
2 0.38480000000000003 0.1915 0.053700000000000046 0.11145999999999998
2 0.44945999999999997 0.2405 0.10987999999999999 0.067
2 0.59738 0.27577999999999997 0.11518000000000006 0.05075999999999999
2 0.68852 0.29868 0.10574000000000001 0.04117999999999995
2 0.89766 0.13282 0.09694000000000005 0.08325999999999999
2 0.9165399999999999 0.192 0.12629999999999997 0.07632
2 0.87866 0.38326 0.07392000000000007 0.14244000000000007
2 0.88922 0.47864 0.1205 0.048559999999999943
2 0.77308 0.65564 0.14098000000000002 0.053019999999999984
2 0.8172 0.71776 0.08177999999999998 0.07977999999999998
2 0.80912 0.89154 0.06916000000000008 0.1221199999999999
