2 0.76238 0.5009600000000001 0.11524000000000001 0.09904000000000002
2 0.75666 0.91428 0.10762000000000012 0.04951999999999998
2 0.34096 0.7519 0.07810000000000002 0.10379999999999995
2 0.42334 0.52952 0.061899999999999976 0.11620000000000004
2 0.82714 0.09572 0.1228599999999999 0.06571999999999999
2 0.47858000000000006 0.5171399999999999 0.08476000000000004 0.25333999999999995
2 0.5681 0.5366599999999999 0.11142000000000007 0.34952
2 0.2719 0.81428 0.24665999999999996 0.10096000000000004
2 0.29524 0.9285800000000001 0.23048000000000002 0.08951999999999999
2 0.2838 0.88286 0.15238 0.045720000000000025
2 0.73762 0.8133400000000001 0.1971400000000001 0.15427999999999997
2 0.7083200000000001 0.5860599999999999 0.1833599999999999 0.11588000000000011
