2 0.05622 0.06798 0.04156 0.08703999999999999
2 0.050480000000000004 0.24778 0.03178000000000001 0.12216000000000002
2 0.10658 0.18142 0.08391999999999998 0.07083999999999997
2 0.26374000000000003 0.05539999999999999 0.10213999999999998 0.0681
2 0.15658000000000002 0.20782 0.06504000000000001 0.09575999999999998
2 0.16876 0.27006 0.04560000000000002 0.09617999999999997
2 0.083 0.33816 0.05122 0.10753999999999997
2 0.22156 0.21471999999999997 0.05492000000000002 0.11235999999999999
2 0.2806 0.2407 0.04808000000000004 0.08739999999999998
2 0.26422 0.27938 0.07270000000000001 0.037220000000000024
