2 0.24524 0.58 0.06379999999999998 0.12190000000000009
2 0.38048000000000004 0.87142 0.12858000000000003 0.08762000000000011
2 0.58048 0.94048 0.07333999999999992 0.11903999999999997
2 0.66476 0.84 0.0571400000000001 0.11809999999999991
2 0.7519 0.8019 0.07142000000000007 0.1733399999999999
2 0.89142 0.5481 0.12951999999999997 0.06379999999999995
2 0.9314199999999999 0.93428 0.06857999999999993 0.12
2 0.54904 0.24475999999999998 0.20476 0.11048000000000002
2 0.7119 0.1138 0.1780999999999999 0.12285999999999998
2 0.64334 0.61858 0.3285799999999999 0.11333999999999991
