2 0.26164 0.74982 0.08551999999999998 0.09716000000000008
2 0.36988 0.57026 0.09663999999999999 0.07581999999999994
2 0.4105 0.5545 0.06705999999999994 0.10648000000000002
2 0.8319 0.72784 0.05325999999999999 0.1153599999999999
2 0.69984 0.35118 0.09720000000000005 0.07001999999999999
2 0.78716 0.22936 0.05838000000000011 0.08174000000000001
2 0.56928 0.7570800000000001 0.24679999999999996 0.2666400000000001
2 0.41434 0.05648 0.05312000000000001 0.09928000000000001
2 0.5494199999999999 0.060820000000000006 0.22653999999999996 0.07966
2 0.74212 0.29566000000000003 0.19372000000000003 0.11536000000000002
2 0.83738 0.12754000000000001 0.18603999999999996 0.11941999999999998
2 0.8897999999999999 0.13888 0.08801999999999999 0.06865999999999998
2 0.899 0.18 0.202 0.104
