2 0.06626 0.13156 0.07568000000000001 0.10722000000000001
2 0.10356 0.49034 0.12566 0.058379999999999994
2 0.2447 0.90776 0.12391999999999999 0.07557999999999993
2 0.507 0.3765 0.12390000000000004 0.07360000000000003
2 0.38983999999999996 0.81584 0.12460000000000002 0.06303999999999996
2 0.5433600000000001 0.86952 0.1245 0.08342000000000008
2 0.58472 0.20392 0.11653999999999996 0.08081999999999999
2 0.63362 0.84654 0.0793599999999999 0.10503999999999997
2 0.1477 0.6356799999999999 0.09376 0.08574000000000001
2 0.56348 0.48612 0.13440000000000005 0.07164000000000004
2 0.1683 0.39514 0.12725999999999998 0.05013999999999998
2 0.3569 0.039939999999999996 0.10905999999999995 0.05607999999999999
2 0.19174000000000002 0.059 0.07048000000000001 0.10663999999999998
2 0.31344 0.45758 0.07789999999999998 0.10324000000000001
2 0.11604 0.73682 0.11829999999999999 0.0625
2 0.23206 0.75724 0.07520000000000002 0.0963599999999999
2 0.30833999999999995 0.30466000000000004 0.12502 0.07815999999999997
2 0.35208 0.13478 0.11120000000000005 0.07138
2 0.39064 0.94698 0.10491999999999996 0.08642000000000007
2 0.23614 0.5502400000000001 0.12763999999999998 0.045460000000000035
2 0.4278 0.24236000000000002 0.09822000000000003 0.09170000000000002
2 0.46606000000000003 0.9152 0.07108000000000005 0.12768000000000007
2 0.1373 0.16482 0.12384000000000002 0.052899999999999975
2 0.36904000000000003 0.25046 0.117 0.06990000000000003
2 0.5692200000000001 0.31395999999999996 0.09811999999999989 0.06991999999999995
2 0.42 0.43994 0.07136 0.10991999999999996
2 0.21394 0.837 0.09613999999999999 0.0664000000000001
2 0.43972 0.6136 0.06198000000000002 0.12846000000000005
2 0.0925 0.9017000000000001 0.12924000000000002 0.05974000000000001
2 0.08893999999999999 0.81872 0.1246 0.06459999999999991
2 0.52474 0.10066 0.09735999999999996 0.08601999999999999
2 0.13226 0.29076 0.093 0.06401999999999998
2 0.5145599999999999 0.19576 0.051059999999999946 0.11862
2 0.2063 0.19904 0.13398000000000002 0.05048000000000002
2 0.12869999999999998 0.0653 0.04539999999999999 0.11570000000000001
2 0.6162799999999999 0.39174000000000003 0.06005999999999995 0.09144000000000005
2 0.39196 0.5029399999999999 0.06663999999999999 0.11310000000000002
2 0.38708 0.64562 0.11817999999999995 0.06916000000000008
2 0.12912 0.3417 0.1145 0.044120000000000006
2 0.12954 0.77704 0.12063999999999998 0.04453999999999996
2 0.29938 0.79392 0.054720000000000026 0.11503999999999996
2 0.2768 0.49136 0.09098000000000002 0.048079999999999984
2 0.36310000000000003 0.67028 0.12962 0.04579999999999995
2 0.24653999999999998 0.3503 0.13109999999999997 0.06148000000000002
2 0.27888 0.61226 0.068 0.08970000000000004
2 0.27338 0.96762 0.13001999999999997 0.05309999999999991
2 0.23992000000000002 0.65814 0.11564000000000002 0.06111999999999989
2 0.2043 0.49444 0.06276 0.10636000000000001
2 0.55306 0.70274 0.10394000000000006 0.08346000000000003
2 0.18262 0.25739999999999996 0.08313999999999999 0.11115999999999997
