2 0.48656 0.39686 0.06665999999999997 0.10177999999999997
2 0.30438 0.05972 0.10227999999999997 0.0675
2 0.17096 0.41808 0.14814 0.10784000000000003
2 0.588 0.12142 0.0659000000000001 0.059960000000000006
2 0.5923200000000001 0.25932 0.059960000000000034 0.09939999999999997
2 0.6368400000000001 0.28564 0.054460000000000036 0.20298000000000002
2 0.28292 0.71076 0.09936000000000002 0.053220000000000024
2 0.16992 0.37966 0.26608 0.11463999999999999
2 0.7060599999999999 0.5213 0.17472000000000001 0.11425999999999999
2 0.72238 0.57756 0.08009999999999991 0.10679999999999995
