2 0.47648 0.44174 0.12608 0.16079999999999994
2 0.8252200000000001 0.10572 0.19601999999999997 0.07266000000000002
2 0.78754 0.48660000000000003 0.20586000000000013 0.10168000000000006
2 0.8019 0.31214 0.1393599999999999 0.20401999999999998
2 0.17534 0.08701999999999999 0.056699999999999987 0.12549999999999997
2 0.8725599999999999 0.04847999999999999 0.10874 0.07
2 0.18652000000000002 0.30136 0.07831999999999999 0.08463999999999999
2 0.7158 0.39380000000000004 0.09131999999999994 0.17977999999999997
2 0.8149 0.24224 0.06255999999999995 0.07589999999999998
2 0.6981 0.62258 0.10907999999999993 0.0601400000000001
2 0.41426 0.80698 0.11808000000000005 0.06218000000000006
2 0.7785 0.5512400000000001 0.20140000000000008 0.07666000000000008
2 0.35137999999999997 0.4084 0.05282000000000005 0.1225
2 0.64048 0.59872 0.0963599999999999 0.17124
