2 0.8891 0.62722 0.1075 0.061579999999999926
2 0.66322 0.63864 0.0738599999999999 0.0813599999999999
2 0.695 0.72788 0.0558599999999999 0.10225999999999999
2 0.95172 0.85034 0.09288000000000012 0.06944000000000006
2 0.7409199999999999 0.91552 0.08451999999999998 0.08161999999999989
2 0.7549 0.75142 0.061720000000000025 0.08259999999999991
2 0.39206 0.38377999999999995 0.10539999999999998 0.05479999999999995
2 0.95836 0.67716 0.05507999999999993 0.10718000000000007
2 0.7339 0.6824199999999999 0.1006400000000001 0.04005999999999994
2 0.42934 0.70214 0.05789999999999998 0.12655999999999995
2 0.59094 0.9475399999999999 0.1071400000000001 0.05392000000000007
2 0.32238 0.22862000000000002 0.05341999999999996 0.11675999999999999
2 0.8713 0.24656 0.11844000000000006 0.058120000000000005
2 0.4163 0.9195800000000001 0.08367999999999995 0.06229999999999995
