2 0.38589999999999997 0.7449199999999999 0.12713999999999998 0.06303999999999996
2 0.2102 0.23574 0.09104000000000002 0.08322000000000003
2 0.28714 0.7103200000000001 0.07755999999999998 0.1025
2 0.11498 0.35592 0.05970000000000002 0.10798000000000002
2 0.1225 0.2053 0.09918 0.07694
2 0.20214 0.4375 0.12091999999999999 0.06565999999999997
2 0.23406 0.53426 0.10639999999999998 0.08861999999999995
2 0.35486 0.9347000000000001 0.11744000000000006 0.0663599999999999
2 0.06531999999999999 0.7584 0.08718000000000001 0.07751999999999998
2 0.23302 0.81792 0.11794 0.052819999999999936
2 0.14184 0.06282 0.09051999999999998 0.09572
2 0.11118 0.7968999999999999 0.08080000000000001 0.1001400000000001
2 0.38952 0.3133 0.13313999999999998 0.05741999999999996
2 0.11395999999999999 0.94296 0.12102000000000002 0.05942000000000007
2 0.05356 0.86534 0.09974000000000001 0.06898000000000001
2 0.19282 0.6511399999999999 0.11938 0.06301999999999998
2 0.2007 0.13956 0.05244 0.10980000000000001
2 0.09556 0.5663400000000001 0.10482 0.0770999999999999
2 0.15884 0.89298 0.11498000000000001 0.04659999999999991
2 0.0728 0.48983999999999994 0.11714000000000001 0.05145999999999998
2 0.31606 0.04184 0.11062000000000001 0.061360000000000005
2 0.14924 0.49444 0.054060000000000004 0.13088
2 0.11930000000000002 0.6827000000000001 0.07500000000000001 0.0929000000000001
2 0.062479999999999994 0.15369999999999998 0.036739999999999995 0.10827999999999999
2 0.031479999999999994 0.25692000000000004 0.05414 0.11398000000000001
