2 0.75858 0.12048 0.1323799999999999 0.056200000000000014
2 0.7818999999999999 0.85952 0.12379999999999995 0.09048000000000002
2 0.48096 0.80572 0.04951999999999998 0.12190000000000009
2 0.4861999999999999 0.68952 0.12095999999999998 0.06666000000000008
2 0.37095999999999996 0.61714 0.12286000000000001 0.06857999999999993
2 0.35286 0.56762 0.13238 0.05524000000000001
2 0.31048000000000003 0.42904000000000003 0.09713999999999999 0.09048000000000002
2 0.17476 0.45048 0.11334000000000002 0.06665999999999997
2 0.13141999999999998 0.05714 0.12762 0.05714000000000001
2 0.07048 0.60666 0.1181 0.0971400000000001
2 0.07286 0.75524 0.12476000000000002 0.04951999999999998
2 0.26095999999999997 0.68 0.13713999999999998 0.053339999999999915
2 0.37142000000000003 0.84904 0.13524 0.07333999999999992
