2 0.39894 0.56702 0.08989999999999998 0.10996000000000003
2 0.3039 0.7096399999999999 0.09979999999999999 0.10472000000000002
2 0.20896 0.8269 0.11392000000000002 0.08620000000000004
2 0.086 0.87266 0.10801999999999998 0.06131999999999994
2 0.36584 0.8623200000000001 0.14769999999999994 0.0846400000000001
2 0.38554 0.9383400000000001 0.13293999999999995 0.09133999999999992
2 0.7976599999999999 0.62898 0.09931999999999994 0.09401999999999998
2 0.76106 0.5922000000000001 0.13811999999999988 0.05961999999999989
2 0.27114 0.22044 0.12201999999999998 0.09665999999999997
2 0.8386 0.19162 0.29320000000000007 0.18076
2 0.77052 0.883 0.26103999999999994 0.198
