2 0.27706000000000003 0.1613 0.04093999999999994 0.10804000000000002
2 0.18412 0.18268 0.07715999999999996 0.07877999999999998
2 0.061079999999999995 0.11416 0.11040000000000001 0.052280000000000014
2 0.08458 0.22130000000000002 0.08216 0.06748000000000001
2 0.29604 0.3107 0.09662000000000001 0.07482000000000005
2 0.06452 0.34712 0.08553999999999999 0.053
2 0.12552 0.43906 0.07754 0.05665999999999997
2 0.27227999999999997 0.42588 0.058419999999999986 0.08601999999999999
2 0.04028 0.48788 0.06196000000000001 0.10009999999999997
2 0.1702 0.6452 0.06281999999999999 0.08401999999999998
2 0.08498 0.70068 0.06944 0.06444000000000005
2 0.07234 0.8542799999999999 0.047139999999999994 0.10003999999999996
2 0.15672 0.88936 0.11240000000000001 0.16890000000000008
2 0.32914 0.86284 0.06560000000000002 0.08240000000000008
2 0.49617999999999995 0.76118 0.05647999999999996 0.0696400000000001
2 0.60088 0.77442 0.10190000000000009 0.04838000000000011
2 0.64686 0.9126000000000001 0.03933999999999992 0.07592000000000007
2 0.15386000000000002 0.69932 0.11565999999999999 0.1438399999999999
2 0.45536 0.6588999999999999 0.22198 0.16468000000000008
2 0.13934 0.53392 0.11663999999999998 0.13903999999999997
2 0.20134 0.56626 0.08948000000000002 0.15788000000000005
2 0.28026 0.4944200000000001 0.13568000000000002 0.15904000000000001
2 0.1763 0.39408 0.066 0.18498
2 0.22578000000000004 0.29278 0.08862000000000003 0.16391999999999995
2 0.13476 0.27818 0.04865999999999998 0.15784000000000004
2 0.064 0.2692 0.1025 0.12575999999999998
2 0.14922 0.13068000000000002 0.15740000000000004 0.12481999999999999
2 0.2711 0.12696000000000002 0.11489999999999997 0.16019999999999998
2 0.42845999999999995 0.17294 0.00015999999999996816 0.0007599999999999909
