2 0.61414 0.52246 0.21731999999999993 0.08664000000000004
2 0.2414 0.81772 0.14778000000000002 0.15181999999999993
2 0.26236000000000004 0.50726 0.07086000000000002 0.22144000000000005
2 0.40892 0.9078200000000001 0.12602 0.12394000000000005
2 0.46262000000000003 0.75666 0.21196000000000004 0.11283999999999991
2 0.33098 0.48164 0.06208000000000004 0.11318000000000006
2 0.44482 0.55508 0.07506000000000006 0.09198000000000002
2 0.49342 0.35628 0.11087999999999999 0.047480000000000015
2 0.66744 0.6216799999999999 0.04375999999999999 0.10746000000000004
2 0.67792 0.89286 0.08120000000000005 0.08596000000000004
2 0.5757000000000001 0.63324 0.13198000000000001 0.13551999999999997
2 0.44712 0.27266 0.20998000000000003 0.09043999999999996
2 0.48884 0.93116 0.03308000000000004 0.11507999999999993
2 0.35768 0.94088 0.09703999999999996 0.0664000000000001
2 0.49648000000000003 0.64566 0.17858 0.12242000000000007
2 0.0905 0.48278 0.09468 0.21227999999999997
2 0.83202 0.55044 0.12822000000000003 0.24768000000000007
2 0.85072 0.3668 0.19696000000000002 0.07241999999999996
2 0.48382 0.70288 0.11808000000000005 0.061900000000000094
2 0.4904 0.46388 0.21837999999999994 0.06839999999999997
2 0.41464 0.04438000000000001 0.21635999999999997 0.0711
2 0.17064 0.93186 0.08374000000000001 0.06855999999999994
2 0.61322 0.09901999999999998 0.04392000000000007 0.11849999999999998
2 0.5465599999999999 0.4128 0.05807999999999993 0.09312000000000001
2 0.92538 0.4963399999999999 0.05675999999999999 0.08921999999999997
