2 0.17122 0.51574 0.11045999999999997 0.07251999999999999
2 0.347 0.5160399999999999 0.054 0.11207999999999999
2 0.55286 0.33866 0.10972000000000003 0.057299999999999955
2 0.5870599999999999 0.3986 0.0939000000000001 0.05479999999999995
2 0.67486 0.46726 0.061720000000000025 0.0895
2 0.68222 0.15458000000000002 0.06674000000000001 0.09126
2 0.5390199999999999 0.85346 0.062019999999999985 0.07492000000000007
2 0.7027 0.82 0.04538000000000011 0.096
2 0.31926 0.80904 0.09051999999999998 0.05407999999999993
2 0.061700000000000005 0.94664 0.11137999999999999 0.06270000000000005
2 0.14966 0.60446 0.19666000000000003 0.11509999999999991
2 0.27612000000000003 0.4723 0.11577999999999997 0.18858000000000005
2 0.44806 0.36169999999999997 0.08413999999999999 0.21141999999999997
2 0.54528 0.5347000000000001 0.09455999999999995 0.21338000000000004
2 0.7422000000000001 0.40804 0.08840000000000009 0.21610000000000001
2 0.8465 0.29419999999999996 0.191 0.10041999999999998
2 0.7489600000000001 0.18444 0.19792000000000007 0.12313999999999999
2 0.9332999999999999 0.09609999999999999 0.1305999999999999 0.16419999999999998
2 0.6391 0.87248 0.14979999999999996 0.11501999999999998
2 0.49732 0.87558 0.16662000000000002 0.17916000000000007
2 0.371 0.89462 0.23401999999999998 0.10124000000000001
2 0.24302 0.80414 0.11404000000000002 0.19972000000000004
2 0.856 0.90638 0.148 0.15124
