2 0.82972 0.10172 0.11405999999999994 0.20344
2 0.63248 0.37448000000000004 0.11681999999999994 0.20155999999999993
2 0.91938 0.35044 0.09924000000000001 0.07989999999999997
2 0.6821200000000001 0.5181399999999999 0.22355999999999995 0.10377999999999997
2 0.73846 0.46427999999999997 0.12329999999999995 0.05529999999999995
2 0.8893 0.10312 0.09618000000000006 0.048199999999999986
2 0.82688 0.6549400000000001 0.06587999999999988 0.10626
2 0.48272000000000004 0.18374000000000001 0.22957999999999998 0.20318000000000003
2 0.8793 0.55984 0.21446000000000004 0.09170000000000005
2 0.61866 0.23456 0.12805999999999995 0.06508000000000001
2 0.7469 0.29314 0.22266000000000008 0.09892
2 0.53018 0.30422000000000005 0.057299999999999955 0.08786000000000001
2 0.46982 0.037239999999999995 0.12089999999999998 0.05533999999999999
2 0.49528 0.19622 0.16824 0.06031999999999999
