2 0.26924000000000003 0.47506 0.17448000000000002 0.13389999999999996
2 0.1247 0.45524000000000003 0.09341999999999999 0.21046000000000004
2 0.17664 0.46018000000000003 0.05315999999999997 0.10108000000000004
2 0.03606 0.45874000000000004 0.059699999999999996 0.08570000000000004
2 0.02948 0.33342 0.04388 0.1075
2 0.09504 0.34134 0.06235999999999999 0.07687999999999999
2 0.27154 0.20918 0.14136 0.16934000000000002
2 0.14244 0.25134 0.18198000000000003 0.10759999999999996
2 0.11668 0.27022 0.18024 0.09553999999999999
2 0.7105199999999999 0.52386 0.20920000000000005 0.20062000000000005
