2 0.20628 0.35128 0.12107999999999998 0.060519999999999984
2 0.41134 0.21566 0.14460000000000003 0.0565
2 0.55652 0.24752000000000002 0.06253999999999996 0.08993999999999999
2 0.8324600000000001 0.29460000000000003 0.1265999999999999 0.06862
2 0.9352999999999999 0.5199199999999999 0.10555999999999995 0.09364000000000004
2 0.74878 0.72526 0.09079999999999995 0.10601999999999998
2 0.5813200000000001 0.86476 0.05140000000000009 0.08409999999999991
2 0.69038 0.9574600000000001 0.08127999999999998 0.07479999999999995
2 0.85348 0.91988 0.06542000000000008 0.12162000000000012
2 0.05653999999999999 0.8274600000000001 0.09537999999999999 0.0939000000000001
2 0.24672000000000002 0.6634 0.10076000000000002 0.10626
2 0.32198000000000004 0.24672 0.22844000000000003 0.08309999999999997
2 0.44551999999999997 0.52496 0.19676 0.14918000000000006
2 0.21608000000000002 0.51674 0.21558 0.14251999999999998
2 0.07658 0.36578 0.10053999999999999 0.05177999999999997
2 0.11866 0.78424 0.17254000000000003 0.15968000000000007
2 0.24084000000000003 0.75682 0.15174000000000004 0.16355999999999996
2 0.46277999999999997 0.8313400000000001 0.19483999999999999 0.17294000000000007
2 0.68172 0.79852 0.19753999999999997 0.14168000000000006
2 0.83288 0.8632799999999999 0.10112000000000011 0.20244000000000006
2 0.89538 0.7040599999999999 0.13705999999999993 0.18957999999999992
