1 0.883594 0.807813 0.090625 0.106250
1 0.876563 0.560937 0.040625 0.118750
1 0.899219 0.462500 0.028125 0.084375
1 0.876563 0.224219 0.040625 0.056250
1 0.792969 0.153906 0.040625 0.046875
1 0.628906 0.185156 0.043750 0.046875
1 0.646094 0.295312 0.050000 0.043750
1 0.617969 0.276562 0.043750 0.043750
1 0.690625 0.374219 0.031250 0.065625
1 0.640625 0.394531 0.050000 0.056250
1 0.704688 0.551562 0.046875 0.121875
1 0.603125 0.550000 0.056250 0.093750
1 0.468750 0.087500 0.042188 0.043750
1 0.359375 0.226562 0.045312 0.048438
1 0.275781 0.431250 0.031250 0.093750
1 0.095312 0.157812 0.037500 0.046875
1 0.178906 0.425000 0.025000 0.081250
1 0.248438 0.599219 0.025000 0.104688
1 0.188281 0.783594 0.068750 0.090625
