1 0.775781 0.228125 0.065625 0.065625
1 0.110156 0.157031 0.112500 0.034375
1 0.207813 0.445312 0.043750 0.018750
1 0.196094 0.491406 0.056250 0.025000
1 0.100781 0.530469 0.046875 0.018750
1 0.115625 0.667188 0.042188 0.040625
1 0.160156 0.677344 0.051562 0.023438
1 0.214844 0.687500 0.031250 0.040625
1 0.363281 0.463281 0.042188 0.018750
1 0.327344 0.534375 0.081250 0.021875
1 0.338281 0.612500 0.046875 0.018750
1 0.361719 0.596875 0.084375 0.023438
1 0.429688 0.578906 0.064062 0.015625
1 0.449219 0.559375 0.064062 0.031250
1 0.522656 0.589063 0.064062 0.023438
1 0.502344 0.622656 0.056250 0.021875
1 0.546094 0.574219 0.043750 0.025000
1 0.591406 0.550000 0.053125 0.028125
1 0.625000 0.524219 0.037500 0.040625
1 0.646094 0.559375 0.056250 0.029687
1 0.646094 0.606250 0.073438 0.023438
1 0.754687 0.600781 0.046875 0.018750
1 0.603906 0.614844 0.025000 0.040625
1 0.032813 0.564844 0.060937 0.026562
