1 0.192969 0.868750 0.035937 0.117969
1 0.200781 0.950781 0.061719 0.067187
1 0.309375 0.925000 0.062500 0.050781
1 0.870313 0.860156 0.065625 0.061719
1 0.867969 0.825000 0.057031 0.047656
1 0.859375 0.785156 0.058594 0.044531
1 0.830469 0.738281 0.039844 0.096094
1 0.833594 0.652344 0.067969 0.042188
1 0.829688 0.621094 0.067187 0.038281
1 0.821875 0.590625 0.052344 0.039062
1 0.811719 0.550000 0.053906 0.052344
1 0.801562 0.482031 0.041406 0.084375
1 0.755469 0.485938 0.050000 0.060156
1 0.356250 0.339844 0.057031 0.085938
1 0.371094 0.224219 0.035937 0.098437
1 0.429688 0.221094 0.059375 0.046875
1 0.463281 0.242969 0.034375 0.089063
1 0.493750 0.212500 0.039062 0.103906
1 0.550781 0.193750 0.058594 0.064062
1 0.522656 0.152344 0.063281 0.059375
1 0.450781 0.175000 0.040625 0.071094
1 0.411719 0.158594 0.057813 0.082031
1 0.204687 0.485938 0.050781 0.102344
1 0.051562 0.070312 0.066406 0.071875
1 0.126562 0.080469 0.059375 0.045312
1 0.052344 0.035156 0.055469 0.042969
1 0.259375 0.023438 0.081250 0.046875
1 0.014844 0.034375 0.029687 0.062500
