1 0.571875 0.508594 0.028906 0.079687
1 0.500781 0.386719 0.033594 0.050000
1 0.339062 0.634375 0.052344 0.067187
1 0.661719 0.203125 0.033594 0.029687
1 0.680469 0.224219 0.031250 0.033594
1 0.667188 0.263281 0.025000 0.033594
1 0.596094 0.270313 0.026562 0.039062
1 0.601562 0.306250 0.033594 0.035937
1 0.594531 0.371094 0.033594 0.044531
1 0.616406 0.453906 0.029687 0.063281
1 0.431250 0.275000 0.026562 0.044531
1 0.449219 0.186719 0.028125 0.040625
1 0.457813 0.142187 0.022656 0.035156
1 0.407813 0.140625 0.022656 0.035156
1 0.379688 0.172656 0.014844 0.038281
1 0.325781 0.230469 0.022656 0.053125
1 0.289062 0.185938 0.018750 0.036719
1 0.277344 0.259375 0.025781 0.039844
1 0.213281 0.222656 0.025781 0.037500
1 0.232031 0.617969 0.039062 0.080469
1 0.281250 0.569531 0.024219 0.085938
1 0.517188 0.164844 0.012500 0.039844
1 0.557813 0.209375 0.017188 0.039844
1 0.582812 0.185938 0.012500 0.026562
1 0.177344 0.227344 0.016406 0.046875
1 0.244531 0.599219 0.020313 0.050781
