1 0.832812 0.516406 0.048438 0.059375
1 0.575781 0.868750 0.053125 0.112500
1 0.521094 0.530469 0.023438 0.087500
1 0.459375 0.469531 0.029687 0.075000
1 0.307031 0.596875 0.050000 0.050000
1 0.294531 0.340625 0.040625 0.059375
1 0.017969 0.369531 0.031250 0.050000
1 0.404687 0.297656 0.031250 0.048438
1 0.434375 0.250000 0.037500 0.050000
1 0.528906 0.165625 0.031250 0.043750
1 0.719531 0.276562 0.040625 0.045312
1 0.665625 0.443750 0.037500 0.053125
1 0.843750 0.378125 0.034375 0.068750
1 0.876563 0.332031 0.035937 0.043750
1 0.657813 0.221875 0.025000 0.043750
1 0.810937 0.209375 0.034375 0.037500
1 0.862500 0.239063 0.028125 0.050000
1 0.839844 0.271875 0.031250 0.043750
1 0.810156 0.289844 0.034375 0.037500
1 0.035156 0.301563 0.026562 0.057813
1 0.647656 0.255469 0.018750 0.031250
1 0.371094 0.364063 0.021875 0.031250
1 0.826562 0.278125 0.015625 0.046875
