1 0.331250 0.643750 0.045312 0.104688
1 0.240625 0.532031 0.043750 0.078125
1 0.214844 0.369531 0.046875 0.053125
1 0.214844 0.314063 0.021875 0.068750
1 0.188281 0.275781 0.026562 0.034375
1 0.596875 0.309375 0.029687 0.068750
1 0.478125 0.445312 0.050000 0.062500
1 0.575000 0.612500 0.051562 0.065625
1 0.617969 0.545312 0.045312 0.087500
1 0.746094 0.646094 0.073438 0.070312
1 0.932031 0.707812 0.065625 0.115625
1 0.973437 0.627344 0.050000 0.081250
1 0.921094 0.561719 0.067187 0.065625
1 0.891406 0.417969 0.046875 0.053125
1 0.832031 0.292187 0.046875 0.046875
1 0.711719 0.345313 0.039062 0.065625
1 0.763281 0.432812 0.037500 0.084375
1 0.657813 0.225781 0.018750 0.071875
1 0.692187 0.130469 0.025000 0.043750
1 0.672656 0.083594 0.031250 0.035937
1 0.639062 0.044531 0.018750 0.026562
1 0.591406 0.132031 0.035937 0.039062
1 0.559375 0.090625 0.034375 0.040625
1 0.595313 0.097656 0.020313 0.039062
1 0.197656 0.277344 0.020313 0.018750
