1 0.849219 0.285938 0.139063 0.064062
1 0.692187 0.297656 0.107813 0.062500
1 0.754687 0.492969 0.100000 0.040625
1 0.567187 0.575781 0.093750 0.025000
1 0.810156 0.655469 0.128125 0.039062
1 0.667969 0.772656 0.081250 0.057813
1 0.442969 0.546875 0.100000 0.021875
1 0.355469 0.701562 0.062500 0.018750
1 0.467969 0.289844 0.068750 0.050000
1 0.351562 0.203906 0.056250 0.046875
1 0.330469 0.400781 0.056250 0.021875
1 0.239063 0.451562 0.056250 0.043750
1 0.217188 0.321875 0.043750 0.043750
1 0.242188 0.606250 0.050000 0.031250
1 0.178125 0.665625 0.060937 0.015625
1 0.469531 0.875781 0.092188 0.048438
1 0.096094 0.564844 0.040625 0.031250
1 0.111719 0.733594 0.045312 0.028125
1 0.257812 0.317188 0.028125 0.015625
