1 0.495312 0.803125 0.059375 0.096875
1 0.317969 0.654687 0.040625 0.065625
1 0.372656 0.564844 0.048438 0.062500
1 0.347656 0.507812 0.021875 0.051562
1 0.112500 0.806250 0.037500 0.082812
1 0.088281 0.839844 0.028125 0.050000
1 0.196094 0.417969 0.018750 0.043750
1 0.137500 0.371094 0.012500 0.034375
1 0.236719 0.422656 0.023438 0.043750
1 0.289844 0.402344 0.021875 0.059375
1 0.264844 0.350000 0.015625 0.037500
1 0.554688 0.746875 0.034375 0.109375
1 0.499219 0.629687 0.040625 0.064062
1 0.540625 0.473438 0.037500 0.045312
1 0.519531 0.300781 0.018750 0.039062
1 0.550781 0.340625 0.015625 0.045312
1 0.582812 0.353125 0.012500 0.046875
1 0.677344 0.372656 0.031250 0.037500
1 0.673438 0.401562 0.037500 0.043750
1 0.671875 0.451562 0.026562 0.059375
1 0.439844 0.330469 0.031250 0.043750
1 0.368750 0.308594 0.010937 0.043750
1 0.413281 0.297656 0.015625 0.037500
1 0.435156 0.280469 0.023438 0.031250
1 0.296094 0.392969 0.037500 0.037500
