1 0.218750 0.742969 0.068750 0.062500
1 0.165625 0.550000 0.068750 0.057813
1 0.125000 0.500781 0.051562 0.057813
1 0.076563 0.456250 0.028125 0.040625
1 0.378125 0.815625 0.040625 0.137500
1 0.596875 0.359375 0.046875 0.054688
1 0.618750 0.645312 0.056250 0.056250
1 0.642969 0.550781 0.065625 0.068750
1 0.773438 0.586719 0.071875 0.060937
1 0.932031 0.568750 0.065625 0.087500
1 0.931250 0.471875 0.034375 0.093750
1 0.881250 0.443750 0.056250 0.075000
1 0.820312 0.317969 0.035937 0.064062
1 0.725781 0.376563 0.026562 0.081250
1 0.741406 0.221094 0.037500 0.050000
1 0.658594 0.312500 0.040625 0.064062
1 0.581250 0.214844 0.028125 0.067187
1 0.578906 0.109375 0.031250 0.043750
1 0.529687 0.065625 0.026562 0.035937
1 0.493750 0.142187 0.034375 0.037500
1 0.465625 0.094531 0.034375 0.042188
1 0.472656 0.515625 0.059375 0.056250
1 0.065625 0.460938 0.028125 0.048438
1 0.513281 0.089063 0.025000 0.043750
