1 0.275781 0.489063 0.028125 0.055469
1 0.257031 0.512500 0.010937 0.042188
1 0.241406 0.635938 0.022656 0.043750
1 0.150781 0.646094 0.042969 0.049219
1 0.169531 0.957812 0.064062 0.078125
1 0.528125 0.482031 0.035156 0.056250
1 0.567969 0.455469 0.025781 0.061719
1 0.531250 0.396094 0.028125 0.045312
1 0.549219 0.318750 0.027344 0.034375
1 0.647656 0.310156 0.015625 0.039844
1 0.650781 0.276562 0.028125 0.033594
1 0.578906 0.248438 0.008594 0.025781
1 0.553125 0.242188 0.009375 0.031250
1 0.524219 0.220312 0.015625 0.028906
1 0.462500 0.239844 0.024219 0.032813
1 0.457813 0.203906 0.016406 0.025781
1 0.429688 0.196094 0.015625 0.026562
1 0.404687 0.221094 0.009375 0.032813
1 0.352344 0.282813 0.016406 0.045312
1 0.323437 0.240625 0.010156 0.030469
1 0.314063 0.292969 0.020313 0.035937
1 0.401562 0.331250 0.017188 0.043750
1 0.429688 0.370312 0.030469 0.039844
1 0.398438 0.416406 0.028125 0.044531
1 0.651563 0.259375 0.025781 0.025000
1 0.227344 0.262500 0.010937 0.026562
1 0.279687 0.289844 0.015625 0.028906
