1 0.209375 0.662500 0.031250 0.125000
1 0.185156 0.905469 0.042969 0.099219
1 0.166406 0.965625 0.034375 0.035156
1 0.282813 0.732812 0.070312 0.057031
1 0.309375 0.831250 0.031250 0.039062
1 0.342969 0.773438 0.046094 0.090625
1 0.430469 0.632031 0.045312 0.095312
1 0.534375 0.545312 0.019531 0.048438
1 0.818750 0.103906 0.064062 0.060156
1 0.857031 0.315625 0.071094 0.067969
1 0.900781 0.639844 0.067187 0.039844
1 0.810156 0.172656 0.075781 0.053906
1 0.664062 0.076563 0.042969 0.104688
1 0.708594 0.165625 0.056250 0.082812
1 0.588281 0.950000 0.085156 0.061719
1 0.570312 0.853125 0.057031 0.116406
1 0.886719 0.887500 0.062500 0.107031
1 0.384375 0.542188 0.023438 0.089063
1 0.379688 0.432031 0.027344 0.032813
1 0.412500 0.446875 0.027344 0.101562
1 0.402344 0.412500 0.013281 0.064844
1 0.429688 0.314844 0.032813 0.115625
1 0.477344 0.250000 0.047656 0.083594
1 0.496094 0.276562 0.025000 0.060156
1 0.495312 0.036719 0.042188 0.069531
1 0.608594 0.057813 0.031250 0.069531
1 0.559375 0.247656 0.034375 0.039844
1 0.535156 0.231250 0.028125 0.051562
1 0.541406 0.315625 0.043750 0.065625
1 0.786719 0.407813 0.026562 0.041406
1 0.783594 0.525000 0.041406 0.061719
1 0.762500 0.299219 0.031250 0.050000
1 0.768750 0.348438 0.043750 0.039062
1 0.960156 0.454688 0.051562 0.038281
1 0.829688 0.370312 0.046094 0.057031
1 0.692187 0.221875 0.064844 0.041406
1 0.711719 0.269531 0.071094 0.056250
1 0.932813 0.050781 0.057813 0.099219
1 0.885938 0.043750 0.042188 0.053125
1 0.849219 0.020313 0.074219 0.035937
1 0.772656 0.028125 0.046094 0.051562
