1 0.275781 0.121094 0.039062 0.125781
1 0.489844 0.588281 0.034375 0.109375
1 0.589063 0.535156 0.050000 0.074219
1 0.600781 0.682031 0.077344 0.056250
1 0.400000 0.743750 0.071094 0.065625
1 0.364844 0.458594 0.040625 0.040625
1 0.436719 0.450781 0.030469 0.035156
1 0.560937 0.118750 0.027344 0.059375
1 0.517188 0.024219 0.028125 0.048438
1 0.471875 0.020313 0.032031 0.039062
1 0.714844 0.085156 0.039844 0.057031
1 0.712500 0.025781 0.037500 0.038281
1 0.451562 0.685937 0.057031 0.094531
1 0.484375 0.950781 0.031250 0.089063
1 0.614844 0.887500 0.047656 0.127344
1 0.668750 0.928125 0.031250 0.064062
1 0.705469 0.900000 0.034375 0.082031
1 0.429688 0.903125 0.025000 0.134375
1 0.402344 0.894531 0.033594 0.121875
1 0.606250 0.292187 0.078906 0.042969
1 0.585156 0.388281 0.032813 0.129688
1 0.603125 0.204687 0.037500 0.128125
1 0.716406 0.067969 0.027344 0.036719
