1 0.970313 0.437500 0.054688 0.040625
1 0.441406 0.832031 0.089063 0.021875
1 0.565625 0.581250 0.081250 0.021875
1 0.181250 0.660937 0.068750 0.056250
1 0.702344 0.370312 0.040625 0.043750
1 0.952344 0.080469 0.068750 0.046875
1 0.932031 0.032031 0.075000 0.043750
1 0.044531 0.506250 0.071875 0.071875
1 0.672656 0.275781 0.075000 0.084375
1 0.563281 0.242188 0.150000 0.050000
1 0.322656 0.284375 0.146875 0.054688
1 0.410156 0.015625 0.081250 0.029687
1 0.320312 0.030469 0.056250 0.043750
1 0.378906 0.050000 0.059375 0.021875
1 0.466406 0.085938 0.062500 0.025000
1 0.371094 0.103125 0.073438 0.028125
1 0.334375 0.280469 0.056250 0.031250
1 0.984375 0.281250 0.028125 0.064062
