1 0.548438 0.444531 0.073438 0.078125
1 0.606250 0.482031 0.028125 0.050000
1 0.587500 0.557813 0.050000 0.053125
1 0.723437 0.248438 0.053125 0.125000
1 0.817969 0.075781 0.043750 0.056250
1 0.814063 0.374219 0.032813 0.031250
1 0.817187 0.445312 0.065625 0.090625
1 0.845313 0.553125 0.053125 0.098437
1 0.947656 0.638281 0.078125 0.090625
1 0.935156 0.680469 0.035937 0.075000
1 0.865625 0.791406 0.042188 0.040625
1 0.780469 0.777344 0.040625 0.056250
1 0.711719 0.915625 0.073438 0.057813
1 0.518750 0.846094 0.071875 0.062500
1 0.496875 0.743750 0.040625 0.050000
1 0.380469 0.742188 0.056250 0.109375
1 0.410156 0.506250 0.043750 0.065625
1 0.253125 0.682031 0.078125 0.079687
1 0.094531 0.724219 0.090625 0.065625
1 0.030469 0.696875 0.048438 0.056250
1 0.026562 0.883594 0.051562 0.059375
1 0.781250 0.900781 0.078125 0.075000
