1 0.309375 0.058594 0.046875 0.053906
1 0.432812 0.100781 0.039062 0.056250
1 0.466406 0.107031 0.035937 0.041406
1 0.619531 0.271875 0.044531 0.089844
1 0.757031 0.235937 0.043750 0.085938
1 0.715625 0.017969 0.026562 0.035156
1 0.930469 0.383594 0.064844 0.082031
1 0.938281 0.656250 0.063281 0.094531
1 0.612500 0.720313 0.065625 0.084375
1 0.464844 0.685156 0.081250 0.075000
1 0.281250 0.728906 0.068750 0.119531
1 0.396875 0.475000 0.052344 0.110937
1 0.460938 0.200000 0.055469 0.047656
1 0.408594 0.196094 0.028125 0.080469
1 0.362500 0.346094 0.050000 0.075781
