1 0.328125 0.291406 0.078125 0.051562
1 0.514844 0.316406 0.031250 0.015625
1 0.507031 0.250781 0.037500 0.035937
1 0.604688 0.332031 0.039062 0.020313
1 0.652344 0.432031 0.035937 0.018750
1 0.685156 0.457031 0.032813 0.026562
1 0.710156 0.430469 0.040625 0.018750
1 0.748437 0.383594 0.034375 0.017188
1 0.777344 0.352344 0.028125 0.015625
1 0.737500 0.347656 0.025000 0.025000
1 0.740625 0.320312 0.029687 0.015625
1 0.793750 0.425000 0.031250 0.010937
1 0.810937 0.446875 0.020313 0.014063
1 0.808594 0.478125 0.021875 0.018750
1 0.779687 0.475781 0.028125 0.021875
1 0.794531 0.531250 0.021875 0.015625
1 0.776563 0.558594 0.028125 0.009375
1 0.720313 0.557813 0.028125 0.028125
1 0.665625 0.544531 0.034375 0.031250
1 0.632812 0.575000 0.037500 0.018750
1 0.610156 0.543750 0.042188 0.025000
1 0.763281 0.647656 0.025000 0.021875
1 0.730469 0.639844 0.037500 0.015625
1 0.578125 0.325000 0.028125 0.009375
1 0.773438 0.580469 0.021875 0.009375
1 0.752344 0.644531 0.025000 0.026562
1 0.763281 0.270313 0.026562 0.015625
