1 0.768750 0.692969 0.053125 0.046875
1 0.630469 0.783594 0.059375 0.053125
1 0.526563 0.687500 0.073438 0.050000
1 0.310937 0.668750 0.090625 0.065625
1 0.093750 0.662500 0.185938 0.042188
1 0.208594 0.472656 0.159375 0.039062
1 0.371094 0.395313 0.128125 0.023438
1 0.203906 0.324219 0.101562 0.059375
1 0.387500 0.207813 0.115625 0.037500
1 0.598437 0.147656 0.084375 0.048438
1 0.676562 0.296094 0.065625 0.015625
1 0.582031 0.432812 0.100000 0.018750
1 0.672656 0.573438 0.059375 0.037500
1 0.761719 0.533594 0.065625 0.034375
1 0.883594 0.296094 0.059375 0.015625
1 0.830469 0.348438 0.064062 0.012500
1 0.768750 0.395313 0.060937 0.037500
1 0.898438 0.454688 0.040625 0.034375
1 0.732031 0.667188 0.035937 0.015625
