1 0.171875 0.327344 0.050000 0.037500
1 0.188281 0.357812 0.057813 0.028125
1 0.179688 0.376563 0.062500 0.025000
1 0.196094 0.395313 0.075000 0.021875
1 0.190625 0.410156 0.075000 0.017188
1 0.192188 0.424219 0.079687 0.018750
1 0.332813 0.307031 0.051562 0.018750
1 0.678125 0.375000 0.028125 0.009375
1 0.686719 0.517188 0.028125 0.009375
1 0.746094 0.530469 0.021875 0.012500
1 0.725000 0.543750 0.018750 0.014063
1 0.741406 0.548438 0.015625 0.015625
1 0.737500 0.565625 0.018750 0.015625
1 0.710156 0.608594 0.015625 0.014063
1 0.653125 0.613281 0.017188 0.009375
1 0.649219 0.588281 0.015625 0.012500
1 0.655469 0.578125 0.029687 0.009375
1 0.661719 0.566406 0.015625 0.015625
1 0.651563 0.549219 0.023438 0.015625
1 0.634375 0.553906 0.025000 0.010937
1 0.632812 0.567969 0.028125 0.007812
1 0.789844 0.847656 0.009375 0.007812
1 0.796094 0.854688 0.018750 0.014063
1 0.799219 0.835938 0.018750 0.012500
1 0.793750 0.827344 0.015625 0.015625
1 0.214844 0.689063 0.046875 0.021875
1 0.222656 0.710156 0.040625 0.026562
1 0.753906 0.529687 0.021875 0.009375
1 0.731250 0.550781 0.017188 0.009375
1 0.731250 0.557813 0.018750 0.010937
1 0.742188 0.567969 0.018750 0.014063
1 0.216406 0.638281 0.057813 0.025000
