1 0.377344 0.571094 0.078125 0.040625
1 0.507031 0.621875 0.059375 0.040625
1 0.597656 0.638281 0.050000 0.034375
1 0.730469 0.460938 0.046875 0.023438
1 0.706250 0.519531 0.037500 0.015625
1 0.736719 0.403125 0.034375 0.021875
1 0.771875 0.364063 0.037500 0.015625
1 0.742188 0.337500 0.034375 0.029687
1 0.801562 0.371094 0.029687 0.023438
1 0.623437 0.360156 0.056250 0.025000
1 0.614844 0.315625 0.059375 0.021875
1 0.781250 0.324219 0.034375 0.028125
1 0.798438 0.292187 0.035937 0.021875
1 0.694531 0.257812 0.028125 0.035937
1 0.654687 0.244531 0.046875 0.032813
1 0.589844 0.251563 0.050000 0.037500
1 0.700000 0.206250 0.043750 0.021875
1 0.723437 0.250000 0.043750 0.020313
1 0.747656 0.232031 0.025000 0.020313
1 0.774219 0.222656 0.025000 0.025000
1 0.717969 0.183594 0.040625 0.029687
1 0.742969 0.163281 0.034375 0.021875
1 0.534375 0.092188 0.046875 0.053125
1 0.620313 0.011719 0.040625 0.023438
1 0.656250 0.282031 0.037500 0.023438
