1 0.605469 0.658594 0.040625 0.043750
1 0.467187 0.643750 0.065625 0.025000
1 0.429688 0.668750 0.078125 0.021875
1 0.395313 0.625000 0.025000 0.020313
1 0.667969 0.427344 0.068750 0.023438
1 0.599219 0.446875 0.067187 0.023438
1 0.567187 0.424219 0.075000 0.021875
1 0.592187 0.386719 0.035937 0.037500
1 0.779687 0.053906 0.060937 0.028125
1 0.103125 0.314844 0.028125 0.015625
1 0.025000 0.511719 0.032813 0.012500
1 0.288281 0.372656 0.031250 0.021875
1 0.277344 0.403906 0.040625 0.037500
1 0.264062 0.456250 0.046875 0.037500
1 0.248438 0.514062 0.071875 0.029687
1 0.285156 0.471094 0.021875 0.015625
