1 0.928906 0.435156 0.035937 0.078906
1 0.883594 0.659375 0.079687 0.060156
1 0.553906 0.692187 0.065625 0.067187
1 0.427344 0.638281 0.057813 0.065625
1 0.367969 0.453906 0.047656 0.107813
1 0.346094 0.325781 0.047656 0.060156
1 0.411719 0.207031 0.047656 0.057031
1 0.396875 0.169531 0.016406 0.042188
1 0.412500 0.166406 0.017188 0.051562
1 0.567187 0.210156 0.048438 0.049219
1 0.600000 0.284375 0.039844 0.082812
1 0.740625 0.262500 0.039844 0.082031
1 0.244531 0.646875 0.060156 0.102344
1 0.313281 0.062500 0.039062 0.040625
