1 0.652344 0.797656 0.022656 0.028125
1 0.578125 0.748437 0.021875 0.036719
1 0.528125 0.694531 0.022656 0.028906
1 0.551562 0.610938 0.025000 0.031250
1 0.565625 0.536719 0.015625 0.043750
1 0.700000 0.453125 0.017969 0.042188
1 0.529687 0.487500 0.015625 0.046094
1 0.532031 0.432031 0.020313 0.029687
1 0.570312 0.437500 0.024219 0.030469
1 0.634375 0.361719 0.018750 0.038281
1 0.596875 0.377344 0.025000 0.028906
1 0.523438 0.307812 0.014063 0.044531
1 0.510938 0.250781 0.025000 0.023438
1 0.538281 0.246094 0.015625 0.034375
1 0.541406 0.280469 0.025000 0.023438
1 0.617969 0.249219 0.023438 0.029687
1 0.639844 0.225000 0.020313 0.040625
1 0.642969 0.254688 0.027344 0.032813
1 0.162500 0.628906 0.028906 0.027344
1 0.128125 0.643750 0.018750 0.028906
1 0.536719 0.244531 0.015625 0.038281
1 0.123438 0.661719 0.030469 0.034375
