1 0.310937 0.436719 0.059375 0.037500
1 0.175000 0.104688 0.053125 0.032813
1 0.453125 0.528125 0.034375 0.025000
1 0.454688 0.485938 0.032813 0.026562
1 0.555469 0.132812 0.046875 0.023438
1 0.624219 0.221094 0.042188 0.031250
1 0.679688 0.169531 0.054688 0.021875
1 0.683594 0.382031 0.028125 0.025000
1 0.734375 0.503125 0.040625 0.017188
1 0.741406 0.335938 0.031250 0.023438
1 0.746094 0.309375 0.037500 0.025000
1 0.834375 0.486719 0.031250 0.028125
1 0.846875 0.329688 0.037500 0.031250
1 0.810937 0.273438 0.031250 0.026562
1 0.800781 0.244531 0.034375 0.031250
1 0.732031 0.064062 0.037500 0.021875
1 0.815625 0.120313 0.028125 0.026562
1 0.790625 0.074219 0.028125 0.025000
1 0.775781 0.048438 0.023438 0.012500
1 0.579688 0.189062 0.021875 0.015625
1 0.671875 0.278906 0.017188 0.015625
1 0.708594 0.469531 0.012500 0.015625
1 0.808594 0.479687 0.031250 0.009375
1 0.727344 0.085156 0.012500 0.009375
1 0.775000 0.120313 0.015625 0.009375
1 0.785156 0.128125 0.010937 0.015625
1 0.791406 0.110937 0.026562 0.012500
1 0.842187 0.165625 0.018750 0.018750
1 0.800000 0.100781 0.025000 0.025000
1 0.787500 0.060937 0.015625 0.009375
