1 0.336719 0.378906 0.037500 0.048438
1 0.413281 0.401562 0.021875 0.032031
1 0.467187 0.353906 0.038281 0.042188
1 0.467187 0.297656 0.033594 0.042188
1 0.551562 0.212500 0.026562 0.036719
1 0.677344 0.267188 0.018750 0.036719
1 0.741406 0.278125 0.030469 0.038281
1 0.742188 0.319531 0.035937 0.046094
1 0.700781 0.475000 0.035937 0.053125
1 0.561719 0.540625 0.019531 0.077344
1 0.506250 0.503125 0.025781 0.068750
1 0.396875 0.628906 0.047656 0.062500
1 0.637500 0.866406 0.049219 0.096094
1 0.037500 0.261719 0.021875 0.044531
1 0.081250 0.342969 0.021875 0.041406
1 0.064062 0.404687 0.039062 0.042969
1 0.019531 0.303125 0.035937 0.046094
1 0.834375 0.256250 0.027344 0.032031
1 0.875781 0.283594 0.027344 0.042188
1 0.873437 0.315625 0.030469 0.039844
1 0.848437 0.308594 0.021094 0.031250
1 0.828125 0.331250 0.033594 0.034375
1 0.894531 0.370312 0.035937 0.038281
1 0.863281 0.414062 0.025781 0.066406
1 0.864844 0.540625 0.041406 0.049219
1 0.669531 0.301563 0.011719 0.021094
