1 0.601562 0.669531 0.056250 0.043750
1 0.549219 0.717969 0.065625 0.021875
1 0.592969 0.760938 0.054688 0.021875
1 0.573438 0.747656 0.037500 0.015625
1 0.494531 0.457031 0.062500 0.020313
1 0.456250 0.418750 0.051562 0.028125
1 0.415625 0.525781 0.043750 0.028125
1 0.392969 0.438281 0.031250 0.026562
1 0.319531 0.436719 0.031250 0.026562
1 0.351562 0.446875 0.028125 0.020313
1 0.328906 0.593750 0.040625 0.025000
1 0.304688 0.710938 0.031250 0.025000
1 0.284375 0.754687 0.028125 0.012500
1 0.282031 0.667969 0.037500 0.014063
1 0.245312 0.703906 0.031250 0.009375
1 0.229687 0.617188 0.031250 0.009375
1 0.202344 0.592969 0.020313 0.018750
1 0.240625 0.555469 0.031250 0.020313
1 0.222656 0.493750 0.028125 0.012500
1 0.260937 0.458594 0.034375 0.015625
1 0.246875 0.435937 0.028125 0.012500
1 0.308594 0.361719 0.034375 0.015625
1 0.276562 0.353125 0.028125 0.028125
1 0.257031 0.364063 0.025000 0.026562
1 0.208594 0.545312 0.026562 0.023438
1 0.277344 0.802344 0.034375 0.015625
