1 0.167969 0.609375 0.032813 0.050000
1 0.190625 0.578906 0.024219 0.046875
1 0.231250 0.557813 0.027344 0.082031
1 0.275781 0.642188 0.066406 0.076563
1 0.519531 0.598437 0.047656 0.085156
1 0.601562 0.539844 0.029687 0.092188
1 0.620313 0.425781 0.038281 0.048438
1 0.549219 0.392969 0.044531 0.054688
1 0.639062 0.350000 0.039062 0.043750
1 0.653125 0.304688 0.039062 0.046875
1 0.724219 0.316406 0.034375 0.048438
1 0.611719 0.226562 0.032813 0.052344
1 0.657031 0.202344 0.014844 0.048438
1 0.744531 0.241406 0.036719 0.044531
1 0.767969 0.269531 0.039844 0.037500
1 0.591406 0.164062 0.017969 0.042969
1 0.537500 0.127344 0.027344 0.031250
1 0.510156 0.172656 0.030469 0.038281
1 0.470313 0.271875 0.035156 0.046875
1 0.452344 0.146094 0.017188 0.038281
1 0.488281 0.117188 0.017969 0.029687
1 0.366406 0.148438 0.018750 0.038281
1 0.328906 0.221875 0.017969 0.046094
1 0.275000 0.171094 0.026562 0.030469
1 0.251563 0.168750 0.015625 0.037500
1 0.383594 0.210156 0.013281 0.044531
1 0.383594 0.189844 0.025000 0.037500
