1 0.381250 0.317188 0.068750 0.054688
1 0.392969 0.214062 0.067187 0.034375
1 0.508594 0.554688 0.087500 0.025000
1 0.614844 0.479687 0.062500 0.037500
1 0.635156 0.576562 0.050000 0.035937
1 0.559375 0.596094 0.065625 0.029687
1 0.736719 0.420312 0.046875 0.031250
1 0.775000 0.319531 0.040625 0.015625
1 0.798438 0.545312 0.043750 0.025000
1 0.778906 0.666406 0.037500 0.031250
1 0.801562 0.648438 0.032813 0.034375
1 0.739844 0.652344 0.045312 0.025000
1 0.735938 0.581250 0.034375 0.025000
1 0.703125 0.587500 0.037500 0.031250
1 0.817187 0.572656 0.037500 0.012500
1 0.841406 0.508594 0.034375 0.018750
1 0.823438 0.440625 0.039062 0.026562
1 0.863281 0.450781 0.028125 0.023438
1 0.867969 0.399219 0.028125 0.018750
1 0.834375 0.371875 0.039062 0.014063
1 0.819531 0.282813 0.034375 0.009375
1 0.447656 0.262500 0.081250 0.031250
1 0.746875 0.269531 0.037500 0.025000
1 0.776563 0.219531 0.042188 0.025000
1 0.783594 0.171094 0.045312 0.018750
1 0.415625 0.225781 0.046875 0.020313
