1 0.492188 0.554688 0.053125 0.015625
1 0.410156 0.579688 0.062500 0.021875
1 0.510156 0.581250 0.070312 0.020313
1 0.489063 0.621875 0.028125 0.034375
1 0.486719 0.345313 0.031250 0.046875
1 0.650781 0.342969 0.059375 0.018750
1 0.628906 0.363281 0.068750 0.025000
1 0.685156 0.385156 0.015625 0.018750
1 0.776563 0.629687 0.025000 0.017188
1 0.789062 0.600781 0.031250 0.034375
1 0.804688 0.551562 0.042188 0.031250
1 0.822656 0.496094 0.059375 0.025000
1 0.275000 0.967187 0.082812 0.045312
1 0.939063 0.682031 0.023438 0.015625
1 0.784375 0.536719 0.021875 0.015625
1 0.810937 0.502344 0.046875 0.018750
1 0.018750 0.804688 0.034375 0.012500
