1 0.355469 0.469531 0.078125 0.023438
1 0.390625 0.453906 0.065625 0.021875
1 0.535156 0.470313 0.040625 0.037500
1 0.607812 0.235156 0.059375 0.028125
1 0.528125 0.192188 0.031250 0.037500
1 0.475000 0.223438 0.029687 0.045312
1 0.331250 0.434375 0.021875 0.018750
1 0.192188 0.322656 0.064062 0.028125
1 0.214062 0.270313 0.043750 0.034375
1 0.229687 0.223438 0.040625 0.031250
1 0.239063 0.192969 0.021875 0.017188
1 0.075781 0.140625 0.025000 0.015625
1 0.521094 0.246875 0.029687 0.034375
1 0.010156 0.326562 0.017188 0.015625
1 0.625000 0.082031 0.042188 0.021875
1 0.234375 0.284375 0.025000 0.012500
1 0.206250 0.319531 0.043750 0.012500
