1 0.962500 0.439063 0.071875 0.029687
1 0.916406 0.507031 0.065625 0.031250
1 0.847656 0.486719 0.087500 0.026562
1 0.764844 0.510938 0.117188 0.034375
1 0.782031 0.533594 0.110937 0.029687
1 0.801562 0.565625 0.109375 0.029687
1 0.689844 0.575000 0.112500 0.031250
1 0.825000 0.710156 0.121875 0.034375
1 0.808594 0.689844 0.060937 0.031250
1 0.701562 0.721875 0.131250 0.040625
1 0.425781 0.400781 0.067187 0.064062
1 0.403125 0.502344 0.046875 0.028125
1 0.179688 0.528125 0.109375 0.053125
1 0.039062 0.582812 0.075000 0.060937
1 0.031250 0.755469 0.056250 0.028125
1 0.199219 0.700781 0.126562 0.034375
1 0.557813 0.719531 0.065625 0.062500
1 0.489063 0.725781 0.060937 0.023438
1 0.453906 0.717969 0.065625 0.021875
1 0.494531 0.681250 0.031250 0.042188
1 0.443750 0.746094 0.056250 0.029687
1 0.429688 0.662500 0.059375 0.059375
1 0.307031 0.625781 0.100000 0.056250
1 0.453125 0.600781 0.096875 0.059375
1 0.990625 0.691406 0.015625 0.020313
1 0.978906 0.403125 0.040625 0.012500
1 0.429688 0.458594 0.062500 0.015625
