1 0.717969 0.869531 0.068750 0.053125
1 0.564063 0.941406 0.079687 0.056250
1 0.928125 0.564063 0.059375 0.037500
1 0.764844 0.680469 0.070312 0.054688
1 0.705469 0.585938 0.050000 0.046875
1 0.664062 0.613281 0.064062 0.054688
1 0.245312 0.703125 0.140625 0.060937
1 0.307812 0.795312 0.112500 0.053125
1 0.381250 0.521094 0.137500 0.043750
1 0.076563 0.553125 0.093750 0.059375
1 0.571094 0.532031 0.065625 0.056250
1 0.450000 0.428125 0.128125 0.040625
1 0.587500 0.481250 0.065625 0.060937
1 0.707031 0.300781 0.073438 0.053125
1 0.658594 0.192969 0.084375 0.048438
1 0.784375 0.206250 0.079687 0.037500
1 0.860156 0.401562 0.057813 0.037500
1 0.657031 0.058594 0.084375 0.031250
