1 0.618750 0.018750 0.018750 0.029687
1 0.643750 0.053125 0.031250 0.037500
1 0.585156 0.069531 0.025000 0.039062
1 0.550781 0.064844 0.035937 0.043750
1 0.577344 0.111719 0.035937 0.043750
1 0.675000 0.102344 0.023438 0.043750
1 0.646094 0.206250 0.021875 0.076563
1 0.600000 0.319531 0.026562 0.078125
1 0.707812 0.334375 0.037500 0.073438
1 0.762500 0.422656 0.031250 0.095312
1 0.820312 0.267969 0.045312 0.051562
1 0.478906 0.454688 0.053125 0.065625
1 0.623437 0.553906 0.046875 0.093750
1 0.755469 0.655469 0.078125 0.071875
1 0.585156 0.631250 0.056250 0.068750
1 0.335156 0.682813 0.046875 0.115625
1 0.235156 0.565625 0.050000 0.075000
1 0.208594 0.390625 0.054688 0.056250
1 0.201563 0.326562 0.020313 0.075000
1 0.182031 0.291406 0.018750 0.029687
1 0.170313 0.289062 0.025000 0.040625
1 0.884375 0.399219 0.046875 0.053125
1 0.921875 0.548438 0.068750 0.068750
1 0.974219 0.603125 0.048438 0.082812
1 0.935937 0.700781 0.065625 0.129688
