1 0.557031 0.584375 0.055469 0.108594
1 0.297656 0.417187 0.074219 0.072656
1 0.638281 0.199219 0.042969 0.063281
1 0.630469 0.314063 0.055469 0.047656
1 0.202344 0.545312 0.038281 0.104688
1 0.675000 0.598437 0.053906 0.112500
1 0.665625 0.397656 0.037500 0.073438
1 0.609375 0.423438 0.054688 0.075781
1 0.607812 0.292187 0.049219 0.041406
1 0.481250 0.080469 0.041406 0.051562
1 0.113281 0.114844 0.039844 0.044531
1 0.159375 0.374219 0.032813 0.081250
1 0.358594 0.207031 0.050781 0.048438
1 0.015625 0.159375 0.029687 0.046094
1 0.129688 0.721875 0.054688 0.093750
1 0.847656 0.621094 0.033594 0.129688
1 0.881250 0.536719 0.040625 0.105469
1 0.825000 0.885938 0.085938 0.122656
1 0.810156 0.182031 0.046875 0.050000
1 0.896094 0.273438 0.031250 0.075000
