1 0.396875 0.616406 0.043750 0.015625
1 0.357031 0.609375 0.037500 0.018750
1 0.378906 0.629687 0.035937 0.020313
1 0.288281 0.663281 0.021875 0.025000
1 0.292969 0.747656 0.040625 0.015625
1 0.232031 0.639844 0.031250 0.018750
1 0.150000 0.641406 0.043750 0.012500
1 0.240625 0.528906 0.018750 0.023438
1 0.265625 0.541406 0.043750 0.009375
1 0.255469 0.550000 0.040625 0.010937
1 0.242969 0.562500 0.025000 0.021875
1 0.192969 0.557031 0.034375 0.021875
1 0.109375 0.607812 0.028125 0.020313
1 0.055469 0.628125 0.037500 0.023438
1 0.065625 0.676562 0.043750 0.015625
