1 0.367969 0.944531 0.046875 0.103906
1 0.390625 0.861719 0.034375 0.124219
1 0.435937 0.860156 0.033594 0.161719
1 0.465625 0.756250 0.036719 0.133594
1 0.495312 0.823438 0.032031 0.062500
1 0.547656 0.817969 0.028906 0.077344
1 0.568750 0.744531 0.031250 0.053906
1 0.595313 0.582812 0.034375 0.060156
1 0.659375 0.880469 0.052344 0.132812
1 0.750781 0.689844 0.046094 0.143750
1 0.653125 0.468750 0.034375 0.052344
1 0.647656 0.371094 0.048438 0.059375
1 0.725000 0.431250 0.061719 0.121875
1 0.778125 0.446875 0.027344 0.087500
1 0.839063 0.222656 0.043750 0.047656
1 0.732812 0.110937 0.037500 0.097656
1 0.653125 0.087500 0.027344 0.068750
1 0.583594 0.221875 0.039062 0.141406
1 0.484375 0.452344 0.079687 0.125781
1 0.454688 0.619531 0.059375 0.119531
1 0.268750 0.684375 0.053125 0.033594
1 0.317188 0.521875 0.089844 0.071094
1 0.372656 0.383594 0.042188 0.037500
1 0.416406 0.250781 0.026562 0.085938
1 0.976562 0.393750 0.042969 0.139844
1 0.269531 0.345313 0.075000 0.085156
1 0.301563 0.278125 0.030469 0.063281
1 0.349219 0.233594 0.035937 0.057813
1 0.146094 0.172656 0.085938 0.081250
1 0.082031 0.155469 0.038281 0.055469
1 0.044531 0.357812 0.047656 0.166406
1 0.440625 0.410156 0.078125 0.060156
1 0.267188 0.719531 0.090625 0.050000
1 0.197656 0.027344 0.052344 0.050000
1 0.181250 0.038281 0.043750 0.074219
1 0.089844 0.973437 0.045312 0.050000
