1 0.574219 0.102344 0.037500 0.031250
1 0.531250 0.088281 0.028125 0.025000
1 0.482031 0.153125 0.034375 0.031250
1 0.519531 0.164062 0.031250 0.018750
1 0.274219 0.214062 0.062500 0.031250
1 0.525000 0.379688 0.034375 0.018750
1 0.580469 0.463281 0.037500 0.031250
1 0.641406 0.520312 0.025000 0.023438
1 0.566406 0.588281 0.034375 0.010937
1 0.489844 0.575781 0.043750 0.028125
1 0.474219 0.539844 0.037500 0.021875
1 0.341406 0.657813 0.056250 0.028125
1 0.506250 0.655469 0.034375 0.021875
1 0.593750 0.664844 0.028125 0.025000
1 0.491406 0.770312 0.039062 0.029687
1 0.566406 0.742969 0.037500 0.028125
1 0.553125 0.828906 0.032813 0.018750
1 0.600781 0.771875 0.021875 0.021875
1 0.629687 0.737500 0.025000 0.023438
1 0.411719 0.485938 0.045312 0.035937
1 0.611719 0.617188 0.025000 0.021875
1 0.576562 0.778906 0.021875 0.020313
1 0.617969 0.766406 0.021875 0.018750
1 0.614062 0.660937 0.021875 0.021875
1 0.519531 0.448437 0.028125 0.025000
1 0.592187 0.619531 0.021875 0.009375
1 0.372656 0.131250 0.025000 0.021875
1 0.378906 0.146875 0.021875 0.015625
1 0.601562 0.777344 0.021875 0.015625
