1 0.752344 0.309375 0.042188 0.050000
1 0.701562 0.333594 0.050000 0.061719
1 0.685937 0.417187 0.036719 0.052344
1 0.600000 0.271094 0.042969 0.048438
1 0.588281 0.193750 0.017969 0.057031
1 0.550000 0.157031 0.027344 0.039844
1 0.450000 0.184375 0.038281 0.048438
1 0.428906 0.133594 0.020313 0.043750
1 0.507031 0.403906 0.042969 0.060156
1 0.415625 0.792188 0.028906 0.132812
1 0.304688 0.807813 0.028125 0.146094
1 0.154688 0.817969 0.085938 0.087500
1 0.188281 0.582812 0.037500 0.089844
1 0.235937 0.475781 0.057813 0.057031
1 0.314844 0.414844 0.028906 0.071094
1 0.257031 0.242188 0.016406 0.061719
1 0.196875 0.257031 0.026562 0.052344
1 0.162500 0.242188 0.021875 0.050781
1 0.254688 0.172656 0.025000 0.045312
1 0.315625 0.139063 0.015625 0.043750
1 0.306250 0.094531 0.012500 0.038281
1 0.122656 0.181250 0.031250 0.044531
1 0.275781 0.235937 0.026562 0.040625
