1 0.467187 0.464062 0.046094 0.049219
1 0.472656 0.633594 0.022656 0.072656
1 0.453906 0.605469 0.025000 0.071094
1 0.223438 0.521875 0.049219 0.044531
1 0.192969 0.467969 0.038281 0.034375
1 0.232031 0.390625 0.029687 0.067187
1 0.192188 0.757031 0.021094 0.024219
1 0.224219 0.765625 0.032813 0.039844
1 0.271094 0.782813 0.035937 0.046875
1 0.322656 0.804688 0.028906 0.066406
1 0.325781 0.987500 0.017188 0.021875
1 0.142187 0.916406 0.016406 0.021875
1 0.075000 0.363281 0.022656 0.036719
1 0.246094 0.479687 0.042188 0.029687
1 0.284375 0.765625 0.017188 0.025781
1 0.319531 0.790625 0.011719 0.039844
1 0.434375 0.669531 0.017188 0.026562
