1 0.982812 0.144531 0.029687 0.054688
1 0.957031 0.264844 0.026562 0.075000
1 0.763281 0.443750 0.037500 0.120313
1 0.775000 0.226562 0.040625 0.109375
1 0.835156 0.289844 0.028125 0.037500
1 0.846094 0.321875 0.067187 0.065625
1 0.941406 0.043750 0.053125 0.084375
1 0.886719 0.051562 0.043750 0.096875
1 0.474219 0.792188 0.046875 0.100000
1 0.524219 0.682813 0.053125 0.084375
1 0.457031 0.552344 0.029687 0.118750
1 0.336719 0.589063 0.028125 0.043750
1 0.289844 0.610938 0.060937 0.053125
1 0.127344 0.682813 0.037500 0.121875
1 0.103906 0.260937 0.031250 0.053125
1 0.100781 0.194531 0.034375 0.118750
1 0.316406 0.294531 0.029687 0.120313
1 0.342969 0.064844 0.031250 0.115625
1 0.317188 0.097656 0.037500 0.034375
1 0.026562 0.027344 0.040625 0.046875
1 0.117969 0.688281 0.018750 0.053125
1 0.339062 0.243750 0.031250 0.048438
