1 0.428125 0.582031 0.034375 0.046875
1 0.507031 0.624219 0.031250 0.053125
1 0.678906 0.628906 0.025000 0.053125
1 0.580469 0.612500 0.025000 0.053125
1 0.195312 0.753906 0.050000 0.070312
1 0.349219 0.516406 0.021875 0.046875
1 0.648438 0.446875 0.028125 0.031250
1 0.591406 0.480469 0.021875 0.032813
1 0.742969 0.582031 0.040625 0.046875
1 0.692187 0.513281 0.031250 0.037500
1 0.717187 0.487500 0.028125 0.034375
1 0.108594 0.581250 0.009375 0.021875
1 0.105469 0.539062 0.025000 0.025000
1 0.111719 0.489844 0.021875 0.031250
1 0.129688 0.464062 0.010937 0.026562
1 0.185938 0.444531 0.025000 0.034375
1 0.184375 0.501563 0.012500 0.034375
1 0.493750 0.403125 0.025000 0.025000
1 0.407031 0.416406 0.025000 0.028125
1 0.435156 0.429688 0.014063 0.028125
1 0.472656 0.451562 0.015625 0.029687
1 0.428125 0.489844 0.012500 0.031250
1 0.516406 0.517969 0.010937 0.035937
1 0.560937 0.454688 0.017188 0.032813
1 0.522656 0.576562 0.015625 0.035937
1 0.825000 0.528906 0.034375 0.050000
1 0.831250 0.461719 0.031250 0.043750
