1 0.728906 0.902344 0.065625 0.081250
1 0.646094 0.925781 0.051562 0.045312
1 0.600000 0.761719 0.046875 0.062500
1 0.216406 0.929688 0.037500 0.045312
1 0.485938 0.409375 0.118750 0.034375
1 0.422656 0.330469 0.128125 0.031250
1 0.360938 0.364063 0.121875 0.028125
1 0.344531 0.397656 0.076563 0.050000
1 0.228906 0.412500 0.118750 0.037500
1 0.183594 0.378125 0.101562 0.034375
1 0.168750 0.352344 0.103125 0.028125
1 0.194531 0.328906 0.087500 0.042188
1 0.042969 0.317188 0.084375 0.039062
1 0.967187 0.139844 0.062500 0.076563
1 0.915625 0.119531 0.121875 0.046875
