1 0.065625 0.185156 0.131250 0.040625
1 0.120313 0.263281 0.131250 0.031250
1 0.182031 0.231250 0.128125 0.034375
1 0.213281 0.203906 0.078125 0.053125
1 0.326562 0.192969 0.128125 0.037500
1 0.378125 0.222656 0.104688 0.034375
1 0.397656 0.245312 0.121875 0.040625
1 0.364063 0.273438 0.087500 0.053125
1 0.538281 0.288281 0.118750 0.039062
1 0.852344 0.287500 0.140625 0.037500
1 0.707031 0.970313 0.125000 0.050000
1 0.706250 0.923438 0.121875 0.037500
1 0.721094 0.900000 0.131250 0.034375
1 0.710938 0.867969 0.137500 0.042188
1 0.740625 0.842969 0.112500 0.037500
1 0.750781 0.763281 0.128125 0.031250
1 0.788281 0.700000 0.120313 0.042188
1 0.785937 0.675000 0.109375 0.042188
1 0.802344 0.653906 0.100000 0.039062
1 0.803906 0.625000 0.123438 0.031250
1 0.817187 0.593750 0.109375 0.028125
