1 0.300000 0.660156 0.059375 0.098437
1 0.307812 0.740625 0.075000 0.048438
1 0.314063 0.785156 0.069531 0.056250
1 0.316406 0.839063 0.070312 0.053125
1 0.318750 0.901563 0.068750 0.060156
1 0.324219 0.960156 0.064844 0.058594
1 0.364844 0.800781 0.030469 0.116406
1 0.403125 0.148438 0.049219 0.058594
1 0.346094 0.145313 0.051562 0.042969
1 0.301563 0.204687 0.048438 0.045312
1 0.310156 0.122656 0.033594 0.087500
1 0.269531 0.166406 0.032031 0.086719
1 0.271094 0.096094 0.028125 0.079687
1 0.283594 0.035156 0.046094 0.046875
1 0.344531 0.201563 0.044531 0.060156
