1 0.478125 0.229687 0.054688 0.050000
1 0.411719 0.395313 0.050000 0.025000
1 0.520312 0.537500 0.068750 0.021875
1 0.882812 0.480469 0.109375 0.056250
1 0.456250 0.603125 0.071875 0.032813
1 0.357812 0.693750 0.035937 0.023438
1 0.292969 0.692187 0.042188 0.043750
1 0.243750 0.624219 0.040625 0.035937
1 0.257031 0.872656 0.046875 0.028125
1 0.545312 0.814063 0.082812 0.025000
1 0.146875 0.522656 0.037500 0.031250
1 0.282813 0.339062 0.053125 0.025000
1 0.217969 0.313281 0.046875 0.028125
1 0.196875 0.396094 0.034375 0.025000
1 0.354687 0.207031 0.067187 0.023438
1 0.320312 0.182812 0.059375 0.018750
1 0.206250 0.194531 0.045312 0.028125
1 0.177344 0.247656 0.034375 0.026562
1 0.260937 0.270313 0.037500 0.029687
1 0.262500 0.242969 0.035937 0.028125
1 0.257812 0.225000 0.040625 0.015625
1 0.236719 0.407813 0.012500 0.012500
