1 0.735938 0.747656 0.053125 0.109375
1 0.778906 0.667969 0.050000 0.131250
1 0.771875 0.478906 0.050000 0.054688
1 0.745313 0.355469 0.046875 0.053125
1 0.645312 0.203125 0.025000 0.040625
1 0.654687 0.433594 0.056250 0.060937
1 0.681250 0.612500 0.075000 0.071875
1 0.564063 0.660156 0.062500 0.081250
1 0.464844 0.517188 0.039062 0.078125
1 0.361719 0.425781 0.039062 0.062500
1 0.344531 0.521094 0.034375 0.071875
1 0.483594 0.288281 0.028125 0.043750
1 0.580469 0.254688 0.031250 0.050000
1 0.544531 0.187500 0.031250 0.037500
1 0.602344 0.137500 0.021875 0.029687
1 0.561719 0.155469 0.020313 0.029687
1 0.512500 0.146875 0.021875 0.031250
1 0.475781 0.228906 0.032813 0.040625
1 0.739844 0.211719 0.017188 0.053125
1 0.155469 0.261719 0.021875 0.042188
1 0.135937 0.316406 0.042188 0.059375
1 0.145313 0.465625 0.028125 0.073438
1 0.192969 0.553906 0.053125 0.090625
1 0.579688 0.151562 0.012500 0.025000
1 0.525781 0.098437 0.021875 0.031250
1 0.535937 0.078125 0.025000 0.037500
1 0.178906 0.266406 0.046875 0.037500
1 0.170313 0.258594 0.025000 0.031250
