1 0.179688 0.423438 0.031250 0.090625
1 0.096875 0.159375 0.042188 0.048438
1 0.467969 0.089844 0.043750 0.043750
1 0.358594 0.225000 0.054688 0.054688
1 0.626563 0.186719 0.046875 0.056250
1 0.792969 0.153906 0.043750 0.053125
1 0.877344 0.225000 0.042188 0.062500
1 0.881250 0.800000 0.090625 0.114062
1 0.603125 0.548438 0.059375 0.096875
1 0.703906 0.550781 0.054688 0.128125
1 0.689844 0.375000 0.037500 0.075000
1 0.639844 0.393750 0.050000 0.068750
1 0.642969 0.296875 0.054688 0.056250
1 0.617188 0.280469 0.050000 0.048438
1 0.250000 0.593750 0.037500 0.112500
1 0.189062 0.782031 0.078125 0.087500
1 0.872656 0.553125 0.043750 0.129688
1 0.899219 0.462500 0.037500 0.089063
1 0.273438 0.426563 0.037500 0.082812
