1 0.175781 0.584375 0.056250 0.068750
1 0.411719 0.639844 0.046875 0.096875
1 0.165625 0.496875 0.050000 0.081250
1 0.117969 0.517969 0.046875 0.060937
1 0.323437 0.133594 0.021875 0.032813
1 0.364844 0.203125 0.015625 0.043750
1 0.427344 0.135156 0.021875 0.031250
1 0.410156 0.150781 0.018750 0.021875
1 0.503125 0.152344 0.018750 0.037500
1 0.478906 0.279687 0.037500 0.042188
1 0.598437 0.147656 0.026562 0.035937
1 0.552344 0.123438 0.015625 0.032813
1 0.550781 0.184375 0.034375 0.043750
1 0.640625 0.197656 0.021875 0.043750
1 0.644531 0.267969 0.035937 0.050000
1 0.707812 0.244531 0.018750 0.037500
1 0.660156 0.360156 0.040625 0.048438
1 0.629687 0.400781 0.046875 0.046875
1 0.575000 0.486719 0.037500 0.068750
1 0.510938 0.423438 0.042188 0.053125
1 0.515625 0.604688 0.020313 0.106250
1 0.812500 0.354687 0.046875 0.056250
1 0.800000 0.310937 0.035937 0.040625
1 0.738281 0.396094 0.037500 0.046875
1 0.331250 0.142187 0.021875 0.034375
1 0.417969 0.197656 0.014063 0.048438
1 0.132031 0.508594 0.026562 0.050000
