1 0.382812 0.631250 0.046094 0.029687
1 0.462500 0.574219 0.032813 0.108594
1 0.539844 0.534375 0.021875 0.052344
1 0.521875 0.438281 0.061719 0.057031
1 0.522656 0.394531 0.058594 0.061719
1 0.535156 0.307031 0.071094 0.058594
1 0.610938 0.340625 0.058594 0.112500
1 0.166406 0.521094 0.076563 0.053906
1 0.225781 0.337500 0.042188 0.047656
1 0.340625 0.314844 0.061719 0.091406
1 0.352344 0.154688 0.032031 0.052344
1 0.339844 0.236719 0.028906 0.037500
1 0.809375 0.307812 0.082812 0.056250
1 0.841406 0.427344 0.044531 0.054688
1 0.798438 0.482031 0.068750 0.065625
1 0.783594 0.589844 0.064844 0.091406
1 0.946094 0.483594 0.074219 0.095312
1 0.962500 0.353125 0.073438 0.062500
1 0.868750 0.489844 0.075000 0.080469
1 0.934375 0.291406 0.054688 0.058594
1 0.560156 0.371875 0.017969 0.051562
1 0.488281 0.167187 0.040625 0.048438
1 0.968750 0.239844 0.043750 0.071094
1 0.887500 0.086719 0.046875 0.068750
1 0.614062 0.359375 0.016406 0.056250
1 0.947656 0.280469 0.046875 0.035156
1 0.982812 0.863281 0.031250 0.064062
