1 0.557031 0.297656 0.056250 0.078125
1 0.539062 0.899219 0.059375 0.092188
1 0.607031 0.966406 0.050000 0.062500
1 0.892969 0.971875 0.070312 0.053125
1 0.938281 0.888281 0.084375 0.096875
1 0.964844 0.688281 0.043750 0.046875
1 0.819531 0.803125 0.046875 0.128125
1 0.799219 0.878906 0.054688 0.040625
1 0.742969 0.741406 0.075000 0.100000
1 0.769531 0.671094 0.045312 0.037500
1 0.902344 0.465625 0.053125 0.048438
1 0.780469 0.329688 0.040625 0.050000
1 0.757812 0.470313 0.057813 0.107813
1 0.685937 0.519531 0.042188 0.040625
1 0.657813 0.520312 0.031250 0.059375
1 0.550000 0.616406 0.056250 0.112500
1 0.502344 0.393750 0.046875 0.115625
1 0.618750 0.330469 0.043750 0.043750
1 0.628906 0.266406 0.062500 0.085938
1 0.627344 0.228906 0.046875 0.057813
1 0.551562 0.225000 0.034375 0.059375
1 0.430469 0.336719 0.050000 0.117188
1 0.430469 0.261719 0.034375 0.059375
1 0.368750 0.260156 0.054688 0.068750
1 0.340625 0.359375 0.078125 0.081250
1 0.474219 0.151562 0.075000 0.100000
1 0.141406 0.095312 0.025000 0.056250
1 0.050000 0.055469 0.053125 0.110937
1 0.149219 0.017188 0.037500 0.034375
1 0.551562 0.027344 0.026562 0.050000
1 0.563281 0.221875 0.031250 0.060937
1 0.236719 0.012500 0.046875 0.021875
1 0.989844 0.689844 0.018750 0.076563
