1 0.118750 0.393750 0.126562 0.040625
1 0.485938 0.206250 0.059375 0.029687
1 0.469531 0.442188 0.078125 0.018750
1 0.550000 0.403125 0.064062 0.021875
1 0.718750 0.307812 0.048438 0.035937
1 0.665625 0.352344 0.037500 0.018750
1 0.751563 0.350000 0.034375 0.034375
1 0.764844 0.437500 0.043750 0.031250
1 0.841406 0.557813 0.034375 0.028125
1 0.762500 0.674219 0.040625 0.028125
1 0.737500 0.743750 0.043750 0.037500
1 0.689844 0.720313 0.054688 0.028125
1 0.660937 0.825000 0.039062 0.037500
1 0.662500 0.855469 0.043750 0.028125
1 0.747656 0.850000 0.039062 0.037500
1 0.704688 0.907031 0.046875 0.029687
1 0.550000 0.840625 0.075000 0.023438
1 0.415625 0.780469 0.059375 0.050000
1 0.591406 0.891406 0.051562 0.032813
1 0.778125 0.081250 0.043750 0.021875
1 0.538281 0.610938 0.040625 0.040625
1 0.717969 0.057813 0.042188 0.034375
1 0.856250 0.072656 0.043750 0.026562
1 0.682813 0.845313 0.028125 0.018750
1 0.728125 0.652344 0.028125 0.015625
1 0.820312 0.059375 0.035937 0.037500
