1 0.212500 0.298438 0.039062 0.018750
1 0.150000 0.425000 0.025000 0.025000
1 0.129688 0.463281 0.028125 0.020313
1 0.184375 0.473438 0.043750 0.012500
1 0.250781 0.440625 0.039062 0.018750
1 0.322656 0.462500 0.028125 0.025000
1 0.401562 0.496875 0.028125 0.025000
1 0.470313 0.453125 0.032813 0.021875
1 0.549219 0.385156 0.025000 0.021875
1 0.095312 0.353125 0.039062 0.015625
1 0.098437 0.391406 0.028125 0.023438
1 0.010156 0.457813 0.018750 0.012500
1 0.198437 0.857031 0.017188 0.026562
1 0.238281 0.867188 0.021875 0.018750
1 0.202344 0.893750 0.029687 0.015625
1 0.211719 0.899219 0.028125 0.021875
