1 0.359375 0.450000 0.043750 0.015625
1 0.371875 0.358594 0.035937 0.039062
1 0.399219 0.364063 0.045312 0.040625
1 0.446094 0.371094 0.053125 0.029687
1 0.342969 0.479687 0.045312 0.015625
1 0.307031 0.505469 0.037500 0.018750
1 0.460938 0.500781 0.040625 0.040625
1 0.332031 0.588281 0.040625 0.034375
1 0.286719 0.590625 0.031250 0.023438
1 0.303125 0.611719 0.034375 0.015625
1 0.309375 0.653125 0.040625 0.014063
1 0.540625 0.672656 0.057813 0.051562
1 0.487500 0.690625 0.053125 0.021875
1 0.596875 0.556250 0.050000 0.043750
1 0.700781 0.511719 0.100000 0.031250
1 0.752344 0.577344 0.100000 0.051562
1 0.618750 0.727344 0.057813 0.045312
1 0.746094 0.935156 0.078125 0.035937
1 0.775000 0.956250 0.059375 0.031250
1 0.395313 0.735938 0.054688 0.028125
1 0.348438 0.758594 0.034375 0.021875
1 0.413281 0.790625 0.045312 0.025000
1 0.412500 0.828906 0.043750 0.018750
1 0.369531 0.883594 0.031250 0.015625
