1 0.246875 0.281250 0.031250 0.042188
1 0.270313 0.201563 0.015625 0.037500
1 0.303125 0.250781 0.018750 0.054688
1 0.362500 0.187500 0.018750 0.045312
1 0.394531 0.149219 0.021875 0.029687
1 0.432031 0.204687 0.029687 0.043750
1 0.445312 0.157812 0.025000 0.034375
1 0.507812 0.176563 0.015625 0.031250
1 0.538281 0.234375 0.031250 0.043750
1 0.576562 0.204687 0.014063 0.034375
1 0.594531 0.299219 0.035937 0.039062
1 0.591406 0.339062 0.050000 0.035937
1 0.413281 0.302344 0.043750 0.050000
1 0.518750 0.396875 0.034375 0.059375
1 0.583594 0.411719 0.035937 0.045312
1 0.603906 0.516406 0.034375 0.090625
1 0.546094 0.589063 0.034375 0.096875
1 0.299219 0.719531 0.057813 0.084375
1 0.231250 0.650000 0.034375 0.090625
1 0.180469 0.704688 0.037500 0.087500
1 0.142187 0.241406 0.015625 0.050000
1 0.663281 0.295312 0.028125 0.053125
1 0.682031 0.248438 0.039062 0.045312
1 0.173437 0.239063 0.037500 0.037500
1 0.167187 0.725000 0.039062 0.071875
1 0.657813 0.221875 0.035937 0.025000
