1 0.410938 0.565625 0.100000 0.040625
1 0.271094 0.315625 0.087500 0.062500
1 0.339062 0.244531 0.103125 0.034375
1 0.276562 0.188281 0.068750 0.050000
1 0.585156 0.592187 0.050000 0.040625
1 0.495312 0.610156 0.100000 0.050000
1 0.795312 0.272656 0.037500 0.012500
1 0.313281 0.201563 0.046875 0.020313
1 0.657813 0.599219 0.040625 0.031250
1 0.696094 0.592969 0.045312 0.026562
1 0.692969 0.419531 0.043750 0.031250
1 0.809375 0.364844 0.039062 0.017188
1 0.846094 0.396094 0.031250 0.018750
1 0.795312 0.433594 0.040625 0.025000
1 0.842969 0.449219 0.028125 0.025000
1 0.817969 0.510156 0.039062 0.014063
1 0.764062 0.546094 0.045312 0.025000
1 0.789062 0.579688 0.040625 0.012500
1 0.705469 0.665625 0.046875 0.025000
1 0.750000 0.682813 0.037500 0.031250
1 0.771875 0.661719 0.039062 0.034375
1 0.712500 0.250781 0.043750 0.028125
1 0.756250 0.301563 0.031250 0.028125
1 0.737500 0.308594 0.043750 0.014063
1 0.748437 0.145313 0.040625 0.018750
1 0.755469 0.177344 0.034375 0.031250
1 0.598437 0.528906 0.056250 0.035937
