1 0.434375 0.607812 0.056250 0.032813
1 0.542188 0.641406 0.050000 0.025000
1 0.603125 0.645312 0.043750 0.035937
1 0.677344 0.544531 0.031250 0.012500
1 0.700781 0.485938 0.037500 0.020313
1 0.628906 0.412500 0.039062 0.015625
1 0.589844 0.418750 0.037500 0.028125
1 0.553125 0.183594 0.048438 0.042188
1 0.703906 0.435156 0.034375 0.014063
1 0.594531 0.321094 0.037500 0.028125
1 0.707031 0.382031 0.031250 0.028125
1 0.732031 0.402344 0.031250 0.009375
1 0.739062 0.363281 0.028125 0.023438
1 0.751563 0.334375 0.029687 0.012500
1 0.695312 0.304688 0.032813 0.015625
1 0.667969 0.299219 0.032813 0.028125
1 0.642969 0.307031 0.040625 0.023438
1 0.675781 0.267188 0.031250 0.020313
1 0.715625 0.281250 0.029687 0.015625
1 0.734375 0.274219 0.021875 0.015625
1 0.709375 0.224219 0.031250 0.012500
1 0.698438 0.257812 0.029687 0.025000
1 0.613281 0.100000 0.040625 0.037500
1 0.606250 0.088281 0.028125 0.006250
1 0.759375 0.405469 0.025000 0.021875
1 0.733594 0.234375 0.025000 0.018750
