1 0.671094 0.848437 0.067969 0.160156
1 0.657813 0.684375 0.068750 0.117188
1 0.685156 0.471094 0.057031 0.088281
1 0.773438 0.348438 0.049219 0.064844
1 0.575000 0.325781 0.028906 0.071875
1 0.664062 0.214844 0.048438 0.057813
1 0.525000 0.232031 0.044531 0.065625
1 0.423438 0.426563 0.028125 0.096875
1 0.463281 0.759375 0.064062 0.131250
1 0.296875 0.790625 0.040625 0.135937
1 0.182812 0.653125 0.060156 0.100000
1 0.097656 0.450781 0.054688 0.093750
1 0.271875 0.344531 0.025000 0.083594
1 0.385156 0.553906 0.028125 0.105469
1 0.372656 0.231250 0.042969 0.059375
1 0.317188 0.163281 0.022656 0.064844
1 0.254688 0.101562 0.033594 0.055469
1 0.423438 0.085938 0.038281 0.037500
1 0.663281 0.253906 0.015625 0.032031
