1 0.594531 0.137500 0.073438 0.042188
1 0.381250 0.202344 0.103125 0.040625
1 0.134375 0.321094 0.131250 0.050000
1 0.142969 0.489844 0.153125 0.051562
1 0.080469 0.673438 0.157812 0.067187
1 0.250781 0.682813 0.134375 0.062500
1 0.627344 0.820312 0.062500 0.064062
1 0.791406 0.711719 0.048438 0.046875
1 0.680469 0.597656 0.062500 0.043750
1 0.783594 0.558594 0.067187 0.031250
1 0.944531 0.476562 0.043750 0.034375
1 0.794531 0.411719 0.056250 0.031250
1 0.872656 0.359375 0.053125 0.018750
1 0.933594 0.306250 0.059375 0.015625
1 0.692187 0.305469 0.071875 0.015625
1 0.591406 0.446094 0.095312 0.025000
1 0.464844 0.404687 0.084375 0.025000
1 0.500781 0.720313 0.106250 0.068750
1 0.747656 0.702344 0.050000 0.021875
