1 0.118750 0.589844 0.068750 0.068750
1 0.071875 0.521875 0.040625 0.056250
1 0.095312 0.506250 0.025000 0.042188
1 0.125000 0.500781 0.059375 0.081250
1 0.340625 0.686719 0.064062 0.106250
1 0.453125 0.667188 0.026562 0.126562
1 0.544531 0.540625 0.050000 0.068750
1 0.483594 0.467187 0.056250 0.056250
1 0.607812 0.467187 0.046875 0.068750
1 0.653906 0.414844 0.048438 0.053125
1 0.733594 0.463281 0.050000 0.059375
1 0.811719 0.381250 0.050000 0.050000
1 0.825781 0.429688 0.059375 0.065625
1 0.723437 0.303125 0.028125 0.046875
1 0.655469 0.247656 0.028125 0.053125
1 0.650781 0.315625 0.046875 0.053125
1 0.564844 0.226562 0.026562 0.050000
1 0.617969 0.189062 0.029687 0.046875
1 0.514844 0.191406 0.028125 0.043750
1 0.470313 0.317188 0.043750 0.048438
1 0.371094 0.225781 0.018750 0.046875
1 0.349219 0.165625 0.020313 0.046875
1 0.442969 0.165625 0.021875 0.031250
1 0.423438 0.183594 0.020313 0.025000
1 0.424219 0.225000 0.018750 0.043750
1 0.574219 0.167187 0.020313 0.040625
