1 0.199219 0.082812 0.126562 0.059375
1 0.297656 0.025000 0.106250 0.050000
1 0.545312 0.041406 0.059375 0.056250
1 0.598437 0.130469 0.081250 0.053125
1 0.678906 0.132031 0.078125 0.040625
1 0.677344 0.105469 0.068750 0.051562
1 0.726562 0.078906 0.056250 0.021875
1 0.794531 0.074219 0.050000 0.023438
1 0.571875 0.323437 0.065625 0.040625
1 0.862500 0.145313 0.043750 0.028125
1 0.891406 0.239844 0.040625 0.040625
1 0.947656 0.252344 0.040625 0.012500
1 0.890625 0.356250 0.043750 0.025000
1 0.831250 0.371875 0.045312 0.029687
1 0.845313 0.476562 0.045312 0.037500
1 0.787500 0.568750 0.059375 0.026562
1 0.700000 0.486719 0.056250 0.037500
1 0.617969 0.564844 0.075000 0.043750
1 0.516406 0.505469 0.067187 0.053125
1 0.618750 0.649219 0.059375 0.040625
1 0.876563 0.055469 0.035937 0.028125
