1 0.473438 0.126562 0.030469 0.035937
1 0.601562 0.180469 0.026562 0.039844
1 0.654687 0.271875 0.025781 0.057031
1 0.596875 0.410938 0.026562 0.057031
1 0.678125 0.197656 0.033594 0.045312
1 0.370312 0.227344 0.038281 0.046094
1 0.385156 0.456250 0.025781 0.078125
1 0.297656 0.349219 0.023438 0.035156
1 0.293750 0.283594 0.040625 0.046094
1 0.127344 0.246094 0.031250 0.046094
1 0.171875 0.554688 0.023438 0.078125
1 0.447656 0.526563 0.021094 0.076563
1 0.497656 0.917969 0.061719 0.126562
1 0.753125 0.159375 0.024219 0.035937
1 0.800781 0.192969 0.026562 0.046094
1 0.810937 0.314063 0.020313 0.060156
1 0.789062 0.353125 0.027344 0.074219
1 0.771875 0.243750 0.014844 0.044531
1 0.753125 0.253125 0.030469 0.040625
1 0.728125 0.249219 0.033594 0.039062
1 0.766406 0.482812 0.050781 0.060156
1 0.587500 0.223438 0.011719 0.019531
