1 0.391406 0.828906 0.090625 0.040625
1 0.575000 0.768750 0.106250 0.037500
1 0.775000 0.661719 0.131250 0.050000
1 0.760156 0.508594 0.129688 0.043750
1 0.556250 0.578125 0.115625 0.028125
1 0.327344 0.674219 0.068750 0.023438
1 0.416406 0.543750 0.093750 0.021875
1 0.339844 0.400781 0.070312 0.040625
1 0.257812 0.435156 0.068750 0.037500
1 0.242188 0.574219 0.056250 0.037500
1 0.182812 0.624219 0.059375 0.020313
1 0.130469 0.673438 0.057813 0.018750
1 0.121875 0.514844 0.045312 0.035937
1 0.254688 0.289062 0.053125 0.053125
1 0.386719 0.191406 0.078125 0.059375
1 0.486719 0.285156 0.078125 0.056250
1 0.676562 0.321875 0.093750 0.068750
1 0.867188 0.322656 0.181250 0.059375
1 0.182812 0.987500 0.050000 0.021875
1 0.285938 0.302344 0.043750 0.018750
