1 0.523438 0.108594 0.035156 0.095312
1 0.491406 0.075781 0.022656 0.099219
1 0.552344 0.077344 0.039062 0.068750
1 0.585938 0.057813 0.043750 0.092969
1 0.564844 0.459375 0.028906 0.087500
1 0.417187 0.298438 0.040625 0.075781
1 0.289062 0.319531 0.044531 0.106250
1 0.114062 0.621094 0.048438 0.065625
1 0.280469 0.627344 0.033594 0.085938
1 0.309375 0.656250 0.029687 0.086719
1 0.386719 0.669531 0.058594 0.050781
1 0.329688 0.717969 0.047656 0.060156
1 0.582812 0.142969 0.024219 0.100000
1 0.560156 0.145313 0.024219 0.102344
1 0.579688 0.078125 0.052344 0.088281
