1 0.337500 0.503906 0.079687 0.046875
1 0.050000 0.422656 0.053125 0.043750
1 0.325781 0.150781 0.110937 0.032813
1 0.530469 0.197656 0.112500 0.034375
1 0.571094 0.154688 0.112500 0.071875
1 0.845313 0.147656 0.182812 0.043750
1 0.514844 0.321094 0.121875 0.060937
1 0.139063 0.720313 0.059375 0.051562
1 0.378125 0.628125 0.090625 0.062500
1 0.530469 0.447656 0.121875 0.028125
1 0.432812 0.737500 0.070312 0.073438
1 0.432031 0.677344 0.068750 0.053125
1 0.414844 0.846094 0.103125 0.034375
1 0.406250 0.914062 0.107813 0.039062
1 0.397656 0.728125 0.050000 0.068750
1 0.011719 0.334375 0.023438 0.028125
