1 0.557031 0.511719 0.081250 0.056250
1 0.321875 0.563281 0.142187 0.025000
1 0.333594 0.697656 0.137500 0.060937
1 0.020313 0.881250 0.037500 0.032813
1 0.238281 0.876563 0.159375 0.073438
1 0.488281 0.860156 0.107813 0.040625
1 0.767188 0.879687 0.096875 0.034375
1 0.930469 0.713281 0.059375 0.032813
1 0.878906 0.615625 0.053125 0.048438
1 0.978906 0.416406 0.040625 0.042188
1 0.806250 0.303906 0.060937 0.056250
1 0.703906 0.550781 0.087500 0.050000
1 0.564844 0.387500 0.093750 0.025000
1 0.506250 0.345313 0.071875 0.062500
1 0.493750 0.299219 0.059375 0.060937
1 0.440625 0.163281 0.100000 0.031250
1 0.529687 0.085938 0.107813 0.034375
