1 0.272656 0.055469 0.026562 0.053125
1 0.193750 0.051562 0.023438 0.043750
1 0.412500 0.046094 0.040625 0.031250
1 0.518750 0.043750 0.032813 0.029687
1 0.594531 0.042188 0.028125 0.025000
1 0.716406 0.096875 0.028125 0.075000
1 0.691406 0.199219 0.032813 0.053125
1 0.657813 0.129688 0.028125 0.057813
1 0.614844 0.143750 0.020313 0.070312
1 0.528125 0.097656 0.025000 0.053125
1 0.705469 0.434375 0.048438 0.096875
1 0.580469 0.614062 0.051562 0.098437
1 0.448437 0.569531 0.062500 0.075000
1 0.408594 0.559375 0.068750 0.068750
1 0.234375 0.754687 0.034375 0.064062
1 0.207813 0.778125 0.021875 0.084375
1 0.082812 0.049219 0.043750 0.037500
