1 0.274219 0.532813 0.051562 0.085938
1 0.214844 0.421094 0.028125 0.068750
1 0.439844 0.392188 0.045312 0.062500
1 0.495312 0.574219 0.046875 0.071875
1 0.549219 0.512500 0.031250 0.093750
1 0.206250 0.263281 0.042188 0.053125
1 0.234375 0.209375 0.040625 0.048438
1 0.858594 0.777344 0.064062 0.137500
1 0.664844 0.653906 0.060937 0.079687
1 0.876563 0.617969 0.081250 0.064062
1 0.924219 0.698438 0.075000 0.071875
1 0.876563 0.467969 0.057813 0.053125
1 0.735156 0.447656 0.048438 0.081250
1 0.696094 0.352344 0.037500 0.068750
1 0.837500 0.328906 0.056250 0.046875
1 0.663281 0.223438 0.017188 0.071875
1 0.581250 0.197656 0.032813 0.046875
1 0.616406 0.125000 0.037500 0.040625
1 0.580469 0.079687 0.031250 0.040625
1 0.628906 0.086719 0.025000 0.032813
1 0.678906 0.050781 0.021875 0.028125
1 0.720313 0.133594 0.018750 0.043750
1 0.786719 0.116406 0.031250 0.045312
1 0.217188 0.182031 0.021875 0.017188
1 0.221094 0.192969 0.028125 0.012500
