1 0.273438 0.870313 0.075000 0.115625
1 0.316406 0.583594 0.043750 0.045312
1 0.326562 0.538281 0.018750 0.059375
1 0.291406 0.581250 0.018750 0.040625
1 0.323437 0.361719 0.023438 0.028125
1 0.357031 0.342187 0.020313 0.035937
1 0.403906 0.300781 0.012500 0.031250
1 0.424219 0.280469 0.017188 0.025000
1 0.458594 0.311719 0.020313 0.034375
1 0.462500 0.285156 0.020313 0.026562
1 0.415625 0.389062 0.015625 0.040625
1 0.635938 0.340625 0.025000 0.029687
1 0.630469 0.368750 0.014063 0.037500
1 0.626563 0.323437 0.025000 0.025000
1 0.564063 0.377344 0.028125 0.035937
1 0.546094 0.319531 0.012500 0.037500
1 0.564844 0.314844 0.012500 0.026562
1 0.510938 0.299219 0.017188 0.028125
1 0.509375 0.407813 0.031250 0.031250
1 0.490625 0.446094 0.029687 0.043750
1 0.547656 0.498437 0.031250 0.046875
1 0.581250 0.476562 0.031250 0.046875
1 0.559375 0.432031 0.031250 0.037500
1 0.302344 0.556250 0.012500 0.025000
1 0.325781 0.314063 0.012500 0.034375
1 0.239844 0.339844 0.014063 0.034375
1 0.285938 0.348438 0.012500 0.040625
