3 0.796169 0.824301 0.077603 0.085664
3 0.798134 0.937937 0.091356 0.124126
3 0.677800 0.930944 0.108055 0.120629
3 0.565815 0.899476 0.076621 0.113636
3 0.512770 0.878497 0.043222 0.110140
3 0.534381 0.827797 0.064833 0.061189
3 0.023084 0.852273 0.044204 0.082168
3 0.075147 0.792832 0.032417 0.089161
3 0.170432 0.750874 0.036346 0.078671
3 0.235756 0.758741 0.045187 0.066434
3 0.116405 0.769231 0.034381 0.066434
3 0.112967 0.729021 0.031434 0.038462
3 0.328094 0.768357 0.037328 0.075175
3 0.312868 0.778846 0.026523 0.064685
3 0.287328 0.766608 0.022593 0.064685
3 0.275540 0.733392 0.028487 0.036713
