3 0.364440 0.869755 0.070727 0.124126
3 0.758350 0.774476 0.049116 0.111888
3 0.436640 0.763986 0.046169 0.115385
3 0.465128 0.694930 0.038310 0.085664
3 0.472986 0.643357 0.030452 0.055944
3 0.484774 0.607517 0.028487 0.050699
3 0.629666 0.652972 0.035363 0.078671
3 0.607073 0.613636 0.021611 0.066434
3 0.595285 0.670455 0.025540 0.085664
3 0.546169 0.748252 0.041257 0.094406
3 0.568762 0.649476 0.021611 0.064685
3 0.575639 0.567308 0.019646 0.068182
3 0.555501 0.599650 0.020629 0.052448
3 0.530943 0.631119 0.026523 0.069930
3 0.539293 0.669580 0.031434 0.048951
3 0.529961 0.704545 0.022593 0.055944
