3 0.835953 0.633741 0.072692 0.127622
3 0.656189 0.833916 0.066798 0.209790
3 0.025540 0.680070 0.037328 0.160839
3 0.067780 0.717657 0.037328 0.176573
3 0.180255 0.722028 0.038310 0.157343
3 0.399804 0.568182 0.031434 0.108392
3 0.343811 0.566434 0.029470 0.104895
3 0.327603 0.610140 0.030452 0.104895
3 0.289784 0.783217 0.035363 0.164336
3 0.344303 0.816434 0.040275 0.192308
3 0.300589 0.708042 0.027505 0.101399
3 0.466601 0.781469 0.043222 0.157343
3 0.471022 0.890734 0.055992 0.166084
3 0.522593 0.792832 0.047151 0.134615
3 0.526031 0.875000 0.079568 0.169580
