3 0.249509 0.749126 0.060904 0.092657
3 0.558448 0.741259 0.048134 0.076923
3 0.343320 0.708916 0.052063 0.082168
3 0.367387 0.662587 0.043222 0.059441
3 0.385560 0.643357 0.036346 0.059441
3 0.420432 0.622378 0.027505 0.062937
3 0.427800 0.711538 0.046169 0.066434
3 0.424853 0.675699 0.042240 0.033217
3 0.461690 0.635490 0.037328 0.075175
3 0.479862 0.664336 0.034381 0.069930
3 0.515226 0.676573 0.040275 0.076923
3 0.513752 0.602273 0.041257 0.061189
3 0.560904 0.574301 0.033399 0.054196
3 0.549607 0.606643 0.034381 0.041958
3 0.554028 0.642483 0.035363 0.064685
