3 0.899804 0.653846 0.029470 0.097902
3 0.472004 0.719406 0.022593 0.106643
3 0.451375 0.645979 0.018664 0.085664
3 0.566798 0.576923 0.021611 0.073427
3 0.545678 0.587413 0.016699 0.062937
3 0.500000 0.611014 0.013752 0.064685
3 0.469057 0.631119 0.018664 0.076923
3 0.435167 0.525350 0.013752 0.061189
3 0.450393 0.555070 0.018664 0.054196
3 0.451375 0.587413 0.016699 0.048951
3 0.484774 0.579545 0.014735 0.061189
3 0.512770 0.552448 0.013752 0.055944
3 0.500982 0.531469 0.015717 0.059441
3 0.477407 0.538462 0.017682 0.052448
3 0.467583 0.505245 0.013752 0.031469
3 0.464637 0.488636 0.015717 0.036713
