3 0.943517 0.708916 0.028487 0.106643
3 0.527996 0.756119 0.022593 0.110140
3 0.583006 0.597028 0.016699 0.075175
3 0.601179 0.590909 0.017682 0.069930
3 0.494106 0.676573 0.021611 0.094406
3 0.440079 0.538462 0.013752 0.066434
3 0.453831 0.570804 0.017682 0.071678
3 0.477898 0.618007 0.016699 0.078671
3 0.482318 0.556818 0.013752 0.057692
3 0.512279 0.665210 0.014735 0.096154
3 0.524558 0.635490 0.015717 0.068182
3 0.519155 0.588287 0.016699 0.043706
3 0.523576 0.557692 0.015717 0.038462
3 0.517682 0.530594 0.015717 0.043706
3 0.480845 0.521853 0.010806 0.029720
3 0.481827 0.491259 0.012770 0.034965
