3 0.331041 0.381993 0.023576 0.026224
3 0.361002 0.385490 0.016699 0.022727
3 0.392436 0.373252 0.018664 0.026224
3 0.458251 0.383741 0.022593 0.029720
3 0.471513 0.419580 0.019646 0.038462
3 0.441552 0.400350 0.020629 0.034965
3 0.432220 0.406469 0.017682 0.033217
3 0.427308 0.381119 0.009823 0.017483
3 0.538310 0.399476 0.017682 0.033217
3 0.604617 0.409091 0.022593 0.038462
3 0.641945 0.414336 0.024558 0.034965
3 0.496071 0.401224 0.021611 0.029720
3 0.515226 0.404720 0.016699 0.029720
3 0.498035 0.382867 0.017682 0.020979
3 0.823674 0.412587 0.026523 0.038462
