3 0.794695 0.371503 0.023576 0.033217
3 0.695972 0.401224 0.024558 0.036713
3 0.666503 0.398601 0.020629 0.038462
3 0.635069 0.398601 0.020629 0.031469
3 0.608546 0.395105 0.024558 0.034965
3 0.567289 0.407343 0.020629 0.031469
3 0.573674 0.394231 0.019646 0.026224
3 0.465619 0.395979 0.023576 0.033217
3 0.385069 0.396853 0.021611 0.034965
3 0.404715 0.395105 0.017682 0.031469
3 0.393418 0.369755 0.014735 0.022727
3 0.414047 0.381119 0.012770 0.020979
3 0.423379 0.379371 0.015717 0.024476
3 0.532417 0.403846 0.017682 0.031469
3 0.519646 0.392483 0.011788 0.022727
