3 0.919941 0.442308 0.040275 0.055944
3 0.866896 0.488636 0.042240 0.068182
3 0.820727 0.483392 0.034381 0.057692
3 0.768173 0.471154 0.029470 0.057692
3 0.728880 0.461538 0.029470 0.059441
3 0.669941 0.462413 0.029470 0.057692
3 0.627701 0.461538 0.023576 0.059441
3 0.587426 0.459790 0.025540 0.055944
3 0.550098 0.447552 0.019646 0.052448
3 0.501473 0.445804 0.026523 0.052448
3 0.408644 0.436189 0.021611 0.050699
3 0.469548 0.412587 0.017682 0.041958
3 0.449902 0.442308 0.017682 0.048951
3 0.441552 0.402972 0.014735 0.033217
3 0.456287 0.419580 0.022593 0.027972
