3 0.140472 0.557692 0.066798 0.125874
3 0.960707 0.657343 0.062868 0.143357
3 0.661100 0.771853 0.055010 0.180070
3 0.560413 0.534965 0.034381 0.094406
3 0.527505 0.530594 0.025540 0.103147
3 0.478389 0.561189 0.035363 0.097902
3 0.533890 0.724650 0.042240 0.162587
3 0.495580 0.716783 0.040275 0.157343
3 0.453340 0.733392 0.032417 0.155594
3 0.424853 0.755245 0.028487 0.157343
3 0.392927 0.709790 0.031434 0.150350
3 0.347250 0.673077 0.032417 0.146853
3 0.301081 0.624126 0.040275 0.111888
3 0.236739 0.569056 0.039293 0.089161
3 0.248527 0.611888 0.051081 0.122378
3 0.383104 0.636364 0.033399 0.094406
