3 0.754420 0.359266 0.023576 0.029720
3 0.641454 0.382867 0.019646 0.031469
3 0.609037 0.379371 0.017682 0.027972
3 0.570236 0.381119 0.014735 0.031469
3 0.358055 0.384615 0.016699 0.027972
3 0.383595 0.388112 0.018664 0.027972
3 0.381139 0.368007 0.017682 0.026224
3 0.405697 0.376748 0.015717 0.029720
3 0.417485 0.369755 0.013752 0.022727
3 0.451866 0.386364 0.023576 0.031469
3 0.502456 0.391608 0.018664 0.024476
3 0.517191 0.380245 0.018664 0.026224
3 0.496071 0.376748 0.017682 0.019231
3 0.534381 0.393357 0.017682 0.027972
3 0.542240 0.385490 0.019646 0.022727
3 0.547151 0.370629 0.015717 0.020979
