3 0.442043 0.557692 0.015717 0.069930
3 0.459234 0.587413 0.014735 0.069930
3 0.488703 0.631993 0.016699 0.071678
3 0.517682 0.710664 0.019646 0.089161
3 0.549116 0.766608 0.017682 0.082168
3 0.493615 0.571678 0.016699 0.062937
3 0.484774 0.507867 0.014735 0.047203
3 0.485265 0.541084 0.009823 0.050699
3 0.537328 0.683566 0.019646 0.076923
3 0.548625 0.658217 0.014735 0.071678
3 0.610511 0.612762 0.014735 0.071678
3 0.621316 0.588287 0.014735 0.061189
3 0.539293 0.611888 0.011788 0.055944
3 0.543222 0.576923 0.011788 0.045455
3 0.534381 0.545455 0.011788 0.048951
3 0.961690 0.737762 0.033399 0.108392
