3 0.350688 0.379371 0.021611 0.034965
3 0.379175 0.382867 0.017682 0.031469
3 0.393910 0.368007 0.015717 0.029720
3 0.410609 0.376748 0.015717 0.026224
3 0.427800 0.372378 0.014735 0.027972
3 0.455796 0.386364 0.017682 0.031469
3 0.456778 0.372378 0.019646 0.024476
3 0.471513 0.392483 0.015717 0.029720
3 0.500000 0.397727 0.017682 0.029720
3 0.497544 0.382867 0.020629 0.024476
3 0.511297 0.375874 0.018664 0.024476
3 0.527996 0.384615 0.014735 0.020979
3 0.541749 0.382867 0.014735 0.020979
3 0.596267 0.391608 0.021611 0.031469
3 0.631631 0.394231 0.023576 0.029720
3 0.777996 0.375000 0.019646 0.026224
