3 0.991159 0.485140 0.017682 0.064685
3 0.946464 0.567308 0.050098 0.082168
3 0.881631 0.548951 0.040275 0.076923
3 0.837917 0.526224 0.035363 0.059441
3 0.805010 0.513986 0.032417 0.073427
3 0.741650 0.503497 0.029470 0.062937
3 0.690570 0.503497 0.025540 0.066434
3 0.651277 0.500000 0.019646 0.069930
3 0.621316 0.488636 0.022593 0.061189
3 0.580059 0.481643 0.020629 0.057692
3 0.432711 0.460664 0.020629 0.057692
3 0.481336 0.470280 0.013752 0.059441
3 0.528978 0.471154 0.026523 0.057692
3 0.506876 0.450175 0.015717 0.050699
3 0.503929 0.423077 0.017682 0.041958
3 0.522593 0.430944 0.015717 0.040210
