3 0.463654 0.535839 0.027505 0.099650
3 0.500000 0.547203 0.033399 0.101399
3 0.537328 0.555944 0.029470 0.101399
3 0.650786 0.613636 0.038310 0.108392
3 0.594303 0.649476 0.039293 0.117133
3 0.693517 0.524476 0.035363 0.087413
3 0.619352 0.555070 0.034381 0.082168
3 0.639980 0.519231 0.016699 0.059441
3 0.736739 0.487762 0.033399 0.055944
3 0.727898 0.549825 0.037328 0.085664
3 0.715128 0.652972 0.039293 0.120629
3 0.838409 0.643357 0.036346 0.132867
3 0.813360 0.578671 0.035363 0.108392
3 0.777505 0.555944 0.030452 0.090909
3 0.756385 0.626748 0.029470 0.117133
