3 0.474460 0.594406 0.013752 0.034965
3 0.488212 0.561189 0.013752 0.031469
3 0.480845 0.527972 0.012770 0.034965
3 0.517682 0.426573 0.023576 0.027972
3 0.490668 0.380245 0.020629 0.019231
3 0.486248 0.336538 0.021611 0.022727
3 0.488703 0.251748 0.022593 0.027972
3 0.487230 0.292832 0.023576 0.029720
3 0.462181 0.352273 0.022593 0.019231
3 0.458251 0.375000 0.022593 0.019231
3 0.463654 0.398601 0.021611 0.020979
3 0.484774 0.415210 0.018664 0.022727
3 0.503438 0.479021 0.018664 0.027972
3 0.508841 0.498252 0.017682 0.027972
