3 0.227898 0.541958 0.017682 0.048951
3 0.245088 0.559441 0.016699 0.034965
3 0.249509 0.597902 0.019646 0.045455
3 0.271120 0.591783 0.025540 0.050699
3 0.273084 0.630245 0.019646 0.033217
3 0.281925 0.665210 0.029470 0.057692
3 0.295187 0.613636 0.018664 0.048951
3 0.333497 0.631993 0.026523 0.054196
3 0.360511 0.662587 0.027505 0.062937
3 0.338409 0.676573 0.024558 0.052448
3 0.401768 0.704545 0.033399 0.069930
3 0.408153 0.756993 0.032417 0.073427
3 0.470530 0.787587 0.031434 0.068182
3 0.444499 0.824301 0.038310 0.089161
3 0.479371 0.871503 0.043222 0.096154
3 0.534872 0.925699 0.038310 0.103147
3 0.580059 0.955420 0.040275 0.085664
3 0.616896 0.982517 0.025540 0.034965
