3 0.202358 0.678322 0.029470 0.041958
3 0.226916 0.676573 0.023576 0.034965
3 0.261788 0.674825 0.026523 0.038462
3 0.270138 0.662587 0.021611 0.031469
3 0.269646 0.646853 0.030452 0.024476
3 0.342829 0.542832 0.019646 0.029720
3 0.373281 0.530594 0.017682 0.019231
3 0.367878 0.521853 0.016699 0.022727
3 0.482809 0.752622 0.030452 0.054196
3 0.512770 0.736888 0.023576 0.047203
3 0.530943 0.752622 0.026523 0.047203
3 0.553536 0.727273 0.022593 0.038462
3 0.559430 0.750874 0.020629 0.043706
3 0.582515 0.725524 0.025540 0.034965
