3 0.039784 0.414336 0.055992 0.108392
3 0.294695 0.354895 0.039293 0.080420
3 0.037328 0.288462 0.035363 0.076923
3 0.065324 0.305070 0.044204 0.075175
3 0.107073 0.284965 0.037328 0.066434
3 0.118369 0.317308 0.038310 0.061189
3 0.466601 0.367133 0.041257 0.080420
3 0.519646 0.335664 0.027505 0.073427
3 0.705796 0.358392 0.034381 0.080420
3 0.608546 0.369755 0.036346 0.068182
3 0.636542 0.387238 0.029470 0.078671
3 0.638998 0.335664 0.032417 0.045455
3 0.806974 0.370629 0.026523 0.076923
3 0.818762 0.395979 0.032417 0.075175
3 0.920432 0.395979 0.027505 0.089161
3 0.944990 0.375000 0.021611 0.078671
3 0.991159 0.411713 0.017682 0.085664
