3 0.467583 0.777972 0.017682 0.031469
3 0.462672 0.745629 0.013752 0.022727
3 0.441061 0.728147 0.013752 0.019231
3 0.417976 0.717657 0.014735 0.029720
3 0.400786 0.705420 0.009823 0.019231
3 0.388998 0.714161 0.011788 0.022727
3 0.409627 0.731643 0.009823 0.022727
3 0.424853 0.750000 0.010806 0.024476
3 0.446464 0.760490 0.010806 0.017483
3 0.444008 0.748252 0.011788 0.013986
3 0.362475 0.695804 0.011788 0.020979
3 0.336935 0.659091 0.009823 0.020979
3 0.326621 0.652972 0.006876 0.019231
3 0.314342 0.646853 0.009823 0.024476
3 0.278487 0.590035 0.008841 0.019231
3 0.304028 0.630245 0.006876 0.015734
3 0.297151 0.628497 0.006876 0.015734
3 0.416503 0.540210 0.007859 0.013986
3 0.434185 0.521853 0.007859 0.012238
3 0.425344 0.512238 0.007859 0.013986
3 0.408644 0.502622 0.007859 0.012238
3 0.355108 0.518357 0.010806 0.012238
