1 0.879687 0.214844 0.042969 0.097656
1 0.900781 0.464062 0.037500 0.109375
1 0.873437 0.557813 0.052344 0.137500
1 0.879687 0.818750 0.098437 0.127344
1 0.698438 0.557031 0.049219 0.141406
1 0.599219 0.555469 0.059375 0.114062
1 0.640625 0.387500 0.057031 0.078906
1 0.690625 0.371094 0.035937 0.094531
1 0.644531 0.284375 0.061719 0.064844
1 0.618750 0.261719 0.048438 0.062500
1 0.628125 0.164062 0.050781 0.058594
1 0.786719 0.133594 0.053125 0.082031
1 0.468750 0.058594 0.052344 0.050000
1 0.358594 0.209375 0.059375 0.067969
1 0.273438 0.424219 0.046094 0.103906
1 0.178125 0.417969 0.044531 0.103906
1 0.188281 0.803125 0.092188 0.110156
1 0.246875 0.603906 0.042969 0.135156
1 0.098437 0.135156 0.038281 0.048438
