3 0.577603 0.415210 0.021611 0.071678
3 0.412574 0.508741 0.029470 0.083916
3 0.443026 0.646853 0.025540 0.069930
3 0.276523 0.930944 0.042240 0.092657
3 0.222495 0.924825 0.034381 0.062937
3 0.154715 0.889860 0.057957 0.062937
3 0.321709 0.708042 0.036346 0.069930
3 0.300589 0.625000 0.041257 0.096154
3 0.299607 0.461538 0.033399 0.094406
3 0.613949 0.732517 0.045187 0.069930
3 0.612967 0.800699 0.017682 0.066434
3 0.661100 0.829545 0.029470 0.064685
3 0.666503 0.888986 0.034381 0.071678
3 0.507859 0.222902 0.025540 0.089161
3 0.552554 0.241259 0.028487 0.090909
3 0.514244 0.069930 0.038310 0.083916
3 0.547151 0.169580 0.029470 0.073427
