3 0.175344 0.781469 0.048134 0.069930
3 0.237721 0.843531 0.041257 0.057692
3 0.295187 0.862762 0.038310 0.068182
3 0.679273 0.969406 0.055992 0.061189
3 0.663065 0.839161 0.035363 0.083916
3 0.671415 0.770105 0.028487 0.064685
3 0.603635 0.733392 0.024558 0.061189
3 0.627701 0.666958 0.043222 0.075175
3 0.325147 0.639860 0.037328 0.062937
3 0.304028 0.559441 0.038310 0.083916
3 0.298625 0.407343 0.035363 0.080420
3 0.413556 0.473776 0.039293 0.097902
3 0.427308 0.611014 0.027505 0.068182
3 0.581532 0.403846 0.019646 0.062937
3 0.550098 0.194056 0.031434 0.090909
3 0.488703 0.208916 0.026523 0.099650
3 0.559430 0.128497 0.032417 0.050699
3 0.528978 0.027098 0.038310 0.050699
