3 0.662574 0.853147 0.044204 0.087413
3 0.632613 0.720280 0.039293 0.076923
3 0.705305 0.986014 0.025540 0.027972
3 0.177308 0.616259 0.054028 0.071678
3 0.302063 0.691434 0.054028 0.078671
3 0.234283 0.687063 0.042240 0.059441
3 0.280943 0.427448 0.049116 0.078671
3 0.309921 0.497378 0.036346 0.050699
3 0.384578 0.506119 0.032417 0.068182
3 0.363949 0.379371 0.030452 0.104895
3 0.278487 0.259615 0.046169 0.085664
3 0.398330 0.119755 0.028487 0.103147
3 0.519646 0.082168 0.039293 0.101399
3 0.538802 0.307692 0.034381 0.083916
3 0.610511 0.534965 0.036346 0.076923
3 0.558448 0.603147 0.026523 0.059441
3 0.640963 0.658217 0.030452 0.064685
