3 0.468566 0.032343 0.035363 0.061189
3 0.289784 0.047203 0.041257 0.090909
3 0.238212 0.167832 0.054028 0.094406
3 0.247053 0.317308 0.046169 0.078671
3 0.143418 0.522727 0.047151 0.076923
3 0.212672 0.581294 0.044204 0.064685
3 0.270629 0.608392 0.040275 0.076923
3 0.360511 0.960664 0.031434 0.068182
3 0.667485 0.937937 0.034381 0.085664
3 0.624263 0.778846 0.032417 0.085664
3 0.600196 0.638112 0.031434 0.076923
3 0.594303 0.580420 0.025540 0.066434
3 0.517191 0.517483 0.022593 0.052448
3 0.562868 0.470280 0.031434 0.090909
3 0.342338 0.423077 0.032417 0.066434
3 0.273084 0.404720 0.029470 0.064685
3 0.311886 0.316434 0.034381 0.094406
3 0.488703 0.229895 0.024558 0.064685
