3 0.876228 0.602273 0.049116 0.187063
3 0.644892 0.813811 0.079568 0.354895
3 0.363458 0.818182 0.086444 0.363636
3 0.153242 0.777972 0.119843 0.444056
3 0.416994 0.778846 0.079568 0.438811
3 0.474460 0.664336 0.064833 0.314685
3 0.483792 0.506993 0.048134 0.125874
3 0.119843 0.458042 0.092338 0.174825
3 0.210216 0.437063 0.056974 0.150350
3 0.140963 0.562063 0.095285 0.229021
3 0.246562 0.583042 0.084479 0.284965
3 0.308448 0.541084 0.049116 0.222028
3 0.394892 0.469406 0.066798 0.176573
3 0.349705 0.422203 0.049116 0.106643
3 0.289784 0.388986 0.031434 0.099650
