3 0.695972 0.687063 0.040275 0.185315
3 0.637033 0.758741 0.054028 0.227273
3 0.545678 0.684441 0.042240 0.215035
3 0.426326 0.727273 0.047151 0.230769
3 0.274558 0.701923 0.052063 0.250000
3 0.230845 0.611014 0.039293 0.222028
3 0.287819 0.569056 0.031434 0.099650
3 0.305992 0.528846 0.028487 0.099650
3 0.431238 0.587413 0.033399 0.115385
3 0.450884 0.538462 0.027505 0.129371
3 0.584971 0.590035 0.059921 0.117133
3 0.843320 0.895979 0.148330 0.208042
3 0.762279 0.806818 0.066798 0.180070
3 0.840864 0.782343 0.072692 0.204545
3 0.791749 0.589161 0.045187 0.094406
3 0.301572 0.477273 0.019646 0.066434
3 0.332515 0.480769 0.020629 0.097902
