1 0.325781 0.076563 0.023438 0.039062
1 0.303125 0.059375 0.012500 0.048438
1 0.249219 0.146094 0.026562 0.046875
1 0.156250 0.221094 0.021875 0.054688
1 0.190625 0.235156 0.026562 0.059375
1 0.251563 0.221094 0.018750 0.068750
1 0.268750 0.209375 0.032813 0.053125
1 0.311719 0.401562 0.029687 0.078125
1 0.232813 0.466406 0.056250 0.062500
1 0.444531 0.153125 0.037500 0.046875
1 0.425000 0.103906 0.018750 0.050000
1 0.191406 0.578125 0.043750 0.084375
1 0.278125 0.709375 0.071875 0.089063
1 0.301563 0.830469 0.028125 0.162500
1 0.414062 0.798438 0.029687 0.139063
1 0.547656 0.128125 0.031250 0.050000
1 0.582812 0.168750 0.021875 0.057813
1 0.594531 0.242969 0.037500 0.054688
1 0.507031 0.389062 0.046875 0.062500
1 0.682813 0.408594 0.040625 0.075000
1 0.702344 0.311719 0.053125 0.062500
1 0.746875 0.289062 0.053125 0.053125
1 0.120313 0.160938 0.025000 0.050000
