1 0.532813 0.011719 0.075000 0.023438
1 0.363281 0.182031 0.096875 0.031250
1 0.554688 0.351562 0.081250 0.025000
1 0.169531 0.344531 0.104688 0.062500
1 0.841406 0.241406 0.050000 0.034375
1 0.780469 0.339844 0.062500 0.018750
1 0.883594 0.416406 0.051562 0.025000
1 0.712500 0.426563 0.065625 0.025000
1 0.749219 0.569531 0.059375 0.045312
1 0.793750 0.678906 0.040625 0.040625
1 0.657031 0.648438 0.071875 0.020313
1 0.674219 0.826562 0.053125 0.048438
1 0.526563 0.528125 0.087500 0.028125
1 0.357031 0.539062 0.115625 0.029687
1 0.098437 0.506250 0.118750 0.048438
1 0.185938 0.651563 0.146875 0.050000
1 0.558594 0.751563 0.067187 0.056250
1 0.335938 0.795312 0.089063 0.068750
1 0.157031 0.862500 0.128125 0.084375
1 0.751563 0.698438 0.042188 0.018750
