3 0.045187 0.697552 0.049116 0.059441
3 0.180255 0.612762 0.034381 0.036713
3 0.166994 0.602273 0.037328 0.036713
3 0.234283 0.645979 0.040275 0.043706
3 0.265717 0.658217 0.036346 0.033217
3 0.272102 0.729021 0.049116 0.048951
3 0.267682 0.690559 0.046169 0.034965
3 0.478880 0.673951 0.036346 0.047203
3 0.436640 0.648601 0.038310 0.024476
3 0.418959 0.678322 0.038310 0.038462
3 0.397839 0.636364 0.033399 0.031469
3 0.387525 0.668706 0.028487 0.040210
3 0.362967 0.652098 0.038310 0.038462
3 0.349214 0.624126 0.028487 0.024476
3 0.344794 0.710664 0.045187 0.043706
3 0.349705 0.682692 0.043222 0.029720
3 0.296660 0.623252 0.031434 0.029720
3 0.319253 0.639860 0.029470 0.027972
3 0.294204 0.671329 0.036346 0.041958
