1 0.477344 0.753125 0.028906 0.119531
1 0.424219 0.782031 0.058594 0.067187
1 0.243750 0.959375 0.068750 0.065625
1 0.264062 0.823438 0.069531 0.067187
1 0.315625 0.754687 0.026562 0.131250
1 0.128906 0.946875 0.045312 0.096875
1 0.053906 0.958594 0.057813 0.076563
1 0.100000 0.878125 0.027344 0.080469
1 0.117188 0.828125 0.036719 0.118750
1 0.467969 0.325000 0.035156 0.055469
1 0.356250 0.453125 0.043750 0.099219
1 0.337500 0.419531 0.025000 0.084375
1 0.421094 0.366406 0.034375 0.103125
1 0.427344 0.278906 0.043750 0.121875
1 0.385937 0.268750 0.032813 0.024219
1 0.375000 0.221875 0.061719 0.057031
1 0.357031 0.126562 0.067187 0.064062
1 0.285156 0.165625 0.063281 0.079687
1 0.231250 0.214062 0.046094 0.035937
1 0.175000 0.242188 0.064844 0.057813
1 0.116406 0.274219 0.050781 0.045312
1 0.077344 0.817187 0.035937 0.042969
