1 0.434375 0.798438 0.050000 0.056250
1 0.608594 0.764844 0.084375 0.070312
1 0.713281 0.653906 0.143750 0.050000
1 0.563281 0.035156 0.084375 0.043750
1 0.517969 0.092188 0.065625 0.051562
1 0.660156 0.059375 0.121875 0.071875
1 0.378906 0.129688 0.056250 0.050000
1 0.267969 0.200000 0.051562 0.043750
1 0.630469 0.237500 0.059375 0.078125
1 0.414062 0.246875 0.090625 0.031250
1 0.336719 0.305469 0.065625 0.037500
1 0.553906 0.371094 0.084375 0.056250
1 0.628125 0.405469 0.065625 0.056250
1 0.348438 0.400781 0.078125 0.031250
1 0.224219 0.367969 0.081250 0.025000
1 0.119531 0.347656 0.045312 0.028125
1 0.067969 0.387500 0.032813 0.026562
1 0.041406 0.415625 0.029687 0.028125
1 0.132812 0.445312 0.043750 0.037500
1 0.089063 0.439844 0.037500 0.028125
1 0.088281 0.469531 0.043750 0.034375
1 0.473438 0.524219 0.062500 0.050000
1 0.336719 0.851562 0.050000 0.039062
1 0.374219 0.821875 0.071875 0.020313
1 0.335156 0.842187 0.031250 0.028125
