1 0.400781 0.735938 0.043750 0.092188
1 0.467969 0.686719 0.021875 0.095312
1 0.033594 0.759375 0.026562 0.050000
1 0.059375 0.729688 0.031250 0.079687
1 0.260937 0.608594 0.037500 0.062500
1 0.170313 0.389844 0.018750 0.043750
1 0.207031 0.394531 0.025000 0.048438
1 0.240625 0.330469 0.021875 0.037500
1 0.264844 0.378125 0.031250 0.056250
1 0.264062 0.375781 0.021875 0.040625
1 0.308594 0.478125 0.028125 0.051562
1 0.318750 0.525000 0.046875 0.059375
1 0.343750 0.290625 0.014063 0.037500
1 0.385937 0.284375 0.015625 0.034375
1 0.410156 0.266406 0.021875 0.034375
1 0.407813 0.315625 0.031250 0.040625
1 0.490625 0.289844 0.018750 0.037500
1 0.514062 0.328125 0.012500 0.043750
1 0.490625 0.447656 0.040625 0.043750
1 0.542969 0.342969 0.015625 0.040625
1 0.634375 0.360156 0.034375 0.035937
1 0.626563 0.384375 0.037500 0.046875
1 0.617188 0.435937 0.025000 0.051562
1 0.432031 0.588281 0.040625 0.059375
1 0.119531 0.350000 0.021875 0.046875
