1 0.290625 0.437500 0.025781 0.056250
1 0.385937 0.446094 0.025781 0.036719
1 0.419531 0.328906 0.033594 0.038281
1 0.496875 0.235156 0.029687 0.028906
1 0.679688 0.275781 0.024219 0.031250
1 0.563281 0.362500 0.035156 0.034375
1 0.504687 0.532813 0.032813 0.065625
1 0.569531 0.554688 0.022656 0.072656
1 0.415625 0.679688 0.051562 0.070312
1 0.687500 0.848437 0.054688 0.107031
1 0.684375 0.470313 0.033594 0.050781
1 0.696094 0.320312 0.032031 0.048438
1 0.773438 0.246875 0.026562 0.029687
1 0.807813 0.262500 0.024219 0.032031
1 0.628906 0.275781 0.018750 0.035937
1 0.838281 0.339844 0.028125 0.030469
1 0.819531 0.382031 0.028906 0.060156
1 0.834375 0.296875 0.014063 0.039062
1 0.839844 0.504687 0.039062 0.050781
1 0.819531 0.294531 0.015625 0.039062
1 0.903906 0.355469 0.027344 0.037500
1 0.625781 0.307031 0.011719 0.015625
