3 0.182711 0.782343 0.021611 0.057692
3 0.239194 0.778846 0.018664 0.057692
3 0.245580 0.751748 0.015717 0.041958
3 0.273576 0.755245 0.022593 0.052448
3 0.343811 0.716783 0.013752 0.041958
3 0.370334 0.716783 0.015717 0.045455
3 0.410118 0.714161 0.018664 0.043706
3 0.441552 0.714161 0.016699 0.043706
3 0.460707 0.709790 0.015717 0.038462
3 0.476916 0.718531 0.014735 0.041958
3 0.486248 0.701049 0.013752 0.038462
3 0.511297 0.708042 0.010806 0.038462
3 0.537328 0.706294 0.019646 0.045455
3 0.523084 0.694056 0.014735 0.034965
