3 0.128684 0.673951 0.049116 0.155594
3 0.179273 0.672203 0.054028 0.194056
3 0.261297 0.680944 0.045187 0.169580
3 0.301572 0.692308 0.045187 0.188811
3 0.341847 0.638986 0.043222 0.187063
3 0.396857 0.612762 0.049116 0.124126
3 0.415029 0.569056 0.046169 0.106643
3 0.524558 0.643357 0.049116 0.178322
3 0.788802 0.900350 0.163065 0.199301
3 0.701866 0.868007 0.095285 0.239510
3 0.831532 0.701923 0.073674 0.194056
3 0.821709 0.826923 0.158153 0.171329
3 0.774067 0.669580 0.029470 0.097902
3 0.749509 0.727273 0.108055 0.125874
3 0.571709 0.682692 0.047151 0.169580
3 0.631631 0.646853 0.029470 0.136364
3 0.657171 0.630245 0.031434 0.162587
3 0.690079 0.672203 0.032417 0.162587
3 0.703340 0.598776 0.027505 0.120629
