3 0.829077 0.816434 0.019646 0.041958
3 0.796660 0.791958 0.021611 0.038462
3 0.807466 0.826049 0.019646 0.029720
3 0.802554 0.850524 0.023576 0.033217
3 0.766699 0.809441 0.016699 0.027972
3 0.761788 0.778846 0.020629 0.033217
3 0.772593 0.771853 0.018664 0.033217
3 0.786346 0.809441 0.018664 0.031469
3 0.685167 0.584790 0.016699 0.033217
3 0.671415 0.543706 0.018664 0.034965
3 0.640963 0.527098 0.018664 0.022727
3 0.621807 0.527972 0.019646 0.024476
3 0.611002 0.591783 0.017682 0.033217
3 0.593320 0.575175 0.013752 0.027972
3 0.550589 0.454545 0.016699 0.024476
3 0.573183 0.482517 0.014735 0.024476
3 0.562868 0.483392 0.013752 0.019231
3 0.585462 0.512238 0.015717 0.027972
3 0.567289 0.562937 0.018664 0.027972
3 0.560904 0.526224 0.013752 0.027972
3 0.571709 0.524476 0.013752 0.024476
3 0.554028 0.497378 0.019646 0.022727
3 0.595776 0.545455 0.014735 0.031469
