3 0.713163 0.589161 0.039293 0.111888
3 0.698428 0.618881 0.039293 0.132867
3 0.199411 0.664336 0.045187 0.174825
3 0.234774 0.638112 0.035363 0.129371
3 0.270629 0.687063 0.036346 0.160839
3 0.300098 0.673951 0.038310 0.124126
3 0.362967 0.630245 0.024558 0.113636
3 0.390963 0.672203 0.041257 0.162587
3 0.334479 0.551573 0.024558 0.103147
3 0.305501 0.562063 0.025540 0.110140
3 0.501473 0.541084 0.036346 0.131119
3 0.526523 0.477273 0.025540 0.125874
3 0.568762 0.474650 0.031434 0.124126
3 0.622299 0.590035 0.061886 0.145105
3 0.650786 0.482517 0.036346 0.122378
3 0.630648 0.482517 0.029470 0.094406
3 0.603635 0.497378 0.016699 0.075175
3 0.474460 0.519231 0.023576 0.083916
3 0.472986 0.607517 0.024558 0.134615
3 0.440079 0.568182 0.027505 0.132867
