3 0.710216 0.614510 0.031434 0.099650
3 0.702849 0.670455 0.032417 0.152098
3 0.187132 0.690559 0.038310 0.174825
3 0.232809 0.652972 0.025540 0.120629
3 0.264244 0.713287 0.029470 0.188811
3 0.289784 0.673951 0.021611 0.127622
3 0.324165 0.595280 0.029470 0.141608
3 0.348232 0.564685 0.016699 0.104895
3 0.361984 0.644231 0.016699 0.092657
3 0.374263 0.694056 0.023576 0.171329
3 0.432220 0.554196 0.019646 0.069930
3 0.426817 0.604021 0.040275 0.131119
3 0.479862 0.636364 0.026523 0.164336
3 0.478389 0.535839 0.017682 0.075175
3 0.495580 0.566434 0.028487 0.143357
3 0.532417 0.512238 0.027505 0.139860
3 0.568271 0.505245 0.024558 0.136364
3 0.648821 0.524476 0.034381 0.136364
3 0.629666 0.517483 0.017682 0.097902
3 0.598232 0.633741 0.031434 0.159091
3 0.607564 0.548077 0.030452 0.131119
