1 0.179688 0.712500 0.056250 0.129688
1 0.374219 0.632031 0.073438 0.084375
1 0.487500 0.636719 0.054688 0.096875
1 0.278125 0.490625 0.042188 0.117188
1 0.241406 0.378906 0.046875 0.081250
1 0.303906 0.262500 0.042188 0.062500
1 0.274219 0.192969 0.025000 0.062500
1 0.164062 0.142187 0.046875 0.053125
1 0.089063 0.056250 0.018750 0.042188
1 0.064844 0.036719 0.021875 0.046875
1 0.207031 0.058594 0.037500 0.053125
1 0.383594 0.042969 0.037500 0.046875
1 0.476562 0.265625 0.040625 0.064062
1 0.464844 0.214844 0.034375 0.042188
1 0.595313 0.203906 0.035937 0.062500
1 0.760938 0.309375 0.037500 0.078125
1 0.758594 0.483594 0.060937 0.068750
1 0.549219 0.028125 0.028125 0.050000
