5 0.494106 0.645105 0.053045 0.090909
5 0.849214 0.555070 0.065815 0.050699
5 0.727898 0.395105 0.047151 0.090909
5 0.638998 0.351399 0.052063 0.062937
5 0.640963 0.973776 0.046169 0.048951
5 0.555501 0.951049 0.042240 0.062937
5 0.487721 0.951049 0.044204 0.059441
5 0.432711 0.922203 0.034381 0.050699
5 0.418959 0.888986 0.024558 0.036713
5 0.291749 0.744755 0.027505 0.031469
5 0.330059 0.805944 0.035363 0.052448
5 0.379666 0.780594 0.032417 0.050699
5 0.362967 0.653846 0.028487 0.034965
5 0.392436 0.687937 0.032417 0.040210
5 0.416994 0.699301 0.028487 0.034965
5 0.469548 0.780594 0.027505 0.064685
5 0.445481 0.750874 0.024558 0.036713
5 0.325147 0.707168 0.027505 0.036713
5 0.584971 0.833042 0.034381 0.061189
5 0.682220 0.859266 0.036346 0.054196
5 0.616405 0.814685 0.018664 0.041958
5 0.626228 0.720280 0.030452 0.055944
5 0.533890 0.741259 0.030452 0.052448
5 0.575639 0.762238 0.025540 0.041958
5 0.553536 0.768357 0.018664 0.033217
5 0.415029 0.638112 0.030452 0.048951
5 0.450393 0.496503 0.032417 0.031469
5 0.542240 0.518357 0.029470 0.050699
5 0.487230 0.576049 0.035363 0.033217
5 0.443026 0.623252 0.031434 0.040210
5 0.773576 0.714161 0.030452 0.078671
5 0.726424 0.803322 0.026523 0.054196
5 0.593811 0.423951 0.028487 0.043706
5 0.820727 0.618881 0.028487 0.062937
5 0.790275 0.517483 0.032417 0.041958
5 0.789784 0.564685 0.025540 0.041958
5 0.701866 0.619755 0.028487 0.057692
5 0.638507 0.610140 0.025540 0.038462
5 0.665521 0.645979 0.036346 0.040210
5 0.671415 0.423951 0.030452 0.047203
5 0.624754 0.447552 0.029470 0.045455
5 0.593320 0.708916 0.019646 0.033217
5 0.682220 0.458916 0.026523 0.036713
5 0.819745 0.431818 0.024558 0.031469
5 0.832515 0.363636 0.032417 0.045455
5 0.867387 0.454545 0.023576 0.055944
5 0.885560 0.488636 0.030452 0.043706
5 0.935167 0.455420 0.025540 0.050699
5 0.904715 0.348776 0.023576 0.047203
5 0.938605 0.344406 0.022593 0.038462
5 0.889489 0.217657 0.022593 0.043706
5 0.908644 0.252622 0.019646 0.047203
5 0.950393 0.291084 0.022593 0.047203
5 0.951375 0.203671 0.024558 0.057692
5 0.937132 0.087413 0.023576 0.052448
