5 0.391945 0.277098 0.021611 0.082168
5 0.468566 0.242133 0.015717 0.089161
5 0.551572 0.326049 0.024558 0.085664
5 0.625737 0.144231 0.025540 0.054196
5 0.663065 0.243007 0.021611 0.090909
5 0.734283 0.409091 0.046169 0.125874
5 0.814342 0.659091 0.070727 0.153846
5 0.647348 0.596154 0.049116 0.139860
5 0.588900 0.762238 0.034381 0.146853
5 0.552063 0.630245 0.043222 0.138112
5 0.567289 0.525350 0.050098 0.138112
5 0.588409 0.575175 0.056974 0.139860
5 0.628193 0.478147 0.038310 0.117133
5 0.684676 0.395105 0.058939 0.111888
5 0.836444 0.567308 0.048134 0.124126
5 0.629666 0.424825 0.041257 0.104895
5 0.635560 0.361014 0.043222 0.096154
5 0.604617 0.312063 0.020629 0.057692
5 0.665521 0.323427 0.020629 0.066434
5 0.598723 0.262238 0.018664 0.066434
5 0.595285 0.216783 0.021611 0.059441
5 0.566798 0.227273 0.025540 0.066434
5 0.477898 0.167832 0.042240 0.048951
5 0.518664 0.171329 0.025540 0.041958
5 0.538802 0.242133 0.024558 0.061189
5 0.508350 0.221154 0.024558 0.050699
