5 0.419450 0.311189 0.033399 0.041958
5 0.277505 0.215909 0.030452 0.047203
5 0.095285 0.402098 0.033399 0.048951
5 0.125737 0.374126 0.027505 0.055944
5 0.604617 0.219406 0.034381 0.040210
5 0.576621 0.208042 0.037328 0.034965
5 0.517191 0.143357 0.028487 0.038462
5 0.690079 0.187063 0.026523 0.041958
5 0.965619 0.291084 0.033399 0.036713
5 0.973969 0.249126 0.030452 0.047203
5 0.890963 0.277098 0.035363 0.047203
5 0.826621 0.275350 0.034381 0.043706
5 0.807957 0.242133 0.034381 0.033217
5 0.848232 0.207168 0.030452 0.040210
5 0.878684 0.213287 0.034381 0.045455
5 0.764735 0.228147 0.034381 0.047203
5 0.736739 0.185315 0.027505 0.038462
5 0.922397 0.206294 0.037328 0.041958
5 0.431729 0.143357 0.030452 0.041958
5 0.390963 0.290210 0.023576 0.048951
5 0.329077 0.248252 0.033399 0.041958
5 0.453340 0.132867 0.024558 0.034965
5 0.478389 0.075175 0.025540 0.034965
5 0.552063 0.083916 0.023576 0.027972
5 0.438114 0.055944 0.027505 0.031469
5 0.410118 0.089161 0.028487 0.027972
5 0.394401 0.158217 0.024558 0.040210
5 0.246562 0.208042 0.027505 0.034965
5 0.111002 0.290210 0.017682 0.055944
5 0.051572 0.365385 0.032417 0.038462
5 0.051572 0.347028 0.030452 0.033217
5 0.085462 0.375000 0.029470 0.033217
5 0.077603 0.347902 0.029470 0.024476
5 0.083006 0.159965 0.024558 0.043706
5 0.123772 0.152098 0.017682 0.048951
5 0.158644 0.156469 0.028487 0.043706
5 0.178782 0.170455 0.025540 0.036713
5 0.197937 0.170455 0.030452 0.040210
5 0.228880 0.137238 0.015717 0.022727
5 0.234283 0.118881 0.024558 0.027972
5 0.237721 0.083916 0.015717 0.038462
5 0.023576 0.339161 0.019646 0.034965
5 0.006876 0.270979 0.011788 0.055944
5 0.336935 0.125874 0.027505 0.034965
5 0.368861 0.139860 0.022593 0.031469
5 0.317289 0.138112 0.025540 0.034965
5 0.302063 0.128497 0.024558 0.026224
5 0.539293 0.201049 0.015717 0.034965
5 0.693517 0.139860 0.019646 0.038462
5 0.722004 0.139860 0.023576 0.041958
5 0.743615 0.145105 0.021611 0.041958
5 0.775049 0.186189 0.023576 0.040210
5 0.774558 0.163462 0.028487 0.036713
5 0.780452 0.137238 0.018664 0.036713
5 0.814342 0.172203 0.027505 0.043706
5 0.810904 0.145979 0.024558 0.040210
5 0.848723 0.263112 0.027505 0.040210
5 0.968075 0.201049 0.034381 0.041958
5 0.944499 0.248252 0.030452 0.038462
5 0.987721 0.247378 0.022593 0.047203
5 0.579077 0.095280 0.022593 0.033217
5 0.188605 0.097028 0.023576 0.019231
5 0.131631 0.108392 0.013752 0.038462
