5 0.476916 0.867133 0.012770 0.052448
5 0.544204 0.868881 0.013752 0.059441
5 0.492633 0.796329 0.014735 0.054196
5 0.535855 0.814685 0.008841 0.027972
5 0.474460 0.722028 0.011788 0.052448
5 0.521120 0.705420 0.012770 0.050699
5 0.501473 0.684441 0.010806 0.054196
5 0.490177 0.721154 0.007859 0.026224
5 0.472004 0.583042 0.014735 0.047203
5 0.486739 0.487762 0.010806 0.055944
5 0.500000 0.524476 0.011788 0.048951
5 0.526031 0.548077 0.010806 0.043706
5 0.537819 0.520979 0.008841 0.048951
5 0.545187 0.543706 0.011788 0.045455
5 0.507367 0.416958 0.010806 0.050699
5 0.537819 0.471154 0.010806 0.047203
5 0.494106 0.442308 0.009823 0.027972
5 0.530943 0.395979 0.008841 0.047203
5 0.502456 0.355769 0.008841 0.043706
5 0.520138 0.379371 0.008841 0.034965
5 0.511297 0.303322 0.008841 0.047203
5 0.503929 0.281469 0.011788 0.041958
5 0.478880 0.270979 0.010806 0.034965
5 0.453831 0.222028 0.011788 0.045455
5 0.481827 0.193182 0.010806 0.047203
5 0.558939 0.326923 0.013752 0.052448
5 0.568271 0.331294 0.010806 0.040210
5 0.581041 0.285839 0.012770 0.047203
5 0.573183 0.220280 0.010806 0.055944
5 0.527996 0.144231 0.014735 0.047203
5 0.583497 0.219406 0.013752 0.054196
5 0.619352 0.196678 0.008841 0.050699
5 0.655697 0.136364 0.012770 0.048951
5 0.630648 0.106643 0.015717 0.048951
5 0.608055 0.156469 0.011788 0.047203
5 0.583497 0.143357 0.015717 0.045455
5 0.634578 0.055070 0.011788 0.043706
5 0.553536 0.047203 0.012770 0.038462
5 0.720039 0.175699 0.011788 0.040210
5 0.689096 0.093531 0.010806 0.043706
5 0.673379 0.067308 0.012770 0.043706
5 0.724951 0.059441 0.011788 0.045455
5 0.694990 0.041084 0.012770 0.043706
5 0.736248 0.027972 0.010806 0.031469
5 0.694990 0.011364 0.014735 0.019231
