5 0.483301 0.614510 0.021611 0.103147
5 0.498527 0.572552 0.028487 0.089161
5 0.541257 0.601399 0.023576 0.076923
5 0.613458 0.655594 0.024558 0.097902
5 0.633104 0.549825 0.028487 0.089161
5 0.657662 0.673951 0.032417 0.096154
5 0.644401 0.790210 0.023576 0.125874
5 0.662083 0.923951 0.025540 0.138112
5 0.904224 0.741259 0.028487 0.111888
5 0.912574 0.705420 0.031434 0.089161
5 0.846267 0.703671 0.028487 0.096154
5 0.810904 0.662587 0.038310 0.073427
5 0.858055 0.603147 0.036346 0.076923
5 0.859037 0.658217 0.030452 0.092657
5 0.804028 0.605769 0.030452 0.085664
5 0.742633 0.559441 0.033399 0.080420
5 0.674853 0.515734 0.027505 0.087413
5 0.599214 0.457168 0.021611 0.068182
5 0.539293 0.444930 0.019646 0.064685
