5 0.481336 0.943182 0.013752 0.040210
5 0.505403 0.716783 0.014735 0.045455
5 0.523576 0.819930 0.017682 0.041958
5 0.533399 0.901224 0.015717 0.040210
5 0.549607 0.645105 0.012770 0.048951
5 0.561395 0.049825 0.012770 0.057692
5 0.552554 0.116259 0.012770 0.047203
5 0.573183 0.091783 0.012770 0.043706
5 0.557466 0.194930 0.012770 0.050699
5 0.555501 0.256993 0.014735 0.048951
5 0.608546 0.201049 0.010806 0.034965
5 0.589882 0.124126 0.012770 0.062937
5 0.536837 0.388112 0.012770 0.048951
5 0.548134 0.597902 0.019646 0.034965
5 0.550098 0.564685 0.017682 0.034965
