5 0.598232 0.965035 0.009823 0.038462
5 0.609037 0.840909 0.011788 0.045455
5 0.598723 0.725524 0.016699 0.048951
5 0.582024 0.608392 0.012770 0.048951
5 0.638016 0.641608 0.012770 0.052448
5 0.594303 0.540210 0.011788 0.045455
5 0.631631 0.272727 0.009823 0.048951
5 0.631139 0.336538 0.010806 0.047203
5 0.600196 0.373252 0.011788 0.043706
5 0.614931 0.414336 0.011788 0.041958
5 0.565815 0.196678 0.011788 0.050699
5 0.600688 0.138986 0.016699 0.050699
5 0.542240 0.035839 0.011788 0.057692
5 0.567780 0.035839 0.009823 0.047203
5 0.556483 0.023601 0.010806 0.043706
5 0.538310 0.132867 0.007859 0.031469
