5 0.332515 0.707168 0.057957 0.061189
5 0.411591 0.700175 0.043222 0.047203
5 0.404224 0.667832 0.048134 0.034965
5 0.493124 0.678322 0.033399 0.045455
5 0.505403 0.651224 0.042240 0.040210
5 0.618369 0.702797 0.048134 0.048951
5 0.663065 0.686189 0.037328 0.050699
5 0.822692 0.819056 0.063851 0.085664
5 0.555010 0.678322 0.043222 0.045455
5 0.569745 0.650350 0.039293 0.045455
5 0.563360 0.564685 0.036346 0.048951
5 0.568271 0.541958 0.034381 0.034965
5 0.682220 0.625000 0.048134 0.050699
5 0.676817 0.542832 0.033399 0.047203
