5 0.845285 0.874126 0.067780 0.076923
5 0.350196 0.659965 0.046169 0.050699
5 0.416994 0.677448 0.036346 0.043706
5 0.418468 0.644231 0.045187 0.040210
5 0.489686 0.660839 0.040275 0.041958
5 0.551572 0.667832 0.040275 0.045455
5 0.625246 0.701923 0.044204 0.057692
5 0.653242 0.679196 0.039293 0.054196
5 0.660118 0.623252 0.047151 0.054196
5 0.669941 0.549825 0.031434 0.040210
5 0.545187 0.569056 0.031434 0.043706
5 0.552063 0.548077 0.027505 0.033217
5 0.491159 0.631993 0.041257 0.033217
5 0.579077 0.646853 0.038310 0.045455
