1 0.037500 0.541406 0.075000 0.070312
1 0.164844 0.417187 0.125000 0.051562
1 0.169531 0.371875 0.150000 0.037500
1 0.455469 0.541406 0.084375 0.079687
1 0.292187 0.578125 0.081250 0.021875
1 0.316406 0.621875 0.134375 0.043750
1 0.366406 0.714844 0.121875 0.043750
1 0.475000 0.952344 0.071875 0.082812
1 0.681250 0.800781 0.107813 0.065625
1 0.791406 0.720313 0.065625 0.040625
1 0.686719 0.622656 0.087500 0.081250
1 0.584375 0.605469 0.121875 0.056250
1 0.673438 0.501563 0.128125 0.040625
1 0.793750 0.515625 0.043750 0.037500
1 0.832812 0.531250 0.054688 0.028125
1 0.786719 0.439063 0.143750 0.043750
1 0.717969 0.466406 0.059375 0.040625
1 0.870313 0.316406 0.078125 0.084375
1 0.938281 0.139844 0.118750 0.075000
1 0.950781 0.024219 0.095312 0.046875
1 0.836719 0.026562 0.095312 0.053125
1 0.558594 0.041406 0.160938 0.048438
1 0.546875 0.117188 0.095312 0.081250
1 0.631250 0.203906 0.056250 0.071875
1 0.614844 0.292187 0.115625 0.050000
1 0.618750 0.387500 0.050000 0.081250
1 0.542188 0.407031 0.076563 0.034375
1 0.474219 0.374219 0.096875 0.029687
1 0.553906 0.357812 0.118750 0.029687
1 0.705469 0.811719 0.062500 0.031250
