1 0.310156 0.418750 0.125000 0.025000
1 0.275000 0.313281 0.146875 0.029687
1 0.454688 0.367188 0.065625 0.053125
1 0.493750 0.207813 0.076563 0.040625
1 0.590625 0.245312 0.062500 0.053125
1 0.649219 0.320312 0.068750 0.026562
1 0.658594 0.501563 0.059375 0.043750
1 0.804688 0.170313 0.054688 0.018750
1 0.860156 0.130469 0.050000 0.023438
1 0.878125 0.258594 0.051562 0.028125
1 0.817187 0.278906 0.053125 0.026562
1 0.810937 0.259375 0.062500 0.015625
1 0.866406 0.442188 0.043750 0.034375
1 0.914844 0.422656 0.046875 0.018750
1 0.953125 0.316406 0.031250 0.025000
1 0.955469 0.378906 0.040625 0.028125
1 0.646094 0.667188 0.062500 0.034375
1 0.724219 0.683594 0.065625 0.043750
1 0.749219 0.728125 0.050000 0.043750
1 0.788281 0.585156 0.046875 0.037500
1 0.853906 0.572656 0.056250 0.025000
1 0.893750 0.541406 0.046875 0.031250
1 0.795312 0.204687 0.062500 0.025000
1 0.789844 0.214062 0.056250 0.012500
