5 0.183694 0.841783 0.168959 0.288462
5 0.476916 0.651224 0.079568 0.152098
5 0.419450 0.722902 0.080550 0.222028
5 0.458743 0.796329 0.076621 0.253497
5 0.557957 0.715035 0.102161 0.241259
5 0.687623 0.749126 0.108055 0.250000
5 0.635069 0.892483 0.150295 0.215035
5 0.768173 0.736888 0.088409 0.194056
5 0.294204 0.506993 0.065815 0.094406
5 0.176326 0.535839 0.059921 0.096154
5 0.956778 0.590909 0.072692 0.111888
5 0.903733 0.560315 0.080550 0.106643
5 0.860020 0.548951 0.091356 0.118881
5 0.740177 0.511364 0.073674 0.089161
5 0.688114 0.527098 0.075639 0.089161
5 0.647348 0.553322 0.092338 0.103147
5 0.955305 0.477273 0.038310 0.069930
5 0.581041 0.496503 0.050098 0.069930
5 0.777996 0.490385 0.055010 0.078671
