5 0.334479 0.701049 0.148330 0.209790
5 0.162083 0.834790 0.153242 0.281469
5 0.188114 0.708042 0.132613 0.213287
5 0.078094 0.798951 0.142436 0.258741
5 0.259823 0.875000 0.179764 0.250000
5 0.289293 0.500000 0.055992 0.097902
5 0.570236 0.541958 0.081532 0.115385
5 0.637525 0.543706 0.070727 0.122378
5 0.942534 0.721154 0.114931 0.176573
5 0.921906 0.590035 0.120825 0.131119
5 0.857564 0.567308 0.086444 0.120629
5 0.817289 0.555944 0.092338 0.115385
5 0.754912 0.518357 0.089391 0.096154
5 0.180255 0.522727 0.050098 0.090909
