1 0.218750 0.256250 0.035937 0.109375
1 0.277344 0.485156 0.031250 0.115625
1 0.221094 0.680469 0.053125 0.112500
1 0.316406 0.288281 0.035937 0.118750
1 0.408594 0.048438 0.059375 0.075000
1 0.714844 0.046875 0.065625 0.067187
1 0.697656 0.170313 0.056250 0.065625
1 0.750781 0.192188 0.056250 0.071875
1 0.746094 0.307031 0.028125 0.100000
1 0.770312 0.295312 0.028125 0.081250
1 0.646875 0.509375 0.062500 0.115625
1 0.753125 0.517969 0.056250 0.151562
1 0.954688 0.553125 0.040625 0.146875
1 0.917969 0.901563 0.100000 0.143750
1 0.915625 0.035937 0.051562 0.056250
1 0.982812 0.482031 0.028125 0.100000
1 0.989844 0.150000 0.018750 0.060937
1 0.685156 0.044531 0.025000 0.067187
