1 0.889844 0.247656 0.049219 0.054688
1 0.821094 0.188281 0.036719 0.043750
1 0.646094 0.189844 0.039062 0.042188
1 0.518750 0.094531 0.031250 0.037500
1 0.411719 0.198437 0.038281 0.040625
1 0.104688 0.155469 0.039844 0.039062
1 0.028125 0.474219 0.056250 0.051562
1 0.245312 0.596875 0.049219 0.076563
1 0.303125 0.487500 0.019531 0.087500
1 0.255469 0.328125 0.023438 0.065625
1 0.333594 0.339844 0.021875 0.067187
1 0.389844 0.425000 0.019531 0.089844
1 0.654687 0.364063 0.030469 0.067969
1 0.589063 0.492969 0.042188 0.065625
1 0.813281 0.720313 0.069531 0.119531
1 0.846875 0.507812 0.025000 0.101562
1 0.888281 0.435937 0.025781 0.061719
1 0.762500 0.330469 0.046094 0.043750
1 0.728125 0.303906 0.044531 0.045312
1 0.780469 0.289844 0.021875 0.046875
1 0.754687 0.286719 0.039062 0.043750
