1 0.953906 0.350781 0.053125 0.068750
1 0.879687 0.217969 0.050000 0.062500
1 0.695312 0.186719 0.046875 0.062500
1 0.561719 0.032031 0.037500 0.056250
1 0.619531 0.261719 0.045312 0.050000
1 0.650000 0.296875 0.056250 0.059375
1 0.572656 0.402344 0.057813 0.056250
1 0.628125 0.404687 0.056250 0.056250
1 0.863281 0.617188 0.062500 0.081250
1 0.803125 0.704688 0.037500 0.132812
1 0.704688 0.928125 0.078125 0.137500
1 0.614844 0.597656 0.031250 0.123438
1 0.512500 0.543750 0.021875 0.120313
1 0.418750 0.120313 0.039062 0.046875
1 0.321094 0.286719 0.051562 0.062500
1 0.223438 0.222656 0.032813 0.075000
1 0.226562 0.366406 0.034375 0.092188
1 0.082812 0.385156 0.028125 0.100000
1 0.146094 0.016406 0.042188 0.031250
1 0.007812 0.021094 0.015625 0.037500
