5 0.295678 0.578671 0.025540 0.083916
5 0.421415 0.557692 0.019646 0.076923
5 0.434185 0.589161 0.045187 0.087413
5 0.551572 0.548077 0.014735 0.068182
5 0.579077 0.587413 0.030452 0.094406
5 0.572200 0.763986 0.038310 0.097902
5 0.666012 0.686189 0.027505 0.082168
5 0.770138 0.327797 0.023576 0.029720
5 0.777014 0.397727 0.009823 0.047203
5 0.786837 0.432692 0.009823 0.064685
5 0.769646 0.659091 0.018664 0.115385
5 0.907171 0.340035 0.026523 0.029720
5 0.935658 0.354021 0.032417 0.029720
5 0.931238 0.358392 0.025540 0.020979
