5 0.038310 0.656469 0.025540 0.096154
5 0.119843 0.637238 0.025540 0.082168
5 0.155697 0.650350 0.026523 0.087413
5 0.169450 0.698427 0.022593 0.078671
5 0.160118 0.746503 0.019646 0.115385
5 0.486248 0.523601 0.021611 0.071678
5 0.508841 0.597028 0.041257 0.078671
5 0.571709 0.524476 0.013752 0.069930
5 0.581041 0.617133 0.034381 0.069930
5 0.625246 0.608392 0.022593 0.080420
5 0.653242 0.570804 0.019646 0.089161
5 0.745580 0.583916 0.017682 0.083916
5 0.784381 0.389860 0.012770 0.052448
5 0.887525 0.319056 0.020629 0.029720
5 0.909136 0.329545 0.022593 0.029720
5 0.750491 0.636364 0.011788 0.073427
5 0.769155 0.309441 0.023576 0.027972
