1 0.861719 0.096875 0.068750 0.071875
1 0.726562 0.171094 0.100000 0.040625
1 0.775000 0.191406 0.043750 0.026562
1 0.517969 0.239844 0.112500 0.028125
1 0.453125 0.237500 0.045312 0.028125
1 0.748437 0.404687 0.104688 0.031250
1 0.589844 0.451562 0.025000 0.035937
1 0.619531 0.480469 0.104688 0.029687
1 0.731250 0.531250 0.046875 0.021875
1 0.829688 0.541406 0.056250 0.034375
1 0.810937 0.503125 0.040625 0.028125
1 0.910937 0.402344 0.031250 0.034375
1 0.908594 0.464062 0.103125 0.051562
1 0.841406 0.483594 0.104688 0.043750
1 0.396875 0.445312 0.114062 0.028125
1 0.445312 0.468750 0.034375 0.025000
1 0.121875 0.575000 0.103125 0.025000
1 0.086719 0.405469 0.050000 0.059375
1 0.103906 0.450000 0.046875 0.025000
1 0.013281 0.638281 0.025000 0.040625
1 0.048438 0.246094 0.093750 0.025000
1 0.035156 0.232813 0.048438 0.010937
1 0.194531 0.875781 0.109375 0.031250
1 0.401562 0.895312 0.107813 0.037500
1 0.299219 0.963281 0.059375 0.065625
1 0.336719 0.951562 0.046875 0.032813
1 0.877344 0.111719 0.032813 0.028125
1 0.197656 0.862500 0.056250 0.018750
