5 0.249509 0.320804 0.043222 0.127622
5 0.402259 0.279720 0.018664 0.104895
5 0.452358 0.272727 0.022593 0.104895
5 0.433694 0.337413 0.038310 0.097902
5 0.470039 0.326923 0.028487 0.101399
5 0.451375 0.412587 0.028487 0.167832
5 0.535363 0.366259 0.031434 0.152098
5 0.630648 0.368881 0.037328 0.171329
5 0.659136 0.366259 0.043222 0.187063
5 0.363949 0.282343 0.020629 0.096154
5 0.313360 0.286713 0.035363 0.094406
5 0.345776 0.300699 0.051081 0.111888
5 0.334479 0.279720 0.028487 0.122378
5 0.972495 0.587413 0.055010 0.325175
5 0.852652 0.836538 0.145383 0.326923
5 0.601179 0.717657 0.062868 0.351399
5 0.523576 0.811189 0.096267 0.377622
5 0.478880 0.725524 0.061886 0.258741
5 0.363949 0.821678 0.112967 0.356643
