5 0.068271 0.552448 0.055992 0.157343
5 0.027996 0.688811 0.054028 0.157343
5 0.121316 0.510490 0.044204 0.129371
5 0.130157 0.593531 0.044204 0.141608
5 0.197937 0.617133 0.061886 0.202797
5 0.209725 0.475524 0.040275 0.132867
5 0.263261 0.493881 0.049116 0.138112
5 0.347741 0.392483 0.049116 0.096154
5 0.393418 0.405594 0.026523 0.080420
5 0.422397 0.437063 0.031434 0.104895
5 0.455796 0.456294 0.039293 0.136364
5 0.468566 0.437937 0.045187 0.120629
5 0.530943 0.368007 0.024558 0.078671
5 0.528978 0.412587 0.024558 0.076923
5 0.546660 0.472902 0.048134 0.127622
5 0.590373 0.422203 0.051081 0.068182
5 0.773084 0.555070 0.066798 0.148601
5 0.803536 0.689685 0.090373 0.260490
5 0.970039 0.706294 0.059921 0.181818
