1 0.264062 0.482812 0.035937 0.043750
1 0.307031 0.651563 0.050000 0.081250
1 0.326562 0.475781 0.018750 0.034375
1 0.342969 0.395313 0.023438 0.046875
1 0.389062 0.254688 0.018750 0.040625
1 0.435156 0.346875 0.021875 0.037500
1 0.434375 0.289844 0.017188 0.034375
1 0.460156 0.315625 0.025000 0.037500
1 0.428906 0.213281 0.012500 0.040625
1 0.449219 0.196094 0.014063 0.025000
1 0.478125 0.225000 0.025000 0.026562
1 0.481250 0.199219 0.021875 0.023438
1 0.533594 0.210156 0.018750 0.028125
1 0.558594 0.229687 0.012500 0.032813
1 0.581250 0.231250 0.010937 0.028125
1 0.559375 0.282813 0.028125 0.029687
1 0.548438 0.388281 0.034375 0.046875
1 0.577344 0.367969 0.021875 0.046875
1 0.642969 0.251563 0.028125 0.029687
1 0.640625 0.279687 0.018750 0.037500
1 0.353906 0.260156 0.020313 0.032813
1 0.646094 0.238281 0.021875 0.018750
1 0.545312 0.338281 0.028125 0.035937
1 0.358594 0.231250 0.015625 0.034375
1 0.325781 0.263281 0.021875 0.037500
1 0.278125 0.249219 0.012500 0.021875
1 0.335938 0.425000 0.015625 0.021875
