1 0.671875 0.483594 0.046875 0.117188
1 0.545312 0.521875 0.028125 0.118750
1 0.481250 0.310937 0.042188 0.075000
1 0.261719 0.142187 0.056250 0.050000
1 0.064062 0.397656 0.032813 0.095312
1 0.301563 0.404687 0.068750 0.062500
1 0.252344 0.347656 0.051562 0.042188
1 0.247656 0.426563 0.071875 0.056250
1 0.246875 0.387500 0.065625 0.040625
1 0.557813 0.054688 0.042188 0.056250
1 0.821875 0.298438 0.031250 0.100000
1 0.828125 0.497656 0.068750 0.096875
1 0.814063 0.693750 0.034375 0.128125
1 0.139844 0.392188 0.037500 0.090625
