1 0.605469 0.507031 0.060937 0.048438
1 0.747656 0.604688 0.051562 0.043750
1 0.684375 0.702344 0.067187 0.053125
1 0.706250 0.752344 0.059375 0.045312
1 0.593750 0.688281 0.065625 0.040625
1 0.195312 0.417187 0.154688 0.031250
1 0.177344 0.304688 0.146875 0.031250
1 0.192188 0.182031 0.109375 0.082812
1 0.416406 0.189062 0.090625 0.043750
1 0.521094 0.236719 0.059375 0.059375
1 0.594531 0.317188 0.071875 0.034375
1 0.760156 0.196875 0.060937 0.034375
1 0.774219 0.160938 0.053125 0.023438
1 0.850000 0.254688 0.050000 0.039062
1 0.769531 0.255469 0.056250 0.025000
1 0.783594 0.278125 0.059375 0.031250
1 0.839063 0.451562 0.051562 0.043750
1 0.888281 0.317188 0.050000 0.018750
1 0.891406 0.428125 0.050000 0.023438
1 0.866406 0.550000 0.050000 0.034375
1 0.822656 0.585938 0.065625 0.018750
1 0.928906 0.307031 0.046875 0.017188
1 0.838281 0.123438 0.050000 0.028125
