5 0.058448 0.707168 0.030452 0.096154
5 0.279961 0.561189 0.043222 0.062937
5 0.320727 0.611888 0.052063 0.073427
5 0.335953 0.645979 0.043222 0.096154
5 0.407662 0.615385 0.058939 0.083916
5 0.386051 0.701049 0.041257 0.090909
5 0.443517 0.735140 0.046169 0.110140
5 0.597741 0.881993 0.065815 0.141608
5 0.764735 0.803322 0.063851 0.127622
5 0.183694 0.604895 0.039293 0.076923
5 0.181729 0.574301 0.049116 0.082168
5 0.216601 0.715909 0.036346 0.096154
5 0.298625 0.750874 0.035363 0.092657
5 0.742633 0.969406 0.088409 0.061189
