1 0.215625 0.901563 0.084375 0.043750
1 0.336719 0.892188 0.106250 0.051562
1 0.333594 0.771094 0.062500 0.053125
1 0.347656 0.728125 0.078125 0.056250
1 0.310937 0.703906 0.071875 0.043750
1 0.087500 0.678906 0.050000 0.043750
1 0.339062 0.654687 0.084375 0.031250
1 0.582812 0.653125 0.114062 0.050000
1 0.263281 0.481250 0.057813 0.056250
1 0.148438 0.382812 0.056250 0.050000
1 0.142187 0.258594 0.056250 0.053125
1 0.337500 0.149219 0.109375 0.032813
1 0.646094 0.290625 0.121875 0.051562
1 0.673438 0.536719 0.145313 0.034375
1 0.880469 0.400781 0.168750 0.037500
