1 0.307812 0.696094 0.039844 0.116406
1 0.459375 0.589844 0.042969 0.053906
1 0.562500 0.534375 0.051562 0.068750
1 0.425000 0.495312 0.052344 0.046875
1 0.206250 0.650781 0.058594 0.066406
1 0.089063 0.492969 0.057031 0.052344
1 0.114062 0.423438 0.057813 0.055469
1 0.078906 0.424219 0.035156 0.037500
1 0.447656 0.392969 0.045312 0.047656
1 0.657813 0.513281 0.067969 0.053125
1 0.699219 0.593750 0.054688 0.049219
1 0.839063 0.586719 0.053125 0.089063
1 0.841406 0.517188 0.050781 0.077344
1 0.775000 0.385937 0.038281 0.049219
1 0.671094 0.390625 0.048438 0.048438
1 0.707031 0.307031 0.039062 0.039062
1 0.476562 0.331250 0.036719 0.042188
1 0.545312 0.275000 0.026562 0.052344
1 0.647656 0.201563 0.014063 0.037500
1 0.572656 0.214062 0.022656 0.029687
1 0.513281 0.174219 0.023438 0.024219
1 0.436719 0.207813 0.021094 0.039062
1 0.470313 0.236719 0.025781 0.041406
1 0.092969 0.420312 0.030469 0.031250
1 0.420312 0.152344 0.025000 0.028906
