1 0.844531 0.328125 0.048438 0.043750
1 0.691406 0.232031 0.137500 0.085938
1 0.770312 0.463281 0.065625 0.090625
1 0.544531 0.411719 0.162500 0.037500
1 0.421094 0.544531 0.156250 0.046875
1 0.360156 0.352344 0.087500 0.073438
1 0.087500 0.349219 0.129688 0.106250
1 0.103906 0.607812 0.112500 0.087500
1 0.060937 0.748437 0.118750 0.062500
1 0.522656 0.895312 0.071875 0.101562
1 0.734375 0.919531 0.082812 0.089063
1 0.902344 0.821875 0.137500 0.067187
1 0.953906 0.600781 0.090625 0.028125
1 0.984375 0.386719 0.028125 0.042188
