1 0.276562 0.812500 0.134375 0.068750
1 0.490625 0.846875 0.109375 0.028125
1 0.566406 0.889844 0.071875 0.026562
1 0.753906 0.890625 0.056250 0.050000
1 0.812500 0.823438 0.046875 0.037500
1 0.666406 0.780469 0.053125 0.046875
1 0.720313 0.771875 0.046875 0.031250
1 0.712500 0.755469 0.046875 0.040625
1 0.697656 0.728906 0.046875 0.039062
1 0.812500 0.642969 0.043750 0.028125
1 0.900781 0.514062 0.040625 0.040625
1 0.637500 0.655469 0.068750 0.034375
1 0.506250 0.587500 0.071875 0.043750
1 0.573438 0.389844 0.090625 0.021875
1 0.660937 0.332031 0.076563 0.021875
1 0.804688 0.409375 0.054688 0.045312
1 0.812500 0.629687 0.039062 0.010937
1 0.671875 0.253906 0.070312 0.023438
1 0.512500 0.301563 0.104688 0.025000
1 0.404687 0.248438 0.087500 0.046875
1 0.525781 0.028906 0.065625 0.056250
1 0.842969 0.101562 0.043750 0.037500
