1 0.192188 0.330469 0.034375 0.110937
1 0.669531 0.079687 0.046875 0.063281
1 0.695312 0.065625 0.030469 0.074219
1 0.723437 0.051562 0.035156 0.067969
1 0.739844 0.033594 0.037500 0.060156
1 0.850000 0.205469 0.043750 0.058594
1 0.723437 0.274219 0.031250 0.094531
1 0.655469 0.413281 0.067187 0.053906
1 0.819531 0.542969 0.056250 0.053125
1 0.772656 0.613281 0.039062 0.075781
1 0.803906 0.582031 0.044531 0.054688
1 0.842187 0.606250 0.028125 0.077344
1 0.678906 0.828906 0.037500 0.087500
1 0.696094 0.026562 0.045312 0.040625
