1 0.178906 0.522656 0.034375 0.053125
1 0.229687 0.490625 0.045312 0.067969
1 0.253906 0.574219 0.057031 0.053125
1 0.486719 0.589063 0.055469 0.066406
1 0.585938 0.555469 0.021875 0.085938
1 0.629687 0.455469 0.042188 0.057813
1 0.557031 0.407813 0.039062 0.048438
1 0.664844 0.381250 0.045312 0.041406
1 0.688281 0.342969 0.038281 0.045312
1 0.762500 0.365625 0.039062 0.044531
1 0.823438 0.328906 0.042188 0.046094
1 0.810156 0.293750 0.033594 0.039062
1 0.714844 0.242188 0.014844 0.032813
1 0.660937 0.260156 0.034375 0.039844
1 0.649219 0.199219 0.021875 0.038281
1 0.601562 0.158594 0.026562 0.032031
1 0.564844 0.194531 0.026562 0.033594
1 0.558594 0.142187 0.025781 0.030469
1 0.510156 0.166406 0.022656 0.035156
1 0.504687 0.282813 0.035156 0.040625
1 0.436719 0.211719 0.019531 0.042188
1 0.432812 0.156250 0.017188 0.035156
1 0.383594 0.218750 0.017969 0.044531
1 0.337500 0.165625 0.028125 0.032813
1 0.197656 0.505469 0.025000 0.040625
