1 0.213281 0.947656 0.050781 0.095312
1 0.225781 0.766406 0.057813 0.110156
1 0.311719 0.745313 0.067969 0.060937
1 0.342187 0.847656 0.040625 0.049219
1 0.374219 0.771094 0.053906 0.088281
1 0.414062 0.718750 0.032813 0.140625
1 0.462500 0.633594 0.064844 0.065625
1 0.500781 0.585156 0.021094 0.075000
1 0.558594 0.498437 0.021094 0.053125
1 0.625781 0.802344 0.033594 0.087500
1 0.647656 0.906250 0.074219 0.074219
1 0.743750 0.859375 0.038281 0.058594
1 0.950000 0.766406 0.063281 0.090625
1 0.953906 0.510938 0.069531 0.045312
1 0.817187 0.288281 0.030469 0.056250
1 0.855469 0.242188 0.032813 0.046875
1 0.879687 0.173437 0.070312 0.078125
1 0.786719 0.234375 0.039844 0.044531
1 0.779687 0.179688 0.039062 0.032813
1 0.715625 0.166406 0.064062 0.071875
1 0.703125 0.117969 0.081250 0.049219
1 0.718750 0.059375 0.062500 0.083594
1 0.821875 0.035156 0.078125 0.063281
1 0.625781 0.239844 0.027344 0.132812
1 0.570312 0.064062 0.035937 0.043750
1 0.430469 0.112500 0.038281 0.075000
1 0.494531 0.223438 0.028125 0.060937
1 0.536719 0.166406 0.029687 0.051562
1 0.546875 0.249219 0.039062 0.060937
1 0.479687 0.205469 0.045312 0.116406
1 0.429688 0.399219 0.028906 0.132031
1 0.396875 0.416406 0.031250 0.042969
1 0.810156 0.072656 0.036719 0.035156
1 0.987500 0.297656 0.024219 0.038281
