1 0.930469 0.163281 0.031250 0.050000
1 0.750000 0.575000 0.043750 0.057813
1 0.899219 0.479687 0.034375 0.054688
1 0.904687 0.529687 0.031250 0.065625
1 0.932031 0.510938 0.023438 0.054688
1 0.962500 0.521875 0.028125 0.075000
1 0.982031 0.534375 0.025000 0.065625
1 0.880469 0.591406 0.056250 0.043750
1 0.889844 0.650781 0.042188 0.078125
1 0.875000 0.695312 0.040625 0.051562
1 0.902344 0.767188 0.043750 0.082812
1 0.942969 0.630469 0.043750 0.059375
1 0.988281 0.640625 0.020313 0.034375
1 0.427344 0.836719 0.062500 0.062500
1 0.401562 0.739844 0.031250 0.054688
1 0.410156 0.592187 0.050000 0.043750
1 0.449219 0.492969 0.023438 0.026562
1 0.328125 0.707812 0.054688 0.081250
1 0.296094 0.716406 0.031250 0.040625
1 0.335156 0.792969 0.062500 0.050000
1 0.277344 0.810937 0.025000 0.046875
1 0.244531 0.846094 0.025000 0.037500
1 0.232813 0.889062 0.045312 0.081250
1 0.088281 0.777344 0.051562 0.037500
1 0.093750 0.747656 0.031250 0.037500
1 0.076563 0.700000 0.031250 0.050000
1 0.197656 0.577344 0.020313 0.050000
1 0.207031 0.616406 0.043750 0.075000
1 0.175781 0.639844 0.037500 0.035937
1 0.263281 0.689063 0.028125 0.109375
1 0.200000 0.392188 0.039062 0.071875
1 0.244531 0.381250 0.034375 0.037500
1 0.228906 0.390625 0.032813 0.029687
1 0.264062 0.393750 0.018750 0.034375
1 0.264062 0.446875 0.014063 0.040625
1 0.296094 0.387500 0.021875 0.021875
1 0.328906 0.311719 0.046875 0.043750
1 0.403125 0.275781 0.023438 0.034375
1 0.429688 0.275781 0.021875 0.060937
1 0.444531 0.271875 0.018750 0.021875
1 0.452344 0.299219 0.034375 0.050000
1 0.457813 0.305469 0.012500 0.034375
1 0.421094 0.319531 0.028125 0.050000
1 0.425781 0.359375 0.021875 0.018750
1 0.450781 0.341406 0.023438 0.028125
1 0.470313 0.364844 0.023438 0.068750
1 0.353906 0.381250 0.034375 0.059375
1 0.344531 0.434375 0.021875 0.037500
1 0.434375 0.403125 0.010937 0.031250
1 0.422656 0.445312 0.045312 0.037500
1 0.401562 0.478906 0.021875 0.068750
1 0.380469 0.448437 0.026562 0.026562
1 0.350781 0.482812 0.021875 0.034375
1 0.381250 0.480469 0.025000 0.029687
1 0.353906 0.515625 0.028125 0.065625
