1 0.027344 0.052344 0.054688 0.097656
1 0.100000 0.022656 0.026562 0.042969
1 0.113281 0.081250 0.026562 0.063281
1 0.351562 0.210938 0.060937 0.062500
1 0.327344 0.311719 0.071875 0.070312
1 0.414062 0.282813 0.050000 0.110156
1 0.410156 0.200781 0.039844 0.058594
1 0.458594 0.107813 0.073438 0.110156
1 0.490625 0.328906 0.057031 0.117188
1 0.550000 0.545312 0.067969 0.102344
1 0.650000 0.435937 0.034375 0.069531
1 0.678906 0.424219 0.042188 0.053906
1 0.754687 0.390625 0.086719 0.080469
1 0.764844 0.239063 0.051562 0.049219
1 0.888281 0.339062 0.052344 0.061719
1 0.617969 0.148438 0.053906 0.066406
1 0.610156 0.181250 0.063281 0.089844
1 0.599219 0.239844 0.050781 0.053125
1 0.537500 0.219531 0.059375 0.083594
1 0.536719 0.147656 0.050000 0.076563
1 0.743750 0.651563 0.068750 0.107031
1 0.766406 0.567187 0.046875 0.050000
1 0.825781 0.690625 0.050000 0.132031
1 0.558594 0.846875 0.067969 0.100781
1 0.629687 0.898438 0.061719 0.127344
1 0.684375 0.964063 0.062500 0.065625
1 0.831250 0.787500 0.056250 0.039844
1 0.960156 0.771094 0.076563 0.112500
1 0.903125 0.867969 0.070312 0.099219
1 0.938281 0.905469 0.081250 0.054688
1 0.965625 0.978125 0.039844 0.039062
1 0.977344 0.579688 0.041406 0.068750
1 0.989844 0.540625 0.015625 0.032031
