1 0.557031 0.693750 0.049219 0.122656
1 0.742188 0.767188 0.050781 0.158594
1 0.846094 0.587500 0.059375 0.052344
1 0.720313 0.390625 0.045312 0.057031
1 0.800781 0.286719 0.046094 0.050000
1 0.696875 0.175781 0.046875 0.049219
1 0.595313 0.268750 0.028125 0.059375
1 0.551562 0.198437 0.035156 0.061719
1 0.467187 0.364844 0.016406 0.078906
1 0.464844 0.560937 0.031250 0.098437
1 0.417187 0.728125 0.064844 0.096875
1 0.267188 0.578125 0.033594 0.105469
1 0.319531 0.292969 0.017188 0.062500
1 0.405469 0.196094 0.032813 0.054688
1 0.353125 0.142187 0.022656 0.050000
1 0.283594 0.087500 0.017969 0.044531
1 0.175781 0.370312 0.043750 0.071094
1 0.450781 0.065625 0.035156 0.036719
