1 0.058594 0.861719 0.062500 0.031250
1 0.375000 0.746094 0.056250 0.035937
1 0.379688 0.603906 0.054688 0.070312
1 0.279687 0.514844 0.039062 0.046875
1 0.116406 0.684375 0.037500 0.035937
1 0.096875 0.593750 0.068750 0.076563
1 0.017969 0.567969 0.031250 0.032813
1 0.355469 0.406250 0.056250 0.034375
1 0.331250 0.357812 0.075000 0.034375
1 0.462500 0.378906 0.089063 0.068750
1 0.811719 0.464062 0.146875 0.034375
1 0.625000 0.249219 0.071875 0.031250
1 0.702344 0.042969 0.070312 0.081250
1 0.483594 0.114062 0.145313 0.043750
1 0.307031 0.211719 0.037500 0.034375
1 0.151562 0.256250 0.109375 0.062500
1 0.164844 0.178906 0.090625 0.068750
1 0.175781 0.028906 0.064062 0.053125
1 0.058594 0.049219 0.114062 0.059375
