1 0.596875 0.838281 0.044531 0.114844
1 0.447656 0.919531 0.033594 0.132031
1 0.412500 0.896094 0.033594 0.135156
1 0.357031 0.767188 0.037500 0.115625
1 0.305469 0.895312 0.050000 0.117188
1 0.306250 0.809375 0.023438 0.058594
1 0.243750 0.870313 0.050000 0.057813
1 0.049219 0.521875 0.078906 0.064062
1 0.390625 0.115625 0.025000 0.061719
1 0.338281 0.184375 0.020313 0.060937
1 0.328125 0.163281 0.014844 0.025781
1 0.301563 0.193750 0.038281 0.064844
1 0.307031 0.153906 0.020313 0.028125
1 0.261719 0.215625 0.032813 0.065625
1 0.212500 0.203906 0.021875 0.052344
1 0.275000 0.132031 0.050000 0.047656
1 0.253906 0.156250 0.032813 0.044531
1 0.225781 0.166406 0.042188 0.054688
1 0.078906 0.126562 0.053125 0.048438
1 0.055469 0.139844 0.021875 0.036719
1 0.143750 0.070312 0.013281 0.021094
1 0.148438 0.032813 0.034375 0.056250
1 0.011719 0.179688 0.021875 0.070312
1 0.010937 0.124219 0.021875 0.061719
1 0.380469 0.469531 0.034375 0.083594
1 0.402344 0.900781 0.019531 0.070312
1 0.133594 0.393750 0.040625 0.032813
