1 0.414062 0.389844 0.059375 0.060937
1 0.385937 0.282813 0.039062 0.059375
1 0.321875 0.342187 0.057813 0.045312
1 0.261719 0.363281 0.025000 0.040625
1 0.232813 0.400781 0.031250 0.039062
1 0.223438 0.436719 0.053125 0.068750
1 0.128906 0.707812 0.034375 0.076563
1 0.392969 0.115625 0.056250 0.048438
1 0.326562 0.032813 0.035937 0.062500
1 0.308594 0.246094 0.050000 0.065625
1 0.271875 0.255469 0.031250 0.031250
1 0.233594 0.225000 0.021875 0.090625
1 0.163281 0.151562 0.037500 0.081250
1 0.132031 0.172656 0.026562 0.029687
1 0.152344 0.107031 0.018750 0.050000
1 0.064844 0.326562 0.051562 0.045312
1 0.063281 0.289844 0.034375 0.034375
1 0.035156 0.237500 0.021875 0.050000
1 0.101562 0.688281 0.025000 0.034375
1 0.775781 0.104688 0.045312 0.051562
1 0.913281 0.315625 0.042188 0.067187
1 0.898438 0.235937 0.045312 0.056250
1 0.912500 0.192188 0.040625 0.084375
1 0.917188 0.127344 0.053125 0.046875
1 0.976562 0.175000 0.043750 0.054688
1 0.953906 0.050000 0.035937 0.059375
1 0.986719 0.035156 0.025000 0.034375
