1 0.608594 0.382812 0.071875 0.068750
1 0.782031 0.426563 0.139063 0.028125
1 0.772656 0.399219 0.107813 0.048438
1 0.644531 0.495312 0.090625 0.050000
1 0.527344 0.539844 0.150000 0.040625
1 0.497656 0.585156 0.137500 0.031250
1 0.533594 0.627344 0.128125 0.056250
1 0.408594 0.687500 0.059375 0.053125
1 0.375781 0.647656 0.057813 0.040625
1 0.397656 0.587500 0.048438 0.046875
1 0.263281 0.545312 0.067187 0.045312
1 0.144531 0.541406 0.059375 0.043750
1 0.278125 0.739844 0.042188 0.035937
1 0.188281 0.800781 0.071875 0.037500
1 0.414062 0.846094 0.103125 0.050000
1 0.670312 0.434375 0.048438 0.043750
1 0.826562 0.682031 0.093750 0.065625
1 0.779687 0.725781 0.115625 0.046875
1 0.727344 0.790625 0.079687 0.057813
1 0.336719 0.432031 0.051562 0.037500
1 0.545312 0.480469 0.040625 0.046875
1 0.475000 0.364063 0.081250 0.078125
1 0.448437 0.260156 0.040625 0.039062
1 0.896094 0.334375 0.059375 0.028125
1 0.825000 0.315625 0.084375 0.043750
1 0.672656 0.289844 0.098437 0.059375
1 0.483594 0.186719 0.040625 0.042188
1 0.677344 0.150000 0.120313 0.059375
1 0.671094 0.068750 0.131250 0.050000
1 0.778125 0.252344 0.050000 0.051562
1 0.854688 0.253125 0.115625 0.053125
1 0.755469 0.123438 0.100000 0.062500
1 0.867969 0.114062 0.071875 0.078125
1 0.950781 0.391406 0.040625 0.034375
1 0.164844 0.978906 0.079687 0.039062
1 0.072656 0.917188 0.104688 0.053125
1 0.081250 0.885938 0.084375 0.057813
1 0.100781 0.819531 0.048438 0.037500
1 0.197656 0.921875 0.115625 0.059375
1 0.038281 0.810156 0.065625 0.043750
1 0.675000 0.459375 0.070312 0.065625
1 0.933594 0.163281 0.115625 0.039062
1 0.963281 0.210156 0.070312 0.035937
1 0.032813 0.774219 0.062500 0.056250
1 0.833594 0.027344 0.070312 0.054688
1 0.955469 0.059375 0.065625 0.040625
1 0.951562 0.142187 0.043750 0.021875
1 0.953125 0.192969 0.090625 0.042188
1 0.973437 0.239063 0.046875 0.018750
1 0.987500 0.332031 0.021875 0.043750
