4 0.027014 0.541084 0.018664 0.064685
4 0.064342 0.546329 0.036346 0.068182
4 0.386051 0.542832 0.039293 0.064685
4 0.440570 0.535839 0.046169 0.068182
4 0.483792 0.528846 0.038310 0.057692
4 0.537328 0.534091 0.043222 0.071678
4 0.585953 0.534091 0.036346 0.068182
4 0.623281 0.534091 0.024558 0.068182
4 0.662574 0.541084 0.044204 0.071678
4 0.707269 0.533217 0.043222 0.083916
4 0.757859 0.534965 0.036346 0.076923
4 0.817780 0.534965 0.052063 0.108392
4 0.888998 0.541084 0.051081 0.089161
4 0.216110 0.550699 0.045187 0.069930
4 0.272593 0.554196 0.050098 0.069930
4 0.330059 0.551573 0.047151 0.075175
4 0.145383 0.547203 0.060904 0.073427
