4 0.125737 0.491259 0.025540 0.052448
4 0.176326 0.500874 0.044204 0.068182
4 0.251965 0.497378 0.054028 0.068182
4 0.323183 0.499126 0.043222 0.047203
4 0.386542 0.513986 0.054028 0.062937
4 0.449902 0.514860 0.049116 0.078671
4 0.513261 0.508741 0.048134 0.073427
4 0.572200 0.508741 0.042240 0.073427
4 0.627701 0.508741 0.039293 0.062937
4 0.670923 0.511364 0.037328 0.071678
4 0.717583 0.523601 0.036346 0.082168
4 0.751473 0.530594 0.029470 0.089161
4 0.796660 0.557692 0.041257 0.101399
4 0.849705 0.562937 0.049116 0.108392
4 0.907171 0.563811 0.059921 0.106643
