4 0.222004 0.912587 0.176817 0.174825
4 0.407171 0.840909 0.109037 0.262238
4 0.512770 0.734266 0.072692 0.195804
4 0.583006 0.670455 0.063851 0.155594
4 0.629175 0.628497 0.048134 0.148601
4 0.656680 0.574301 0.050098 0.110140
4 0.672397 0.472902 0.026523 0.085664
4 0.639980 0.462413 0.046169 0.113636
4 0.571709 0.432692 0.041257 0.082168
4 0.511297 0.430944 0.044204 0.078671
4 0.451866 0.415210 0.047151 0.075175
4 0.400295 0.404720 0.050098 0.096154
4 0.335953 0.374126 0.027505 0.066434
4 0.293222 0.363636 0.028487 0.055944
4 0.419941 0.296329 0.026523 0.036713
4 0.377210 0.305070 0.029470 0.036713
4 0.346758 0.299825 0.023576 0.036713
4 0.311886 0.315559 0.024558 0.033217
4 0.285363 0.316434 0.018664 0.031469
4 0.262770 0.332168 0.016699 0.048951
4 0.452849 0.295455 0.013752 0.045455
4 0.474460 0.289336 0.019646 0.040210
4 0.497053 0.293706 0.019646 0.045455
4 0.517191 0.278846 0.014735 0.033217
