4 0.904224 0.548077 0.050098 0.106643
4 0.837917 0.545455 0.047151 0.087413
4 0.778978 0.547203 0.047151 0.097902
4 0.732318 0.542832 0.034381 0.071678
4 0.694990 0.533217 0.030452 0.073427
4 0.655206 0.525350 0.037328 0.078671
4 0.604126 0.518357 0.037328 0.071678
4 0.555501 0.517483 0.050098 0.076923
4 0.501473 0.514860 0.042240 0.064685
4 0.456287 0.520979 0.048134 0.059441
4 0.392927 0.531469 0.043222 0.059441
4 0.333497 0.524476 0.046169 0.031469
4 0.277505 0.514860 0.048134 0.029720
4 0.199411 0.511364 0.035363 0.040210
4 0.124263 0.531469 0.032417 0.055944
4 0.074656 0.526224 0.021611 0.055944
