1 0.105469 0.666406 0.137500 0.059375
1 0.275781 0.665625 0.112500 0.068750
1 0.184375 0.471875 0.134375 0.048438
1 0.189062 0.280469 0.148438 0.031250
1 0.441406 0.388281 0.095312 0.018750
1 0.360938 0.186719 0.087500 0.053125
1 0.565625 0.430469 0.090625 0.025000
1 0.664062 0.589844 0.062500 0.023438
1 0.756250 0.541406 0.068750 0.032813
1 0.769531 0.390625 0.056250 0.037500
1 0.663281 0.286719 0.067187 0.018750
1 0.567969 0.114062 0.079687 0.050000
1 0.502344 0.700000 0.078125 0.054688
1 0.623437 0.798438 0.059375 0.051562
1 0.772656 0.689063 0.050000 0.046875
1 0.839844 0.339844 0.056250 0.018750
1 0.906250 0.279687 0.046875 0.021875
1 0.910937 0.448437 0.043750 0.035937
1 0.728906 0.684375 0.025000 0.018750
