1 0.591406 0.831250 0.035937 0.087500
1 0.695312 0.614062 0.040625 0.085938
1 0.725000 0.585156 0.040625 0.059375
1 0.744531 0.542188 0.059375 0.059375
1 0.762500 0.606250 0.029687 0.084375
1 0.579688 0.416406 0.057813 0.050000
1 0.642969 0.271875 0.032813 0.068750
1 0.779687 0.206250 0.046875 0.068750
1 0.596094 0.078906 0.040625 0.062500
1 0.631250 0.023438 0.046875 0.043750
1 0.625781 0.067969 0.026562 0.090625
1 0.671094 0.035156 0.039062 0.070312
1 0.119531 0.334375 0.039062 0.121875
1 0.655469 0.053906 0.037500 0.070312
