4 0.880157 0.834790 0.058939 0.120629
4 0.148821 0.791958 0.085462 0.094406
4 0.292240 0.829545 0.061886 0.071678
4 0.323183 0.791084 0.068762 0.071678
4 0.295187 0.756119 0.055992 0.040210
4 0.449902 0.729895 0.076621 0.078671
4 0.463654 0.804196 0.055010 0.052448
4 0.495088 0.849650 0.068762 0.090909
4 0.542731 0.792832 0.054028 0.061189
4 0.563360 0.857517 0.071709 0.085664
4 0.686640 0.813811 0.080550 0.096154
4 0.740668 0.771853 0.043222 0.043706
4 0.795678 0.791958 0.037328 0.045455
4 0.777505 0.730769 0.067780 0.076923
4 0.739194 0.710664 0.034381 0.071678
