4 0.908153 0.625874 0.067780 0.069930
4 0.860511 0.609266 0.060904 0.068182
4 0.831532 0.642483 0.042240 0.057692
4 0.796660 0.621503 0.053045 0.064685
4 0.763752 0.638986 0.052063 0.071678
4 0.707760 0.631993 0.071709 0.075175
4 0.572200 0.662587 0.057957 0.066434
4 0.514244 0.683566 0.067780 0.066434
4 0.461690 0.690559 0.058939 0.069930
4 0.415521 0.699301 0.047151 0.066434
4 0.364931 0.702797 0.055992 0.073427
4 0.326621 0.731643 0.054028 0.071678
4 0.252947 0.778846 0.054028 0.075175
4 0.208743 0.812937 0.067780 0.069930
4 0.153733 0.837413 0.063851 0.083916
4 0.101670 0.859266 0.063851 0.064685
4 0.055010 0.880245 0.068762 0.068182
