1 0.735938 0.176563 0.159375 0.037500
1 0.522656 0.166406 0.131250 0.071875
1 0.290625 0.178906 0.096875 0.034375
1 0.495312 0.329688 0.134375 0.046875
1 0.559375 0.450781 0.131250 0.026562
1 0.308594 0.524219 0.075000 0.045312
1 0.014844 0.448437 0.029687 0.040625
1 0.117969 0.750781 0.060937 0.057813
1 0.403906 0.876563 0.090625 0.026562
1 0.402344 0.761719 0.059375 0.062500
1 0.408594 0.708594 0.078125 0.059375
1 0.353906 0.760156 0.053125 0.056250
1 0.417187 0.952344 0.103125 0.034375
1 0.427344 0.767188 0.062500 0.067187
