1 0.079687 0.526563 0.050000 0.053125
1 0.128125 0.590625 0.059375 0.056250
1 0.355469 0.673438 0.054688 0.103125
1 0.465625 0.649219 0.020313 0.109375
1 0.545312 0.524219 0.037500 0.065625
1 0.485156 0.460938 0.048438 0.056250
1 0.468750 0.309375 0.040625 0.043750
1 0.425781 0.224219 0.031250 0.043750
1 0.431250 0.165625 0.021875 0.032813
1 0.508594 0.185938 0.021875 0.037500
1 0.557031 0.220312 0.021875 0.045312
1 0.607031 0.183594 0.028125 0.035937
1 0.648438 0.239844 0.028125 0.050000
1 0.646094 0.308594 0.040625 0.050000
1 0.650000 0.403906 0.046875 0.050000
1 0.714844 0.292969 0.021875 0.043750
1 0.728125 0.447656 0.042188 0.050000
1 0.807031 0.360156 0.037500 0.046875
1 0.817187 0.407031 0.050000 0.059375
1 0.607031 0.452344 0.043750 0.062500
1 0.364063 0.223438 0.025000 0.043750
1 0.564844 0.161719 0.018750 0.034375
1 0.130469 0.506250 0.054688 0.082812
1 0.332031 0.154688 0.023438 0.034375
1 0.097656 0.512500 0.034375 0.045312
