1 0.416406 0.803125 0.028125 0.140625
1 0.303125 0.828125 0.028125 0.153125
1 0.232031 0.749219 0.068750 0.095312
1 0.192969 0.579688 0.040625 0.090625
1 0.237500 0.473438 0.059375 0.053125
1 0.314844 0.403906 0.028125 0.073438
1 0.508594 0.394531 0.045312 0.065625
1 0.685156 0.404687 0.037500 0.062500
1 0.701562 0.314844 0.053125 0.065625
1 0.753125 0.293750 0.050000 0.051562
1 0.596094 0.249219 0.043750 0.053125
1 0.585938 0.171875 0.018750 0.065625
1 0.551562 0.130469 0.034375 0.050000
1 0.449219 0.157812 0.037500 0.045312
1 0.426563 0.104688 0.017188 0.043750
1 0.315625 0.102344 0.015625 0.046875
1 0.305469 0.064062 0.012500 0.037500
1 0.253125 0.147656 0.028125 0.046875
1 0.253906 0.225000 0.018750 0.065625
1 0.272656 0.213281 0.034375 0.056250
1 0.196094 0.239844 0.028125 0.062500
1 0.161719 0.225000 0.020313 0.056250
1 0.124219 0.161719 0.028125 0.050000
