1 0.664844 0.021094 0.021094 0.030469
1 0.788281 0.098437 0.032031 0.048438
1 0.708594 0.110937 0.023438 0.049219
1 0.614844 0.058594 0.025000 0.039062
1 0.567969 0.050781 0.032031 0.040625
1 0.603125 0.096094 0.039844 0.041406
1 0.583594 0.160938 0.032031 0.055469
1 0.644531 0.196875 0.015625 0.077344
1 0.816406 0.314844 0.053125 0.055469
1 0.851562 0.463281 0.059375 0.063281
1 0.846094 0.622656 0.082031 0.063281
1 0.888281 0.708594 0.078125 0.080469
1 0.820312 0.789844 0.064062 0.145313
1 0.632031 0.655469 0.066406 0.088281
1 0.711719 0.425781 0.046094 0.086719
1 0.671875 0.337500 0.032031 0.074219
1 0.519531 0.510156 0.029687 0.110156
1 0.465625 0.568750 0.048438 0.072656
1 0.414844 0.377344 0.048438 0.065625
1 0.247656 0.523438 0.053906 0.096875
1 0.192969 0.408594 0.028125 0.074219
1 0.186719 0.235937 0.049219 0.058594
1 0.201563 0.160938 0.020313 0.023438
1 0.209375 0.166406 0.014844 0.013281
1 0.214844 0.185156 0.047656 0.052344
