1 0.457031 0.353125 0.078125 0.053125
1 0.535156 0.377344 0.107813 0.046875
1 0.487500 0.450781 0.076563 0.059375
1 0.408594 0.475000 0.059375 0.057813
1 0.621875 0.385156 0.092188 0.043750
1 0.548438 0.297656 0.065625 0.056250
1 0.418750 0.198437 0.048438 0.078125
1 0.515625 0.171875 0.054688 0.046875
1 0.598437 0.146875 0.103125 0.057813
1 0.696875 0.211719 0.071875 0.059375
1 0.654687 0.190625 0.053125 0.068750
1 0.684375 0.468750 0.123438 0.032813
1 0.342969 0.126562 0.115625 0.037500
1 0.207031 0.103125 0.050000 0.057813
1 0.271875 0.109375 0.065625 0.031250
1 0.446094 0.119531 0.050000 0.040625
1 0.521094 0.059375 0.037500 0.050000
1 0.259375 0.357812 0.071875 0.028125
1 0.209375 0.430469 0.109375 0.040625
1 0.102344 0.469531 0.037500 0.046875
1 0.333594 0.428906 0.065625 0.028125
1 0.307812 0.513281 0.057813 0.017188
1 0.384375 0.562500 0.059375 0.062500
1 0.264062 0.555469 0.028125 0.031250
1 0.089063 0.604688 0.050000 0.037500
1 0.025000 0.630469 0.032813 0.046875
1 0.240625 0.623437 0.037500 0.031250
1 0.262500 0.595313 0.035937 0.043750
1 0.320312 0.639844 0.035937 0.028125
1 0.681250 0.744531 0.042188 0.071875
1 0.625781 0.450000 0.050000 0.015625
1 0.704688 0.437500 0.026562 0.035937
1 0.198437 0.561719 0.068750 0.021875
1 0.687500 0.017188 0.150000 0.034375
1 0.385937 0.395313 0.053125 0.021875
1 0.677344 0.978906 0.051562 0.039062
1 0.133594 0.548438 0.062500 0.026562
1 0.010937 0.599219 0.015625 0.010937
