1 0.282813 0.212500 0.018750 0.017188
1 0.314063 0.214844 0.011719 0.016406
1 0.302344 0.231250 0.014063 0.021875
1 0.327344 0.221875 0.011719 0.018750
1 0.340625 0.242188 0.013281 0.024219
1 0.504687 0.365625 0.011719 0.020313
1 0.529687 0.364063 0.032031 0.033594
1 0.557031 0.387500 0.031250 0.029687
1 0.577344 0.414062 0.009375 0.013281
1 0.588281 0.388281 0.023438 0.033594
1 0.524219 0.423438 0.034375 0.038281
1 0.504687 0.421875 0.015625 0.024219
1 0.607812 0.510156 0.030469 0.033594
1 0.639062 0.508594 0.035937 0.034375
1 0.646094 0.484375 0.010937 0.030469
1 0.668750 0.494531 0.014844 0.042969
1 0.653906 0.539062 0.040625 0.040625
1 0.682813 0.532813 0.040625 0.034375
1 0.696875 0.559375 0.024219 0.040625
1 0.716406 0.583594 0.020313 0.026562
1 0.695312 0.592187 0.026562 0.035156
1 0.681250 0.608594 0.018750 0.039844
1 0.639062 0.576562 0.035937 0.044531
1 0.760156 0.550000 0.025781 0.049219
1 0.807031 0.564844 0.016406 0.034375
1 0.687500 0.672656 0.020313 0.070312
1 0.421875 0.638281 0.038281 0.051562
1 0.014844 0.525000 0.027344 0.043750
1 0.189844 0.807813 0.030469 0.075781
1 0.170313 0.870313 0.036719 0.080469
1 0.061719 0.762500 0.064844 0.070312
1 0.482812 0.960156 0.042969 0.073438
1 0.521094 0.984375 0.036719 0.024219
1 0.579688 0.972656 0.028125 0.052344
