1 0.691406 0.573438 0.064062 0.078125
1 0.693750 0.755469 0.115625 0.067187
1 0.751563 0.435156 0.081250 0.071875
1 0.044531 0.675781 0.051562 0.043750
1 0.129688 0.564844 0.075000 0.028125
1 0.141406 0.592187 0.057813 0.017188
1 0.196875 0.592187 0.078125 0.029687
1 0.335156 0.646875 0.071875 0.046875
1 0.471875 0.625781 0.109375 0.053125
1 0.209375 0.451562 0.048438 0.050000
1 0.296094 0.386719 0.084375 0.040625
1 0.032813 0.264844 0.060937 0.031250
1 0.272656 0.240625 0.087500 0.037500
1 0.470313 0.049219 0.081250 0.042188
1 0.729688 0.087500 0.081250 0.079687
1 0.017969 0.447656 0.034375 0.039062
