4 0.623772 0.382867 0.053045 0.083916
4 0.583988 0.393357 0.046169 0.083916
4 0.542731 0.429196 0.040275 0.057692
4 0.516208 0.467657 0.046169 0.082168
4 0.352652 0.584790 0.064833 0.071678
4 0.357564 0.621503 0.056974 0.068182
4 0.425344 0.514860 0.056974 0.057692
4 0.424361 0.544580 0.062868 0.082168
4 0.469548 0.464161 0.037328 0.057692
4 0.477407 0.484266 0.039293 0.059441
4 0.278978 0.627622 0.070727 0.059441
4 0.299607 0.651224 0.051081 0.075175
4 0.223477 0.659091 0.054028 0.038462
4 0.218566 0.698427 0.083497 0.085664
4 0.229862 0.702797 0.043222 0.062937
4 0.014244 0.779720 0.026523 0.094406
4 0.050589 0.798951 0.057957 0.073427
4 0.100688 0.735140 0.089391 0.110140
4 0.119352 0.774476 0.071709 0.080420
4 0.149804 0.725524 0.044204 0.048951
