1 0.659375 0.392188 0.044531 0.038281
1 0.644531 0.532813 0.021875 0.067187
1 0.668750 0.565625 0.017969 0.081250
1 0.514062 0.750781 0.028906 0.068750
1 0.457813 0.734375 0.037500 0.042969
1 0.403125 0.721094 0.035937 0.038281
1 0.372656 0.711719 0.018750 0.029687
1 0.386719 0.403906 0.035937 0.037500
1 0.425000 0.431250 0.021094 0.066406
1 0.450781 0.403125 0.015625 0.058594
1 0.425781 0.328906 0.021094 0.067187
1 0.626563 0.600781 0.021094 0.019531
1 0.054688 0.223438 0.030469 0.053906
1 0.316406 0.893750 0.017969 0.024219
1 0.511719 0.971094 0.010937 0.032031
1 0.471094 0.710938 0.014063 0.020313
