1 0.238281 0.080469 0.028125 0.018750
1 0.167969 0.259375 0.031250 0.015625
1 0.034375 0.267969 0.021875 0.009375
1 0.416406 0.656250 0.029687 0.018750
1 0.392969 0.626563 0.025000 0.015625
1 0.443750 0.660156 0.025000 0.015625
1 0.007812 0.029687 0.015625 0.015625
1 0.008594 0.051562 0.015625 0.017188
1 0.008594 0.082812 0.017188 0.012500
1 0.007031 0.105469 0.014063 0.015625
1 0.018750 0.115625 0.015625 0.009375
1 0.034375 0.025000 0.017188 0.020313
1 0.017969 0.416406 0.025000 0.007812
1 0.009375 0.427344 0.012500 0.006250
1 0.037500 0.500781 0.031250 0.015625
1 0.034375 0.510938 0.034375 0.009375
1 0.022656 0.419531 0.015625 0.006250
