1 0.257031 0.278906 0.072656 0.092188
1 0.192969 0.425781 0.051562 0.146875
1 0.310156 0.563281 0.046094 0.144531
1 0.337500 0.664844 0.084375 0.067187
1 0.457813 0.714063 0.082812 0.060937
1 0.732031 0.520312 0.063281 0.064062
1 0.787500 0.437500 0.057813 0.118750
1 0.693750 0.950781 0.038281 0.089063
1 0.209375 0.683594 0.080469 0.074219
1 0.067187 0.435937 0.046094 0.150000
1 0.092188 0.423438 0.034375 0.083594
1 0.295312 0.032813 0.039844 0.057031
1 0.438281 0.031250 0.032813 0.057031
1 0.396094 0.023438 0.038281 0.042969
1 0.178125 0.224219 0.039844 0.062500
1 0.311719 0.287500 0.025000 0.054688
1 0.353906 0.343750 0.040625 0.046875
1 0.294531 0.442969 0.039062 0.059375
1 0.982031 0.845313 0.033594 0.134375
1 0.023438 0.674219 0.042969 0.106250
1 0.059375 0.686719 0.080469 0.070312
1 0.567187 0.757812 0.039062 0.051562
1 0.775000 0.885156 0.030469 0.064062
1 0.080469 0.751563 0.096094 0.083594
1 0.147656 0.742188 0.075000 0.084375
1 0.127344 0.824219 0.047656 0.042188
1 0.285156 0.890625 0.047656 0.046094
1 0.194531 0.916406 0.047656 0.059375
1 0.370312 0.919531 0.037500 0.061719
1 0.422656 0.875000 0.050781 0.069531
1 0.431250 0.965625 0.062500 0.046875
1 0.043750 0.957031 0.074219 0.062500
