1 0.096094 0.400781 0.028906 0.088281
1 0.171094 0.425781 0.030469 0.096875
1 0.267969 0.434375 0.064062 0.056250
1 0.295312 0.404687 0.063281 0.047656
1 0.345313 0.428125 0.053906 0.059375
1 0.389062 0.371875 0.054688 0.082812
1 0.504687 0.350781 0.042188 0.073438
1 0.557813 0.541406 0.025781 0.110156
1 0.686719 0.510938 0.064062 0.096094
1 0.855469 0.846094 0.039062 0.169531
1 0.852344 0.580469 0.068750 0.100000
1 0.807813 0.492969 0.026562 0.097656
1 0.860156 0.344531 0.028906 0.095312
1 0.292969 0.157812 0.052344 0.052344
1 0.589063 0.082812 0.040625 0.046094
1 0.675000 0.044531 0.024219 0.026562
