1 0.596875 0.703906 0.050000 0.028125
1 0.609375 0.725781 0.018750 0.012500
1 0.467969 0.765625 0.021875 0.015625
1 0.170313 0.437500 0.021875 0.012500
1 0.408594 0.491406 0.028125 0.031250
1 0.282031 0.341406 0.051562 0.021875
1 0.203125 0.595313 0.015625 0.015625
1 0.559375 0.175781 0.059375 0.025000
1 0.698438 0.075781 0.021875 0.009375
1 0.652344 0.039062 0.018750 0.015625
1 0.946094 0.448437 0.037500 0.021875
1 0.985938 0.488281 0.026562 0.017188
1 0.363281 0.943750 0.021875 0.012500
1 0.967187 0.443750 0.043750 0.021875
1 0.551562 0.164062 0.018750 0.012500
