1 0.214062 0.236719 0.039062 0.043750
1 0.282813 0.275781 0.039062 0.045312
1 0.392969 0.231250 0.039062 0.051562
1 0.417969 0.515625 0.020313 0.078125
1 0.157031 0.507812 0.025000 0.071875
1 0.306250 0.332813 0.018750 0.031250
1 0.371875 0.446875 0.015625 0.068750
1 0.509375 0.148438 0.025000 0.040625
1 0.630469 0.211719 0.029687 0.034375
1 0.706250 0.232813 0.040625 0.040625
1 0.802344 0.210938 0.023438 0.037500
1 0.853906 0.246875 0.028125 0.046875
1 0.677344 0.304688 0.026562 0.056250
1 0.587500 0.432031 0.031250 0.046875
1 0.391406 0.883594 0.043750 0.117188
1 0.755469 0.531250 0.043750 0.056250
1 0.806250 0.408594 0.025000 0.073438
1 0.839063 0.369531 0.021875 0.050000
1 0.752344 0.295312 0.034375 0.037500
1 0.785937 0.298438 0.028125 0.037500
1 0.805469 0.296094 0.010937 0.037500
1 0.610938 0.253125 0.012500 0.018750
