1 0.373437 0.189844 0.073438 0.056250
1 0.502344 0.289062 0.092188 0.059375
1 0.210156 0.301563 0.053125 0.045312
1 0.228125 0.447656 0.084375 0.031250
1 0.324219 0.401562 0.065625 0.026562
1 0.748437 0.316406 0.128125 0.068750
1 0.924219 0.328125 0.150000 0.056250
1 0.876563 0.508594 0.171875 0.056250
1 0.839844 0.706250 0.148438 0.042188
1 0.560156 0.603906 0.110937 0.025000
1 0.427344 0.558594 0.110937 0.026562
1 0.635156 0.799219 0.093750 0.059375
1 0.415625 0.868750 0.087500 0.059375
1 0.317969 0.702344 0.070312 0.025000
1 0.060156 0.540625 0.045312 0.037500
1 0.139063 0.650000 0.056250 0.018750
1 0.069531 0.707031 0.056250 0.023438
1 0.210938 0.596094 0.062500 0.037500
1 0.257812 0.304688 0.042188 0.018750
