1 0.447656 0.675000 0.029687 0.096875
1 0.421094 0.564063 0.017188 0.053125
1 0.490625 0.542969 0.031250 0.087500
1 0.167969 0.161719 0.021875 0.062500
1 0.848437 0.611719 0.032813 0.093750
1 0.946875 0.752344 0.050000 0.109375
1 0.925781 0.484375 0.028125 0.031250
1 0.866406 0.432812 0.021875 0.046875
1 0.775781 0.317969 0.031250 0.081250
1 0.984375 0.253125 0.021875 0.028125
1 0.946094 0.276562 0.021875 0.021875
1 0.934375 0.317188 0.021875 0.031250
1 0.910156 0.298438 0.028125 0.056250
1 0.909375 0.089844 0.034375 0.046875
1 0.917969 0.082031 0.015625 0.023438
1 0.994531 0.299219 0.009375 0.021875
1 0.844531 0.015625 0.017188 0.031250
