1 0.589844 0.390625 0.065625 0.031250
1 0.315625 0.817969 0.059375 0.070312
1 0.532031 0.824219 0.064062 0.050000
1 0.777344 0.609375 0.075000 0.025000
1 0.805469 0.522656 0.071875 0.018750
1 0.838281 0.436719 0.056250 0.021875
1 0.791406 0.339062 0.065625 0.032813
1 0.097656 0.760938 0.134375 0.067187
1 0.614062 0.197656 0.050000 0.053125
1 0.685937 0.160156 0.081250 0.042188
1 0.742969 0.248438 0.050000 0.057813
1 0.812500 0.261719 0.065625 0.040625
1 0.943750 0.270313 0.048438 0.025000
1 0.917969 0.313281 0.050000 0.043750
1 0.956250 0.385937 0.034375 0.034375
1 0.896094 0.169531 0.046875 0.039062
1 0.849219 0.187500 0.050000 0.029687
1 0.865625 0.134375 0.048438 0.017188
1 0.839844 0.087500 0.056250 0.031250
1 0.879687 0.071094 0.045312 0.040625
1 0.792969 0.070312 0.062500 0.043750
1 0.785937 0.115625 0.062500 0.043750
1 0.705469 0.071094 0.062500 0.059375
1 0.405469 0.014844 0.035937 0.029687
