1 0.592187 0.432812 0.030469 0.048438
1 0.425000 0.525000 0.017969 0.072656
1 0.373437 0.455469 0.017969 0.071875
1 0.303906 0.343750 0.018750 0.032031
1 0.416406 0.899219 0.050000 0.124219
1 0.761719 0.527344 0.053906 0.054688
1 0.805469 0.400781 0.026562 0.074219
1 0.833594 0.361719 0.023438 0.057813
1 0.671875 0.302344 0.026562 0.059375
1 0.841406 0.241406 0.028125 0.043750
1 0.789844 0.203906 0.021875 0.035937
1 0.799219 0.290625 0.013281 0.042188
1 0.778906 0.297656 0.032031 0.039062
1 0.750781 0.289844 0.031250 0.034375
1 0.702344 0.231250 0.032813 0.041406
1 0.623437 0.210156 0.025781 0.035937
1 0.499219 0.147656 0.029687 0.033594
1 0.286719 0.284375 0.046094 0.042969
1 0.186719 0.245312 0.033594 0.037500
1 0.157031 0.520312 0.022656 0.070312
1 0.385156 0.233594 0.034375 0.039844
1 0.603906 0.245312 0.012500 0.021875
