1 0.978906 0.210156 0.039062 0.023438
1 0.952344 0.355469 0.092188 0.051562
1 0.853906 0.439844 0.057813 0.037500
1 0.855469 0.310156 0.134375 0.040625
1 0.948438 0.635156 0.084375 0.025000
1 0.514062 0.807031 0.110937 0.053125
1 0.110156 0.860938 0.121875 0.054688
1 0.235156 0.809375 0.125000 0.050000
1 0.021094 0.542969 0.040625 0.025000
1 0.071094 0.508594 0.037500 0.039062
1 0.353906 0.732812 0.059375 0.017188
1 0.311719 0.629687 0.076563 0.067187
1 0.379688 0.554688 0.121875 0.040625
1 0.283594 0.582812 0.068750 0.059375
1 0.217969 0.594531 0.051562 0.071875
1 0.209375 0.546875 0.051562 0.043750
1 0.330469 0.520312 0.104688 0.059375
1 0.523438 0.617969 0.125000 0.042188
1 0.585938 0.525781 0.123438 0.053125
1 0.576562 0.455469 0.131250 0.040625
1 0.414844 0.342187 0.057813 0.065625
1 0.328125 0.360938 0.065625 0.032813
1 0.550000 0.277344 0.070312 0.078125
1 0.675781 0.380469 0.068750 0.037500
1 0.761719 0.354687 0.120313 0.031250
1 0.693750 0.303125 0.110937 0.043750
1 0.062500 0.731250 0.037500 0.037500
1 0.453125 0.662500 0.025000 0.012500
1 0.278906 0.524219 0.115625 0.075000
1 0.165625 0.589063 0.056250 0.045312
