1 0.734375 0.091406 0.050000 0.040625
1 0.775000 0.378906 0.040625 0.034375
1 0.714063 0.349219 0.050000 0.031250
1 0.640625 0.328125 0.040625 0.026562
1 0.439063 0.232031 0.078125 0.021875
1 0.550781 0.435937 0.075000 0.040625
1 0.879687 0.464844 0.046875 0.031250
1 0.839844 0.595313 0.035937 0.021875
1 0.489063 0.517969 0.092188 0.025000
1 0.876563 0.716406 0.031250 0.031250
1 0.853125 0.778906 0.039062 0.031250
1 0.801562 0.707031 0.050000 0.034375
1 0.798438 0.764844 0.040625 0.012500
1 0.787500 0.750000 0.040625 0.025000
1 0.789844 0.725781 0.040625 0.026562
1 0.742188 0.811719 0.046875 0.015625
1 0.699219 0.798438 0.071875 0.029687
1 0.585938 0.800000 0.060937 0.037500
1 0.760156 0.665625 0.059375 0.021875
1 0.633594 0.638281 0.056250 0.020313
1 0.142969 0.654687 0.076563 0.064062
1 0.802344 0.589063 0.025000 0.012500
