1 0.430469 0.759375 0.079687 0.056250
1 0.438281 0.379688 0.050000 0.015625
1 0.551562 0.423438 0.053125 0.028125
1 0.550781 0.375781 0.070312 0.025000
1 0.632812 0.351562 0.065625 0.025000
1 0.574219 0.456250 0.031250 0.043750
1 0.613281 0.432031 0.054688 0.028125
1 0.654687 0.406250 0.043750 0.025000
1 0.700781 0.360156 0.057813 0.025000
1 0.682031 0.391406 0.062500 0.021875
1 0.844531 0.519531 0.045312 0.020313
1 0.888281 0.448437 0.081250 0.018750
1 0.755469 0.421875 0.059375 0.028125
1 0.853906 0.404687 0.071875 0.018750
1 0.839844 0.384375 0.082812 0.021875
1 0.864844 0.367969 0.046875 0.015625
1 0.988281 0.292969 0.021875 0.034375
1 0.991406 0.492969 0.015625 0.018750
1 0.987500 0.538281 0.021875 0.015625
