1 0.014844 0.610156 0.029687 0.039062
1 0.101562 0.410156 0.046875 0.046875
1 0.043750 0.313281 0.053125 0.031250
1 0.416406 0.121094 0.109375 0.034375
1 0.525781 0.166406 0.110937 0.032813
1 0.721094 0.128125 0.115625 0.081250
1 0.973437 0.131250 0.051562 0.046875
1 0.638281 0.315625 0.129688 0.062500
1 0.660937 0.452344 0.140625 0.025000
1 0.425000 0.506250 0.084375 0.043750
1 0.425781 0.617188 0.087500 0.056250
1 0.521094 0.678906 0.059375 0.064062
1 0.481250 0.676562 0.057813 0.067187
1 0.187500 0.723437 0.056250 0.053125
1 0.516406 0.751563 0.060937 0.071875
1 0.568750 0.861719 0.109375 0.026562
1 0.479687 0.943750 0.107813 0.034375
