1 0.321875 0.777344 0.100000 0.067187
1 0.454688 0.674219 0.059375 0.079687
1 0.535937 0.678125 0.065625 0.073438
1 0.614062 0.595313 0.060937 0.034375
1 0.581250 0.449219 0.107813 0.068750
1 0.602344 0.428125 0.071875 0.032813
1 0.696875 0.390625 0.137500 0.043750
1 0.454688 0.507812 0.093750 0.028125
1 0.435937 0.556250 0.126562 0.053125
1 0.471094 0.555469 0.068750 0.037500
1 0.342187 0.560937 0.118750 0.050000
1 0.305469 0.505469 0.060937 0.026562
1 0.226562 0.517969 0.062500 0.037500
1 0.414062 0.309375 0.117188 0.056250
1 0.431250 0.362500 0.118750 0.046875
1 0.431250 0.434375 0.128125 0.031250
1 0.357812 0.424219 0.056250 0.040625
1 0.308594 0.452344 0.115625 0.048438
1 0.250781 0.425781 0.082812 0.031250
1 0.178906 0.375000 0.075000 0.062500
1 0.423438 0.243750 0.043750 0.040625
1 0.344531 0.233594 0.040625 0.043750
1 0.552344 0.333594 0.056250 0.078125
1 0.757031 0.864062 0.070312 0.046875
1 0.970313 0.880469 0.057813 0.039062
1 0.913281 0.760156 0.087500 0.040625
1 0.961719 0.757031 0.075000 0.048438
1 0.950781 0.809375 0.096875 0.084375
1 0.952344 0.646094 0.093750 0.078125
1 0.860938 0.887500 0.057813 0.037500
1 0.119531 0.257031 0.137500 0.039062
1 0.058594 0.200000 0.110937 0.048438
1 0.075000 0.146875 0.139063 0.040625
1 0.067187 0.083594 0.075000 0.037500
1 0.080469 0.064062 0.078125 0.028125
1 0.020313 0.289062 0.037500 0.056250
1 0.062500 0.382812 0.067187 0.029687
1 0.030469 0.435156 0.057813 0.021875
1 0.098437 0.459375 0.053125 0.032813
1 0.175000 0.084375 0.070312 0.034375
1 0.336719 0.459375 0.050000 0.032813
