1 0.533594 0.089063 0.026562 0.043750
1 0.571094 0.040625 0.028125 0.042188
1 0.657813 0.062500 0.034375 0.037500
1 0.790625 0.167187 0.032813 0.040625
1 0.425000 0.517969 0.031250 0.082812
1 0.443750 0.520312 0.023438 0.084375
1 0.458594 0.595313 0.014063 0.045312
1 0.478906 0.563281 0.037500 0.050000
1 0.503906 0.745313 0.043750 0.046875
1 0.562500 0.749219 0.053125 0.053125
1 0.633594 0.656250 0.018750 0.034375
1 0.774219 0.660937 0.040625 0.045312
1 0.696875 0.757031 0.043750 0.053125
1 0.756250 0.761719 0.059375 0.068750
1 0.759375 0.819531 0.028125 0.046875
