1 0.829688 0.475781 0.051562 0.081250
1 0.753906 0.350000 0.034375 0.054688
1 0.686719 0.278906 0.034375 0.050000
1 0.546875 0.308594 0.026562 0.050000
1 0.541406 0.246094 0.034375 0.042188
1 0.549219 0.189844 0.021875 0.034375
1 0.617969 0.171875 0.018750 0.043750
1 0.482812 0.153125 0.018750 0.034375
1 0.448437 0.217188 0.021875 0.046875
1 0.407031 0.192969 0.021875 0.037500
1 0.465625 0.320312 0.040625 0.048438
1 0.475000 0.595313 0.034375 0.060937
1 0.339844 0.726562 0.032813 0.128125
1 0.225000 0.697656 0.068750 0.070312
1 0.075781 0.537500 0.057813 0.062500
1 0.104688 0.464844 0.056250 0.065625
1 0.055469 0.461719 0.034375 0.040625
1 0.434375 0.498437 0.053125 0.056250
1 0.568750 0.529687 0.039062 0.078125
1 0.707812 0.565625 0.054688 0.059375
1 0.835938 0.546094 0.056250 0.093750
1 0.659375 0.362500 0.046875 0.053125
1 0.635938 0.485156 0.062500 0.067187
1 0.388281 0.128906 0.031250 0.042188
1 0.390625 0.121094 0.028125 0.031250
1 0.076563 0.449219 0.043750 0.031250
