1 0.820312 0.445312 0.014063 0.027344
1 0.771094 0.425000 0.023438 0.021875
1 0.752344 0.397656 0.016406 0.020313
1 0.764062 0.400781 0.014844 0.020313
1 0.758594 0.380469 0.009375 0.023438
1 0.731250 0.365625 0.019531 0.021094
1 0.736719 0.432031 0.023438 0.031250
1 0.763281 0.510938 0.027344 0.039062
1 0.650781 0.494531 0.017188 0.034375
1 0.653906 0.406250 0.027344 0.027344
1 0.657031 0.386719 0.020313 0.021094
1 0.612500 0.387500 0.014063 0.027344
1 0.582812 0.435937 0.010937 0.031250
1 0.567187 0.514844 0.019531 0.046875
1 0.651563 0.662500 0.032031 0.056250
1 0.534375 0.530469 0.025000 0.041406
1 0.478906 0.593750 0.034375 0.042969
1 0.208594 0.731250 0.033594 0.063281
1 0.122656 0.628906 0.014063 0.021094
1 0.142187 0.624219 0.014063 0.024219
1 0.142969 0.523438 0.030469 0.036719
1 0.154688 0.485156 0.018750 0.027344
1 0.077344 0.474219 0.017188 0.028125
1 0.098437 0.430469 0.032031 0.028906
1 0.374219 0.476562 0.013281 0.032031
1 0.445312 0.481250 0.017188 0.022656
1 0.454688 0.418750 0.022656 0.032031
1 0.514844 0.363281 0.020313 0.021875
1 0.611719 0.407031 0.013281 0.010937
