1 0.319531 0.172656 0.048438 0.133594
1 0.315625 0.250781 0.035156 0.078125
1 0.282031 0.613281 0.031250 0.056250
1 0.434375 0.700781 0.060156 0.133594
1 0.422656 0.872656 0.025781 0.085938
1 0.886719 0.309375 0.048438 0.125781
1 0.735938 0.724219 0.076563 0.075000
1 0.643750 0.794531 0.053906 0.097656
1 0.780469 0.823438 0.066406 0.102344
1 0.766406 0.914062 0.031250 0.150000
1 0.946875 0.933594 0.048438 0.048438
1 0.667969 0.938281 0.030469 0.098437
1 0.603125 0.941406 0.035156 0.078125
1 0.514844 0.975781 0.031250 0.042969
1 0.013281 0.762500 0.025781 0.044531
1 0.021875 0.893750 0.043750 0.163281
