1 0.419531 0.701562 0.043750 0.028125
1 0.441406 0.669531 0.043750 0.031250
1 0.493750 0.726562 0.043750 0.032813
1 0.511719 0.647656 0.045312 0.034375
1 0.355469 0.678906 0.114062 0.043750
1 0.260156 0.667969 0.068750 0.029687
1 0.310156 0.865625 0.078125 0.065625
1 0.200000 0.610938 0.125000 0.045312
1 0.228906 0.574219 0.128125 0.043750
1 0.132812 0.562500 0.067187 0.071875
1 0.094531 0.505469 0.065625 0.028125
1 0.302344 0.450781 0.065625 0.034375
1 0.374219 0.425781 0.060937 0.028125
1 0.295312 0.379688 0.131250 0.040625
1 0.658594 0.346875 0.135937 0.045312
1 0.683594 0.486719 0.065625 0.025000
1 0.735156 0.496094 0.121875 0.040625
1 0.845313 0.668750 0.131250 0.045312
1 0.851562 0.646875 0.056250 0.032813
1 0.328125 0.184375 0.065625 0.075000
1 0.300781 0.226562 0.073438 0.054688
1 0.060156 0.342969 0.059375 0.040625
1 0.880469 0.310156 0.062500 0.028125
