1 0.180469 0.742969 0.040625 0.037500
1 0.236719 0.640625 0.060937 0.023438
1 0.499219 0.977344 0.078125 0.040625
1 0.627344 0.778125 0.098437 0.032813
1 0.446094 0.617188 0.071875 0.029687
1 0.804688 0.609375 0.087500 0.059375
1 0.300000 0.552344 0.062500 0.025000
1 0.144531 0.568750 0.046875 0.021875
1 0.861719 0.438281 0.112500 0.064062
1 0.628906 0.422656 0.109375 0.031250
1 0.778906 0.310156 0.143750 0.065625
1 0.352344 0.326562 0.071875 0.023438
1 0.262500 0.416406 0.056250 0.045312
1 0.221875 0.301563 0.043750 0.040625
1 0.327344 0.153906 0.048438 0.046875
1 0.435937 0.222656 0.056250 0.056250
1 0.636719 0.182812 0.103125 0.075000
1 0.794531 0.107031 0.128125 0.087500
1 0.473438 0.439844 0.085938 0.037500
1 0.261719 0.282813 0.026562 0.018750
