1 0.713281 0.651563 0.031250 0.129688
1 0.753125 0.596094 0.034375 0.095312
1 0.504687 0.853906 0.025000 0.103125
1 0.409375 0.516406 0.023438 0.106250
1 0.440625 0.569531 0.029687 0.103125
1 0.446094 0.477344 0.025000 0.112500
1 0.472656 0.506250 0.028125 0.112500
1 0.405469 0.592969 0.043750 0.106250
1 0.366406 0.535937 0.037500 0.103125
1 0.324219 0.348438 0.046875 0.084375
1 0.287500 0.359375 0.046875 0.103125
1 0.330469 0.250781 0.048438 0.046875
1 0.289844 0.114844 0.039062 0.090625
1 0.025000 0.670312 0.040625 0.046875
