1 0.285156 0.685156 0.043750 0.039062
1 0.358594 0.709375 0.034375 0.025000
1 0.228125 0.643750 0.039062 0.037500
1 0.259375 0.921094 0.042188 0.039062
1 0.568750 0.821094 0.071875 0.028125
1 0.446875 0.610156 0.071875 0.025000
1 0.514844 0.537500 0.081250 0.020313
1 0.871094 0.450781 0.101562 0.057813
1 0.314844 0.234375 0.064062 0.025000
1 0.276562 0.214844 0.056250 0.015625
1 0.164844 0.234375 0.040625 0.028125
1 0.137500 0.288281 0.034375 0.029687
1 0.200781 0.326562 0.046875 0.020313
1 0.225000 0.300000 0.039062 0.031250
1 0.223438 0.272656 0.034375 0.028125
1 0.216406 0.255469 0.043750 0.012500
1 0.250781 0.364063 0.056250 0.021875
1 0.383594 0.407031 0.053125 0.021875
1 0.435937 0.248438 0.057813 0.034375
1 0.165625 0.424219 0.035937 0.021875
1 0.124219 0.552344 0.031250 0.028125
1 0.209375 0.432812 0.018750 0.012500
