1 0.447656 0.039844 0.109375 0.071875
1 0.778906 0.210156 0.064062 0.100000
1 0.073438 0.228906 0.085938 0.056250
1 0.060937 0.329688 0.064062 0.023438
1 0.295312 0.514844 0.100000 0.050000
1 0.350781 0.699219 0.068750 0.065625
1 0.096094 0.547656 0.103125 0.037500
1 0.046875 0.665625 0.043750 0.031250
1 0.135156 0.657031 0.068750 0.062500
1 0.236719 0.759375 0.106250 0.046875
1 0.213281 0.878906 0.082812 0.071875
1 0.071875 0.840625 0.075000 0.042188
1 0.104688 0.978906 0.106250 0.035937
1 0.700000 0.901563 0.118750 0.078125
