0 0.4275 0.5033333333333333 0.018333333333333333 0.08416666666666667
0 0.4666666666666667 0.5116666666666667 0.023333333333333334 0.07666666666666666
0 0.4533333333333333 0.5408333333333334 0.028333333333333332 0.08166666666666667
0 0.45666666666666667 0.5775 0.025833333333333333 0.07416666666666667
0 0.4425 0.59 0.023333333333333334 0.07166666666666667
0 0.41583333333333333 0.5916666666666667 0.015833333333333335 0.07083333333333333
0 0.4041666666666667 0.6191666666666666 0.014166666666666666 0.07166666666666667
0 0.4483333333333333 0.6258333333333334 0.03916666666666667 0.043333333333333335
0 0.43416666666666665 0.6341666666666667 0.020833333333333332 0.06916666666666667
0 0.4191666666666667 0.6383333333333333 0.02 0.0525
0 0.4116666666666667 0.6633333333333333 0.03916666666666667 0.0475
0 0.4583333333333333 0.6725 0.03666666666666667 0.0325
0 0.41 0.6783333333333333 0.03333333333333333 0.034166666666666665
0 0.4583333333333333 0.6925 0.030833333333333334 0.025833333333333333
0 0.44333333333333336 0.695 0.03 0.05333333333333334
0 0.415 0.7 0.035 0.049166666666666664
0 0.4716666666666667 0.7058333333333333 0.028333333333333332 0.0275
0 0.44 0.7108333333333333 0.029166666666666667 0.04583333333333333
0 0.43666666666666665 0.7491666666666666 0.028333333333333332 0.06416666666666666
0 0.46166666666666667 0.7558333333333334 0.03 0.04
0 0.26 0.0425 0.025 0.06583333333333333
0 0.4608333333333333 0.7933333333333333 0.020833333333333332 0.0675
0 0.48083333333333333 0.7933333333333333 0.03333333333333333 0.05333333333333334
0 0.4775 0.83 0.018333333333333333 0.0625
0 0.4975 0.8416666666666667 0.029166666666666667 0.03333333333333333
0 0.47583333333333333 0.8633333333333333 0.0325 0.06
0 0.5025 0.8675 0.03166666666666667 0.0375
0 0.5108333333333334 0.8991666666666667 0.034166666666666665 0.04083333333333333
0 0.4866666666666667 0.9025 0.029166666666666667 0.034166666666666665
0 0.5433333333333333 0.9033333333333333 0.03333333333333333 0.0425
0 0.485 0.915 0.035833333333333335 0.05583333333333333
0 0.525 0.9225 0.03666666666666667 0.03916666666666667
0 0.5241666666666667 0.9491666666666667 0.0375 0.034166666666666665
0 0.2833333333333333 0.09333333333333334 0.035833333333333335 0.0425
0 0.2791666666666667 0.11416666666666667 0.034166666666666665 0.06833333333333333
0 0.31833333333333336 0.12333333333333334 0.03166666666666667 0.05333333333333334
0 0.33666666666666667 0.12333333333333334 0.035 0.0425
0 0.30416666666666664 0.12833333333333333 0.030833333333333334 0.045
0 0.3433333333333333 0.15583333333333332 0.03833333333333333 0.035833333333333335
0 0.36916666666666664 0.1675 0.03666666666666667 0.058333333333333334
0 0.3308333333333333 0.17916666666666667 0.035833333333333335 0.059166666666666666
0 0.3541666666666667 0.18166666666666667 0.028333333333333332 0.035
0 0.3858333333333333 0.2175 0.03666666666666667 0.058333333333333334
0 0.36 0.22416666666666665 0.024166666666666666 0.0675
0 0.4066666666666667 0.22416666666666665 0.0325 0.07416666666666667
0 0.3858333333333333 0.23916666666666667 0.03666666666666667 0.0725
0 0.37916666666666665 0.2475 0.029166666666666667 0.07666666666666666
0 0.41583333333333333 0.27666666666666667 0.03333333333333333 0.07166666666666667
0 0.41333333333333333 0.345 0.034166666666666665 0.07416666666666667
0 0.42583333333333334 0.42083333333333334 0.024166666666666666 0.08833333333333333
0 0.44083333333333335 0.4266666666666667 0.02 0.07916666666666666
0 0.45666666666666667 0.4325 0.0275 0.08416666666666667
0 0.4091666666666667 0.43666666666666665 0.018333333333333333 0.06416666666666666
0 0.42083333333333334 0.44 0.025833333333333333 0.07583333333333334