0 0.125 0.44416666666666665 0.09 0.085
0 0.605 0.4166666666666667 0.043333333333333335 0.13916666666666666
0 0.51 0.3325 0.06916666666666667 0.13833333333333334
0 0.7433333333333333 0.30083333333333334 0.04416666666666667 0.14
0 0.6658333333333334 0.2925 0.05583333333333333 0.12416666666666666
0 0.6025 0.2866666666666667 0.045 0.13416666666666666
0 0.058333333333333334 0.26 0.065 0.11916666666666667
0 0.14833333333333334 0.17583333333333334 0.08416666666666667 0.11583333333333333
0 0.9525 0.9116666666666666 0.08583333333333333 0.09166666666666666
0 0.9925 0.8833333333333333 0.014166666666666666 0.15
0 0.6391666666666667 0.8666666666666667 0.051666666666666666 0.16916666666666666
0 0.7891666666666667 0.9858333333333333 0.08166666666666667 0.025
0 0.6958333333333333 0.7058333333333333 0.05 0.1425
0 0.8741666666666666 0.9716666666666667 0.0675 0.05583333333333333
0 0.9633333333333334 0.9675 0.07 0.06166666666666667
0 0.4741666666666667 0.5591666666666667 0.041666666666666664 0.15833333333333333