0 0.44583333333333336 0.5825 0.0125 0.015833333333333335
0 0.5416666666666666 0.5766666666666667 0.0175 0.035833333333333335
0 0.5608333333333333 0.5508333333333333 0.016666666666666666 0.035833333333333335
0 0.6191666666666666 0.5225 0.024166666666666666 0.024166666666666666
0 0.5958333333333333 0.5116666666666667 0.019166666666666665 0.03166666666666667
0 0.615 0.505 0.024166666666666666 0.02666666666666667
0 0.7741666666666667 0.495 0.0075 0.0225
0 0.785 0.48333333333333334 0.024166666666666666 0.04583333333333333
0 0.2175 0.4725 0.03166666666666667 0.030833333333333334
0 0.38416666666666666 0.415 0.016666666666666666 0.041666666666666664
0 0.38 0.3958333333333333 0.018333333333333333 0.05583333333333333
0 0.3883333333333333 0.38166666666666665 0.016666666666666666 0.043333333333333335
0 0.3358333333333333 0.3775 0.010833333333333334 0.035833333333333335
0 0.5141666666666667 0.34833333333333333 0.020833333333333332 0.0325
0 0.5266666666666666 0.3458333333333333 0.024166666666666666 0.050833333333333335
0 0.5533333333333333 0.3325 0.025 0.034166666666666665
0 0.5808333333333333 0.32166666666666666 0.023333333333333334 0.0375
0 0.5966666666666667 0.3075 0.020833333333333332 0.050833333333333335
0 0.5675 0.30416666666666664 0.02666666666666667 0.035833333333333335
0 0.35333333333333333 0.30083333333333334 0.02 0.043333333333333335
0 0.5191666666666667 0.3 0.028333333333333332 0.04083333333333333
0 0.63 0.2775 0.024166666666666666 0.051666666666666666
0 0.5591666666666667 0.2708333333333333 0.029166666666666667 0.05
0 0.18416666666666667 0.24083333333333334 0.03666666666666667 0.050833333333333335
0 0.5266666666666666 0.1425 0.03166666666666667 0.03833333333333333
0 0.4058333333333333 0.11416666666666667 0.03333333333333333 0.06416666666666666
0 0.7541666666666667 0.07583333333333334 0.04 0.0575
0 0.7491666666666666 0.010833333333333334 0.029166666666666667 0.02
0 0.71 0.9208333333333333 0.01 0.015
0 0.6091666666666666 0.915 0.01 0.015
0 0.7533333333333333 0.9133333333333333 0.006666666666666667 0.015
0 0.745 0.9125 0.011666666666666667 0.016666666666666666
0 0.5991666666666666 0.9033333333333333 0.010833333333333334 0.015
0 0.7808333333333334 0.9025 0.013333333333333334 0.0175
0 0.6083333333333333 0.9008333333333334 0.009166666666666667 0.015
0 0.79 0.9008333333333334 0.011666666666666667 0.015
0 0.7108333333333333 0.8825 0.006666666666666667 0.011666666666666667
0 0.6533333333333333 0.8816666666666667 0.0075 0.0175
0 0.7858333333333334 0.8775 0.010833333333333334 0.025
0 0.7475 0.8541666666666666 0.014166666666666666 0.010833333333333334
0 0.7083333333333334 0.8475 0.01 0.010833333333333334
0 0.7241666666666666 0.8375 0.013333333333333334 0.018333333333333333
0 0.7625 0.7983333333333333 0.008333333333333333 0.015833333333333335
0 0.7708333333333334 0.7908333333333334 0.0175 0.016666666666666666
0 0.7575 0.79 0.014166666666666666 0.0275
0 0.7733333333333333 0.7808333333333334 0.02 0.024166666666666666
0 0.6425 0.6775 0.011666666666666667 0.025833333333333333
0 0.6516666666666666 0.6733333333333333 0.016666666666666666 0.0275
0 0.6591666666666667 0.6666666666666666 0.018333333333333333 0.0275
0 0.6716666666666666 0.6608333333333334 0.025 0.023333333333333334
0 0.5691666666666667 0.6508333333333334 0.02 0.019166666666666665
0 0.5475 0.6508333333333334 0.021666666666666667 0.028333333333333332
0 0.5883333333333334 0.65 0.018333333333333333 0.020833333333333332
0 0.5825 0.6441666666666667 0.011666666666666667 0.0175
0 0.5991666666666666 0.6425 0.014166666666666666 0.015833333333333335
0 0.4375 0.6366666666666667 0.009166666666666667 0.0325
0 0.6066666666666667 0.635 0.02 0.015
0 0.5741666666666667 0.635 0.019166666666666665 0.03
0 0.5891666666666666 0.6308333333333334 0.0175 0.0325
0 0.6091666666666666 0.6233333333333333 0.021666666666666667 0.0275
0 0.5725 0.6191666666666666 0.0075 0.0225
0 0.5675 0.615 0.016666666666666666 0.034166666666666665