0 0.575 0.47583333333333333 0.043333333333333335 0.1175
0 0.625 0.5125 0.050833333333333335 0.1275
0 0.5233333333333333 0.5225 0.07583333333333334 0.095
0 0.050833333333333335 0.5266666666666666 0.07416666666666667 0.12416666666666666
0 0.0075 0.5566666666666666 0.015 0.09416666666666666
0 0.10666666666666667 0.5758333333333333 0.09166666666666666 0.08916666666666667
0 0.7908333333333334 0.5783333333333334 0.05416666666666667 0.1325
0 0.7216666666666667 0.5866666666666667 0.041666666666666664 0.155
0 0.5991666666666666 0.6025 0.06166666666666667 0.1225
0 0.005833333333333334 0.6375 0.011666666666666667 0.075
0 0.09583333333333334 0.6441666666666667 0.1125 0.06416666666666666
0 0.4583333333333333 0.6975 0.049166666666666664 0.13416666666666666
0 0.0325 0.7 0.065 0.11416666666666667
0 0.0975 0.7075 0.08833333333333333 0.059166666666666666
0 0.7716666666666666 0.7216666666666667 0.0575 0.14166666666666666
0 0.4791666666666667 0.8591666666666666 0.04833333333333333 0.13916666666666666
0 0.5091666666666667 0.21416666666666667 0.08333333333333333 0.058333333333333334