0 0.41583333333333333 0.5125 0.041666666666666664 0.051666666666666666
0 0.3016666666666667 0.5116666666666667 0.03833333333333333 0.03833333333333333
0 0.8958333333333334 0.07 0.04 0.051666666666666666
0 0.5658333333333333 0.6775 0.03333333333333333 0.029166666666666667
0 0.6058333333333333 0.6708333333333333 0.035 0.0275
0 0.5875 0.6633333333333333 0.035 0.02666666666666667
0 0.3383333333333333 0.6566666666666666 0.03833333333333333 0.06333333333333334
0 0.6441666666666667 0.6525 0.03833333333333333 0.051666666666666666
0 0.2658333333333333 0.6483333333333333 0.021666666666666667 0.05416666666666667
0 0.5116666666666667 0.6483333333333333 0.0375 0.05
0 0.6158333333333333 0.6425 0.03833333333333333 0.034166666666666665
0 0.5533333333333333 0.64 0.034166666666666665 0.05
0 0.5833333333333334 0.635 0.03333333333333333 0.034166666666666665
0 0.5258333333333334 0.6308333333333334 0.03666666666666667 0.04666666666666667
0 0.6483333333333333 0.62 0.035833333333333335 0.050833333333333335
0 0.2925 0.62 0.0325 0.06333333333333334
0 0.6158333333333333 0.615 0.03666666666666667 0.03333333333333333
0 0.2783333333333333 0.6058333333333333 0.02666666666666667 0.050833333333333335
0 0.43416666666666665 0.6033333333333334 0.020833333333333332 0.07333333333333333
0 0.5641666666666667 0.6 0.035833333333333335 0.041666666666666664
0 0.5883333333333334 0.5958333333333333 0.0275 0.07666666666666666
0 0.54 0.5858333333333333 0.0275 0.06166666666666667
0 0.315 0.5783333333333334 0.03833333333333333 0.041666666666666664
0 0.35 0.5708333333333333 0.035 0.06333333333333334
0 0.6375 0.5658333333333333 0.03166666666666667 0.075
0 0.6616666666666666 0.5616666666666666 0.0325 0.05416666666666667
0 0.6283333333333333 0.5483333333333333 0.03833333333333333 0.0375
0 0.345 0.5475 0.034166666666666665 0.041666666666666664
0 0.3233333333333333 0.5433333333333333 0.029166666666666667 0.04416666666666667