0 0.56 0.48583333333333334 0.015833333333333335 0.075
0 0.5866666666666667 0.5041666666666667 0.021666666666666667 0.08916666666666667
0 0.7983333333333333 0.5075 0.0425 0.0525
0 0.8183333333333334 0.52 0.03333333333333333 0.059166666666666666
0 0.5375 0.5208333333333334 0.0225 0.0775
0 0.7525 0.525 0.03666666666666667 0.050833333333333335
0 0.7816666666666666 0.5425 0.043333333333333335 0.05
0 0.6658333333333334 0.5591666666666667 0.050833333333333335 0.055
0 0.2808333333333333 0.6291666666666667 0.024166666666666666 0.085
0 0.2525 0.6408333333333334 0.045 0.034166666666666665
0 0.37333333333333335 0.6416666666666667 0.0225 0.07
0 0.2575 0.6783333333333333 0.019166666666666665 0.065
0 0.23666666666666666 0.685 0.02 0.0775
0 0.9091666666666667 0.6908333333333333 0.034166666666666665 0.11083333333333334
0 0.27416666666666667 0.6933333333333334 0.03333333333333333 0.07833333333333334
0 0.2025 0.71 0.043333333333333335 0.05583333333333333
0 0.20833333333333334 0.7216666666666667 0.03916666666666667 0.06333333333333334
0 0.24833333333333332 0.725 0.021666666666666667 0.07833333333333334
0 0.2325 0.7316666666666667 0.028333333333333332 0.0925
0 0.2658333333333333 0.7391666666666666 0.019166666666666665 0.07
0 0.8816666666666667 0.7583333333333333 0.0425 0.05583333333333333
0 0.9225 0.7591666666666667 0.0325 0.1025
0 0.22416666666666665 0.7716666666666666 0.019166666666666665 0.051666666666666666
0 0.20666666666666667 0.775 0.0275 0.0825
0 0.8258333333333333 0.7841666666666667 0.04666666666666667 0.058333333333333334
0 0.21416666666666667 0.8291666666666667 0.029166666666666667 0.07666666666666666
0 0.49333333333333335 0.16166666666666665 0.035 0.05416666666666667
0 0.4766666666666667 0.16333333333333333 0.028333333333333332 0.07666666666666666
0 0.5158333333333334 0.16583333333333333 0.03666666666666667 0.04416666666666667
0 0.5066666666666667 0.205 0.0375 0.05416666666666667
0 0.47333333333333333 0.21166666666666667 0.019166666666666665 0.060833333333333336
0 0.4791666666666667 0.24416666666666667 0.02 0.08
0 0.5158333333333334 0.24583333333333332 0.04833333333333333 0.03916666666666667
0 0.5608333333333333 0.3975 0.03666666666666667 0.07083333333333333
0 0.5591666666666667 0.42833333333333334 0.030833333333333334 0.08083333333333333
0 0.5475 0.455 0.020833333333333332 0.07083333333333333
0 0.5325 0.4675 0.024166666666666666 0.08916666666666667