0 0.7208333333333333 0.06583333333333333 0.05583333333333333 0.13166666666666665
0 0.42333333333333334 0.08166666666666667 0.04583333333333333 0.14583333333333334
0 0.7041666666666667 0.10166666666666667 0.0625 0.1375
0 0.46 0.11166666666666666 0.050833333333333335 0.1475
0 0.5141666666666667 0.13 0.0425 0.1625
0 0.6141666666666666 0.13083333333333333 0.0525 0.155
0 0.36583333333333334 0.1375 0.05583333333333333 0.1525
0 0.3125 0.14 0.04583333333333333 0.15666666666666668
0 0.6725 0.14 0.043333333333333335 0.155
0 0.485 0.205 0.045 0.13666666666666666
0 0.5675 0.02666666666666667 0.05416666666666667 0.05333333333333334