0 0.14333333333333334 0.5791666666666667 0.03833333333333333 0.03916666666666667
0 0.4525 0.5675 0.03666666666666667 0.051666666666666666
0 0.43166666666666664 0.5641666666666667 0.03 0.0775
0 0.145 0.5491666666666667 0.03833333333333333 0.030833333333333334
0 0.125 0.5408333333333334 0.03333333333333333 0.05416666666666667
0 0.09666666666666666 0.5375 0.021666666666666667 0.08416666666666667
0 0.1175 0.5225 0.0275 0.06833333333333333
0 0.3975 0.505 0.043333333333333335 0.03916666666666667
0 0.12916666666666668 0.4625 0.0375 0.060833333333333336
0 0.10666666666666667 0.4608333333333333 0.02 0.07333333333333333
0 0.13333333333333333 0.41333333333333333 0.03666666666666667 0.056666666666666664
0 0.23 0.40166666666666667 0.0375 0.0825
0 0.7516666666666667 0.3383333333333333 0.035 0.05333333333333334
0 0.8283333333333334 0.3375 0.03833333333333333 0.02666666666666667
0 0.9616666666666667 0.30833333333333335 0.03666666666666667 0.09833333333333333
0 0.8341666666666666 0.3 0.035 0.0525
0 0.8525 0.2991666666666667 0.050833333333333335 0.06166666666666667
0 0.38333333333333336 0.29833333333333334 0.04083333333333333 0.050833333333333335
0 0.42 0.27666666666666667 0.0425 0.058333333333333334
0 0.3908333333333333 0.2683333333333333 0.034166666666666665 0.05
0 0.805 0.2675 0.03833333333333333 0.09333333333333334
0 0.86 0.2658333333333333 0.03333333333333333 0.04583333333333333
0 0.3641666666666667 0.26166666666666666 0.041666666666666664 0.04833333333333333
0 0.825 0.25 0.043333333333333335 0.04416666666666667
0 0.3958333333333333 0.23416666666666666 0.04833333333333333 0.05
0 0.8416666666666667 0.23416666666666666 0.03833333333333333 0.0275
0 0.35333333333333333 0.225 0.045 0.043333333333333335
0 0.825 0.21833333333333332 0.03833333333333333 0.03
0 0.8466666666666667 0.205 0.04083333333333333 0.03166666666666667
0 0.9675 0.20166666666666666 0.045 0.08166666666666667
0 0.7991666666666667 0.19666666666666666 0.058333333333333334 0.03833333333333333
0 0.8441666666666666 0.18333333333333332 0.03666666666666667 0.029166666666666667
0 0.8308333333333333 0.16333333333333333 0.0325 0.029166666666666667
0 0.9858333333333333 0.12583333333333332 0.025 0.075
0 0.20583333333333334 0.11 0.045 0.06
0 0.16416666666666666 0.10583333333333333 0.0425 0.06333333333333334
0 0.19083333333333333 0.060833333333333336 0.041666666666666664 0.05333333333333334
0 0.11166666666666666 0.9841666666666666 0.04 0.028333333333333332
0 0.1875 0.03833333333333333 0.03916666666666667 0.0425
0 0.09833333333333333 0.9483333333333334 0.024166666666666666 0.0525
0 0.12 0.935 0.023333333333333334 0.07916666666666666
0 0.09666666666666666 0.9033333333333333 0.019166666666666665 0.07
0 0.11666666666666667 0.8841666666666667 0.025833333333333333 0.058333333333333334
0 0.13416666666666666 0.8791666666666667 0.024166666666666666 0.06833333333333333
0 0.3425 0.8558333333333333 0.025 0.09666666666666666
0 0.10583333333333333 0.8458333333333333 0.019166666666666665 0.06833333333333333
0 0.8333333333333334 0.8233333333333334 0.0525 0.07
0 0.12833333333333333 0.81 0.02666666666666667 0.07666666666666666
0 0.11166666666666666 0.7916666666666666 0.019166666666666665 0.06916666666666667
0 0.8108333333333333 0.7808333333333334 0.05583333333333333 0.056666666666666664
0 0.12 0.7458333333333333 0.025833333333333333 0.07083333333333333
0 0.14583333333333334 0.7408333333333333 0.020833333333333332 0.07666666666666666
0 0.8816666666666667 0.7116666666666667 0.041666666666666664 0.0775
0 0.13166666666666665 0.7041666666666667 0.02 0.07583333333333334
0 0.09666666666666666 0.7016666666666667 0.025833333333333333 0.07166666666666667
0 0.1525 0.6883333333333334 0.02666666666666667 0.07083333333333333
0 0.1325 0.6683333333333333 0.015833333333333335 0.0575
0 0.17166666666666666 0.6675 0.0275 0.065
0 0.12333333333333334 0.6475 0.030833333333333334 0.059166666666666666
0 0.14416666666666667 0.6383333333333333 0.029166666666666667 0.04833333333333333
0 0.09916666666666667 0.6383333333333333 0.020833333333333332 0.07
0 0.435 0.635 0.04083333333333333 0.04083333333333333
0 0.41333333333333333 0.6283333333333333 0.03833333333333333 0.07
0 0.16333333333333333 0.6208333333333333 0.0375 0.043333333333333335
0 0.43583333333333335 0.6091666666666666 0.035 0.0375
0 0.13083333333333333 0.5958333333333333 0.029166666666666667 0.043333333333333335
0 0.17583333333333334 0.595 0.0325 0.060833333333333336
0 0.10416666666666667 0.59 0.02 0.07