0 0.38916666666666666 0.535 0.03666666666666667 0.0525
0 0.36833333333333335 0.5291666666666667 0.0325 0.05333333333333334
0 0.6733333333333333 0.5258333333333334 0.035833333333333335 0.03166666666666667
0 0.41083333333333333 0.5208333333333334 0.035 0.03916666666666667
0 0.6908333333333333 0.5166666666666667 0.025833333333333333 0.045
0 0.6408333333333334 0.495 0.04416666666666667 0.035
0 0.7116666666666667 0.4875 0.034166666666666665 0.03916666666666667
0 0.1575 0.075 0.035 0.049166666666666664
0 0.705 0.6475 0.0275 0.05416666666666667
0 0.4625 0.64 0.03166666666666667 0.024166666666666666
0 0.42833333333333334 0.6341666666666667 0.034166666666666665 0.03
0 0.44333333333333336 0.6233333333333333 0.041666666666666664 0.024166666666666666
0 0.7441666666666666 0.6175 0.02 0.059166666666666666
0 0.38916666666666666 0.6175 0.035833333333333335 0.0425
0 0.4141666666666667 0.6108333333333333 0.035 0.024166666666666666
0 0.4775 0.6075 0.03166666666666667 0.04833333333333333
0 0.45 0.6016666666666667 0.03333333333333333 0.028333333333333332
0 0.49666666666666665 0.5991666666666666 0.029166666666666667 0.041666666666666664
0 0.7225 0.5941666666666666 0.028333333333333332 0.056666666666666664
0 0.685 0.5916666666666667 0.03 0.06333333333333334
0 0.4275 0.5858333333333333 0.03916666666666667 0.03916666666666667
0 0.735 0.5791666666666667 0.03 0.04583333333333333
0 0.4791666666666667 0.5758333333333333 0.02666666666666667 0.049166666666666664
0 0.5916666666666667 0.5733333333333334 0.0175 0.06916666666666667
0 0.4 0.5725 0.029166666666666667 0.050833333333333335
0 0.4608333333333333 0.5716666666666667 0.03333333333333333 0.035833333333333335
0 0.38 0.5708333333333333 0.03166666666666667 0.0475
0 0.7016666666666667 0.5525 0.03666666666666667 0.03333333333333333
0 0.4708333333333333 0.5383333333333333 0.0375 0.035833333333333335