0 0.5158333333333334 0.050833333333333335 0.016666666666666666 0.018333333333333333
0 0.5 0.056666666666666664 0.015 0.015833333333333335
0 0.52 0.065 0.0175 0.015833333333333335
0 0.48833333333333334 0.06583333333333333 0.013333333333333334 0.0175
0 0.47 0.07 0.019166666666666665 0.015833333333333335
0 0.4475 0.07083333333333333 0.01 0.014166666666666666
0 0.5275 0.07083333333333333 0.018333333333333333 0.0225
0 0.5066666666666667 0.0725 0.023333333333333334 0.023333333333333334
0 0.49 0.07916666666666666 0.009166666666666667 0.018333333333333333
0 0.43666666666666665 0.08166666666666667 0.014166666666666666 0.03666666666666667
0 0.4558333333333333 0.08416666666666667 0.015833333333333335 0.045
0 0.4741666666666667 0.085 0.01 0.0275
0 0.44083333333333335 0.08916666666666667 0.01 0.025
0 0.5083333333333333 0.09 0.021666666666666667 0.023333333333333334
0 0.5383333333333333 0.09083333333333334 0.024166666666666666 0.030833333333333334
0 0.5133333333333333 0.09083333333333334 0.016666666666666666 0.015833333333333335
0 0.4608333333333333 0.09166666666666666 0.015 0.03166666666666667
0 0.4775 0.09583333333333334 0.013333333333333334 0.043333333333333335
0 0.4225 0.0975 0.015 0.034166666666666665
0 0.49 0.09833333333333333 0.010833333333333334 0.030833333333333334
0 0.49833333333333335 0.09833333333333333 0.009166666666666667 0.030833333333333334
0 0.53 0.1025 0.021666666666666667 0.0275
0 0.43833333333333335 0.11 0.019166666666666665 0.025
0 0.5108333333333334 0.11 0.021666666666666667 0.025
0 0.4716666666666667 0.30916666666666665 0.023333333333333334 0.03833333333333333
0 0.29583333333333334 0.33166666666666667 0.015 0.0425
0 0.48083333333333333 0.3425 0.015 0.045
0 0.4725 0.36833333333333335 0.015 0.05416666666666667
0 0.44083333333333335 0.43666666666666665 0.0375 0.0425
0 0.32916666666666666 0.45666666666666667 0.023333333333333334 0.0675