0 0.275 0.4675 0.019166666666666665 0.06333333333333334
0 0.6583333333333333 0.47 0.016666666666666666 0.06916666666666667
0 0.2575 0.4791666666666667 0.02 0.07
0 0.31833333333333336 0.485 0.023333333333333334 0.035
0 0.2841666666666667 0.5066666666666667 0.029166666666666667 0.03833333333333333
0 0.30083333333333334 0.51 0.029166666666666667 0.04666666666666667
0 0.2816666666666667 0.5225 0.03 0.05333333333333334
0 0.3275 0.525 0.020833333333333332 0.06416666666666666
0 0.2658333333333333 0.5291666666666667 0.02666666666666667 0.04583333333333333
0 0.30333333333333334 0.5533333333333333 0.021666666666666667 0.06166666666666667
0 0.2775 0.5733333333333334 0.019166666666666665 0.056666666666666664
0 0.2966666666666667 0.5783333333333334 0.024166666666666666 0.0525
0 0.24833333333333332 0.5866666666666667 0.03166666666666667 0.07166666666666667
0 0.27 0.6016666666666667 0.015 0.07916666666666666
0 0.245 0.6275 0.025 0.08666666666666667
0 0.29333333333333333 0.6275 0.035 0.04833333333333333
0 0.25583333333333336 0.6541666666666667 0.020833333333333332 0.06583333333333333
0 0.6225 0.66 0.035 0.06416666666666666
0 0.2975 0.6608333333333334 0.035 0.04083333333333333
0 0.2833333333333333 0.6608333333333334 0.025833333333333333 0.05583333333333333
0 0.2725 0.6691666666666667 0.029166666666666667 0.06916666666666667
0 0.59 0.6808333333333333 0.034166666666666665 0.051666666666666666
0 0.5708333333333333 0.6883333333333334 0.04083333333333333 0.05333333333333334
0 0.5133333333333333 0.69 0.02 0.0775
0 0.26916666666666667 0.7008333333333333 0.025 0.0475
0 0.29333333333333333 0.7133333333333334 0.03333333333333333 0.0475
0 0.25916666666666666 0.7191666666666666 0.020833333333333332 0.06166666666666667
0 0.5816666666666667 0.7266666666666667 0.024166666666666666 0.06166666666666667
0 0.5666666666666667 0.7266666666666667 0.019166666666666665 0.05583333333333333
0 0.5483333333333333 0.745 0.025 0.06416666666666666
0 0.29583333333333334 0.7466666666666667 0.030833333333333334 0.0425
0 0.29083333333333333 0.7658333333333334 0.03166666666666667 0.06416666666666666
0 0.2825 0.7775 0.025833333333333333 0.06916666666666667
0 0.28 0.8133333333333334 0.016666666666666666 0.08
0 0.30916666666666665 0.8333333333333334 0.019166666666666665 0.07583333333333334
0 0.2891666666666667 0.8666666666666667 0.018333333333333333 0.07416666666666667
0 0.25666666666666665 0.9258333333333333 0.02 0.06833333333333333
0 0.6258333333333334 0.935 0.034166666666666665 0.06916666666666667
0 0.7241666666666666 0.09583333333333334 0.0275 0.07
0 0.6108333333333333 0.98 0.023333333333333334 0.03833333333333333
0 0.5216666666666666 0.9858333333333333 0.0225 0.0275
0 0.5858333333333333 0.12333333333333334 0.015833333333333335 0.05583333333333333
0 0.6783333333333333 0.13416666666666666 0.03 0.030833333333333334
0 0.5675 0.14333333333333334 0.025833333333333333 0.03916666666666667
0 0.715 0.16 0.02 0.065
0 0.5858333333333333 0.165 0.029166666666666667 0.03833333333333333
0 0.6083333333333333 0.16583333333333333 0.0325 0.034166666666666665
0 0.5491666666666667 0.16833333333333333 0.030833333333333334 0.0325
0 0.42 0.18 0.025833333333333333 0.04666666666666667
0 0.6933333333333334 0.195 0.025833333333333333 0.065
0 0.43916666666666665 0.19833333333333333 0.04 0.051666666666666666
0 0.5208333333333334 0.19916666666666666 0.0375 0.034166666666666665
0 0.5533333333333333 0.20416666666666666 0.034166666666666665 0.043333333333333335
0 0.5375 0.20833333333333334 0.03333333333333333 0.05416666666666667
0 0.3983333333333333 0.20916666666666667 0.029166666666666667 0.0475
0 0.46416666666666667 0.21333333333333335 0.03333333333333333 0.05333333333333334
0 0.38 0.22333333333333333 0.023333333333333334 0.030833333333333334
0 0.4091666666666667 0.22833333333333333 0.029166666666666667 0.051666666666666666
0 0.5075 0.235 0.035 0.0475
0 0.3825 0.25166666666666665 0.03166666666666667 0.03333333333333333
0 0.6358333333333334 0.275 0.0275 0.024166666666666666
0 0.4058333333333333 0.27666666666666667 0.016666666666666666 0.07833333333333334
0 0.3883333333333333 0.2866666666666667 0.025 0.06833333333333333
0 0.6066666666666667 0.29333333333333333 0.03 0.02666666666666667
0 0.6258333333333334 0.3 0.0325 0.03333333333333333
0 0.5875 0.30083333333333334 0.035 0.056666666666666664
0 0.6 0.31583333333333335 0.029166666666666667 0.02666666666666667
0 0.4716666666666667 0.3225 0.020833333333333332 0.07333333333333333
0 0.6191666666666666 0.32916666666666666 0.030833333333333334 0.030833333333333334
0 0.6333333333333333 0.335 0.0325 0.06166666666666667
0 0.5908333333333333 0.34 0.0375 0.030833333333333334
0 0.3441666666666667 0.3541666666666667 0.02666666666666667 0.08833333333333333
0 0.61 0.3625 0.0325 0.04416666666666667
0 0.27416666666666667 0.36333333333333334 0.0425 0.04083333333333333
0 0.6691666666666667 0.3641666666666667 0.018333333333333333 0.06666666666666667
0 0.37833333333333335 0.36583333333333334 0.0175 0.07416666666666667
0 0.3075 0.37583333333333335 0.024166666666666666 0.03
0 0.5683333333333334 0.3775 0.028333333333333332 0.0475
0 0.3283333333333333 0.37916666666666665 0.02 0.08583333333333333
0 0.5841666666666666 0.38166666666666665 0.024166666666666666 0.051666666666666666
0 0.2891666666666667 0.3875 0.03666666666666667 0.034166666666666665
0 0.3491666666666667 0.38916666666666666 0.015833333333333335 0.06916666666666667
0 0.4141666666666667 0.395 0.03166666666666667 0.065
0 0.6583333333333333 0.39666666666666667 0.0125 0.0475
0 0.30083333333333334 0.4116666666666667 0.035 0.03916666666666667
0 0.5591666666666667 0.41333333333333333 0.028333333333333332 0.04666666666666667
0 0.35833333333333334 0.4141666666666667 0.015 0.0675
0 0.2841666666666667 0.42083333333333334 0.035833333333333335 0.034166666666666665
0 0.2608333333333333 0.42916666666666664 0.0175 0.07166666666666667
0 0.5783333333333334 0.44166666666666665 0.04416666666666667 0.03916666666666667
0 0.2866666666666667 0.4483333333333333 0.034166666666666665 0.05333333333333334
0 0.31 0.4508333333333333 0.035833333333333335 0.03666666666666667