0 0.6808333333333333 0.9308333333333333 0.051666666666666666 0.12333333333333334
0 0.4025 0.9158333333333334 0.0425 0.13583333333333333
0 0.665 0.8966666666666666 0.058333333333333334 0.12833333333333333
0 0.4375 0.8875 0.0475 0.1375
0 0.4875 0.87 0.04 0.15166666666666667
0 0.5808333333333333 0.87 0.04833333333333333 0.14416666666666667
0 0.3491666666666667 0.8633333333333333 0.0525 0.1425
0 0.2991666666666667 0.8616666666666667 0.0425 0.14583333333333334
0 0.635 0.8608333333333333 0.04083333333333333 0.14416666666666667
0 0.46 0.8008333333333333 0.041666666666666664 0.1275
0 0.5383333333333333 0.97 0.05333333333333334 0.056666666666666664