0 0.8391666666666666 0.49166666666666664 0.028333333333333332 0.08166666666666667
0 0.2683333333333333 0.5083333333333333 0.0275 0.05416666666666667
0 0.185 0.5216666666666666 0.04083333333333333 0.045
0 0.23083333333333333 0.5225 0.03833333333333333 0.035
0 0.15833333333333333 0.5283333333333333 0.035833333333333335 0.06
0 0.7425 0.5358333333333334 0.015 0.06833333333333333
0 0.19916666666666666 0.5383333333333333 0.03916666666666667 0.049166666666666664
0 0.2525 0.545 0.019166666666666665 0.06166666666666667
0 0.22 0.545 0.03833333333333333 0.02666666666666667
0 0.755 0.555 0.0175 0.09333333333333334
0 0.15833333333333333 0.5633333333333334 0.041666666666666664 0.041666666666666664
0 0.2725 0.5691666666666667 0.03166666666666667 0.07416666666666667
0 0.18083333333333335 0.5716666666666667 0.024166666666666666 0.025833333333333333
0 0.12583333333333332 0.5733333333333334 0.0375 0.03916666666666667
0 0.10333333333333333 0.5766666666666667 0.030833333333333334 0.0725
0 0.22333333333333333 0.5775 0.030833333333333334 0.041666666666666664
0 0.7275 0.58 0.035 0.03833333333333333
0 0.24583333333333332 0.5808333333333333 0.034166666666666665 0.04083333333333333
0 0.205 0.5858333333333333 0.02666666666666667 0.0575
0 0.7 0.5866666666666667 0.035 0.06666666666666667
0 0.16 0.5883333333333334 0.04 0.03
0 0.13083333333333333 0.6008333333333333 0.035 0.045
0 0.185 0.6041666666666666 0.041666666666666664 0.035833333333333335
0 0.25166666666666665 0.61 0.03833333333333333 0.0375
0 0.14583333333333334 0.6108333333333333 0.035 0.0325
0 0.7375 0.6125 0.02666666666666667 0.05
0 0.23166666666666666 0.6133333333333333 0.0325 0.051666666666666666
0 0.10416666666666667 0.6183333333333333 0.03916666666666667 0.051666666666666666
0 0.7125 0.6225 0.03333333333333333 0.03666666666666667
0 0.17583333333333334 0.6241666666666666 0.030833333333333334 0.03333333333333333
0 0.03916666666666667 0.6241666666666666 0.035 0.09
0 0.13083333333333333 0.6291666666666667 0.035 0.025833333333333333
0 0.2325 0.6341666666666667 0.029166666666666667 0.04666666666666667
0 0.2075 0.6375 0.034166666666666665 0.049166666666666664
0 0.15916666666666668 0.6508333333333334 0.04083333333333333 0.043333333333333335
0 0.12583333333333332 0.6525 0.04 0.04083333333333333
0 0.7666666666666667 0.6575 0.023333333333333334 0.060833333333333336
0 0.2575 0.6625 0.03 0.07416666666666667
0 0.7425 0.6625 0.03666666666666667 0.07083333333333333
0 0.23583333333333334 0.6683333333333333 0.03 0.055
0 0.21166666666666667 0.6716666666666666 0.03 0.07166666666666667
0 0.195 0.6841666666666667 0.03166666666666667 0.08166666666666667
0 0.8366666666666667 0.06416666666666666 0.0175 0.06833333333333333
0 0.17666666666666667 0.6983333333333334 0.03 0.08833333333333333
0 0.2375 0.705 0.035833333333333335 0.055
0 0.7466666666666667 0.7116666666666667 0.023333333333333334 0.07916666666666666
0 0.275 0.7166666666666667 0.0275 0.0825
0 0.375 0.7741666666666667 0.04833333333333333 0.049166666666666664
0 0.405 0.8183333333333334 0.018333333333333333 0.095
0 0.4216666666666667 0.865 0.021666666666666667 0.08333333333333333
0 0.7575 0.945 0.03166666666666667 0.08166666666666667
0 0.5183333333333333 0.9941666666666666 0.034166666666666665 0.010833333333333334
0 0.825 0.09833333333333333 0.02 0.08916666666666667
0 0.8441666666666666 0.13 0.019166666666666665 0.08166666666666667
0 0.8316666666666667 0.13166666666666665 0.015833333333333335 0.055
0 0.8058333333333333 0.16 0.0275 0.07583333333333334
0 0.8283333333333334 0.015833333333333335 0.02 0.030833333333333334
0 0.8166666666666667 0.1875 0.030833333333333334 0.051666666666666666
0 0.8025 0.22916666666666666 0.0175 0.06333333333333334
0 0.815 0.24166666666666667 0.03 0.075
0 0.785 0.24333333333333335 0.020833333333333332 0.08916666666666667
0 0.79 0.29 0.025 0.06583333333333333
0 0.8516666666666667 0.0275 0.024166666666666666 0.05416666666666667
0 0.8725 0.034166666666666665 0.021666666666666667 0.06833333333333333
0 0.2758333333333333 0.4608333333333333 0.04083333333333333 0.055