0 0.30416666666666664 0.5433333333333333 0.03666666666666667 0.03
0 0.3333333333333333 0.5375 0.04583333333333333 0.035833333333333335
0 0.27666666666666667 0.515 0.041666666666666664 0.06
0 0.2475 0.515 0.05 0.041666666666666664
0 0.305 0.5016666666666667 0.0375 0.04833333333333333
0 0.22083333333333333 0.5 0.0225 0.09333333333333334
0 0.32666666666666666 0.4716666666666667 0.049166666666666664 0.035833333333333335
0 0.26666666666666666 0.4675 0.03916666666666667 0.0525
0 0.31333333333333335 0.4483333333333333 0.03666666666666667 0.028333333333333332
0 0.2941666666666667 0.445 0.035 0.05416666666666667
0 0.24916666666666668 0.44333333333333336 0.02666666666666667 0.043333333333333335
0 0.3641666666666667 0.43416666666666665 0.03666666666666667 0.0425
0 0.3333333333333333 0.4275 0.029166666666666667 0.049166666666666664
0 0.2525 0.4125 0.025833333333333333 0.041666666666666664
0 0.42333333333333334 0.9833333333333333 0.03 0.03
0 0.355 0.4 0.045 0.035
0 0.30833333333333335 0.3933333333333333 0.03666666666666667 0.05416666666666667
0 0.295 0.33666666666666667 0.03833333333333333 0.07
0 0.39166666666666666 0.3283333333333333 0.03 0.04416666666666667
0 0.3458333333333333 0.325 0.035 0.035833333333333335
0 0.3225 0.32083333333333336 0.03833333333333333 0.055
0 0.39166666666666666 0.3025 0.04416666666666667 0.05583333333333333
0 0.39916666666666667 0.975 0.034166666666666665 0.03666666666666667
0 0.30833333333333335 0.28583333333333333 0.049166666666666664 0.045
0 0.37333333333333335 0.275 0.0425 0.059166666666666666
0 0.4141666666666667 0.2625 0.05 0.050833333333333335
0 0.36916666666666664 0.9708333333333333 0.034166666666666665 0.051666666666666666
0 0.35083333333333333 0.25416666666666665 0.035833333333333335 0.07166666666666667
0 0.43666666666666665 0.23 0.0425 0.035
0 0.3458333333333333 0.21166666666666667 0.019166666666666665 0.06166666666666667
0 0.3233333333333333 0.20083333333333334 0.025833333333333333 0.08916666666666667
0 0.36 0.20083333333333334 0.02666666666666667 0.0625
0 0.8416666666666667 0.1225 0.05 0.05416666666666667
0 0.8341666666666666 0.10833333333333334 0.04666666666666667 0.06666666666666667
0 0.8133333333333334 0.10666666666666667 0.020833333333333332 0.03166666666666667
0 0.4216666666666667 0.9558333333333333 0.03 0.043333333333333335
0 0.33416666666666667 0.9541666666666667 0.03833333333333333 0.045
0 0.395 0.9516666666666667 0.043333333333333335 0.0475
0 0.38666666666666666 0.9408333333333333 0.03916666666666667 0.045
0 0.38083333333333336 0.9275 0.030833333333333334 0.045
0 0.36333333333333334 0.9266666666666666 0.03833333333333333 0.06166666666666667
0 0.3475 0.9233333333333333 0.045 0.04583333333333333
0 0.3383333333333333 0.8908333333333334 0.0375 0.06833333333333333
0 0.3225 0.89 0.03833333333333333 0.0575
0 0.37083333333333335 0.885 0.04083333333333333 0.04583333333333333
0 0.8508333333333333 0.775 0.05416666666666667 0.05333333333333334
0 0.39 0.7241666666666666 0.03333333333333333 0.07583333333333334
0 0.36583333333333334 0.6966666666666667 0.023333333333333334 0.07833333333333334
0 0.35083333333333333 0.69 0.02 0.06416666666666666
0 0.3325 0.6533333333333333 0.025833333333333333 0.06583333333333333
0 0.31333333333333335 0.6416666666666667 0.02 0.0725
0 0.3425 0.6391666666666667 0.029166666666666667 0.05
0 0.8025 0.6375 0.0225 0.0775
0 0.81 0.6233333333333333 0.016666666666666666 0.04416666666666667
0 0.32 0.6075 0.0375 0.035833333333333335
0 0.35083333333333333 0.6008333333333333 0.028333333333333332 0.058333333333333334
0 0.32416666666666666 0.5916666666666667 0.034166666666666665 0.023333333333333334
0 0.785 0.5775 0.03833333333333333 0.065
0 0.7641666666666667 0.575 0.050833333333333335 0.059166666666666666
0 0.31416666666666665 0.5716666666666667 0.0425 0.029166666666666667
0 0.28583333333333333 0.5675 0.03166666666666667 0.0675
0 0.265 0.565 0.035 0.059166666666666666
0 0.33166666666666667 0.5608333333333333 0.03833333333333333 0.035