0 0.8783333333333333 0.5341666666666667 0.025833333333333333 0.07416666666666667
0 0.9158333333333334 0.5025 0.0325 0.0675
0 0.9008333333333334 0.49833333333333335 0.0325 0.05333333333333334
0 0.94 0.4925 0.03333333333333333 0.07083333333333333
0 0.9783333333333334 0.48083333333333333 0.0425 0.035833333333333335
0 0.8675 0.43333333333333335 0.04083333333333333 0.04416666666666667
0 0.8575 0.37583333333333335 0.03333333333333333 0.0625
0 0.8516666666666667 0.3233333333333333 0.024166666666666666 0.059166666666666666
0 0.19666666666666666 0.9508333333333333 0.03333333333333333 0.04666666666666667
0 0.15333333333333332 0.95 0.0425 0.06
0 0.7083333333333334 0.30333333333333334 0.025833333333333333 0.06833333333333333
0 0.8391666666666666 0.30083333333333334 0.023333333333333334 0.07333333333333333
0 0.8683333333333333 0.2975 0.019166666666666665 0.065
0 0.8791666666666667 0.2975 0.028333333333333332 0.08833333333333333
0 0.69 0.2725 0.03833333333333333 0.025
0 0.8491666666666666 0.2708333333333333 0.021666666666666667 0.06333333333333334
0 0.8258333333333333 0.2608333333333333 0.013333333333333334 0.041666666666666664
0 0.7091666666666666 0.25916666666666666 0.03333333333333333 0.028333333333333332
0 0.8591666666666666 0.25583333333333336 0.020833333333333332 0.04083333333333333
0 0.8341666666666666 0.235 0.02 0.04
0 0.695 0.23333333333333334 0.03166666666666667 0.02666666666666667
0 0.7183333333333334 0.22833333333333333 0.025833333333333333 0.043333333333333335
0 0.8125 0.22583333333333333 0.020833333333333332 0.056666666666666664
0 0.8466666666666667 0.22333333333333333 0.025 0.06
0 0.7416666666666667 0.22166666666666668 0.025 0.0675
0 0.7616666666666667 0.21 0.03333333333333333 0.0725
0 0.825 0.21 0.020833333333333332 0.0675
0 0.8316666666666667 0.16916666666666666 0.021666666666666667 0.058333333333333334
0 0.805 0.16833333333333333 0.024166666666666666 0.06666666666666667
0 0.815 0.15 0.020833333333333332 0.058333333333333334
0 0.6458333333333334 0.14833333333333334 0.041666666666666664 0.06166666666666667
0 0.7716666666666666 0.13166666666666665 0.0425 0.049166666666666664
0 0.8041666666666667 0.12666666666666668 0.024166666666666666 0.059166666666666666
0 0.7833333333333333 0.10916666666666666 0.03 0.059166666666666666
0 0.8066666666666666 0.10083333333333333 0.04583333333333333 0.05
0 0.7475 0.07 0.0475 0.058333333333333334
0 0.7733333333333333 0.06416666666666666 0.0375 0.04083333333333333
0 0.7383333333333333 0.034166666666666665 0.0325 0.0375
0 0.2225 0.9216666666666666 0.02 0.050833333333333335
0 0.7075 0.02666666666666667 0.03333333333333333 0.051666666666666666
0 0.24583333333333332 0.9116666666666666 0.018333333333333333 0.07583333333333334
0 0.16416666666666666 0.91 0.035833333333333335 0.0725
0 0.1425 0.9058333333333334 0.02666666666666667 0.06166666666666667
0 0.11916666666666667 0.8975 0.028333333333333332 0.058333333333333334
0 0.34833333333333333 0.9941666666666666 0.016666666666666666 0.008333333333333333
0 0.23583333333333334 0.86 0.0225 0.06666666666666667
0 0.1 0.8433333333333334 0.0275 0.065
0 0.22083333333333333 0.8383333333333334 0.025833333333333333 0.0975
0 0.16583333333333333 0.8341666666666666 0.03 0.06916666666666667
0 0.2125 0.8241666666666667 0.024166666666666666 0.05583333333333333
0 0.18416666666666667 0.8216666666666667 0.0225 0.09166666666666666
0 0.2 0.7941666666666667 0.021666666666666667 0.04833333333333333
0 0.24416666666666667 0.7933333333333333 0.03333333333333333 0.07666666666666666
0 0.7133333333333334 0.7716666666666666 0.04083333333333333 0.0525
0 0.5725 0.7708333333333334 0.03833333333333333 0.056666666666666664
0 0.20666666666666667 0.7541666666666667 0.0225 0.05416666666666667
0 0.22583333333333333 0.7525 0.018333333333333333 0.0625
0 0.24416666666666667 0.7525 0.034166666666666665 0.07416666666666667
0 0.2025 0.7258333333333333 0.024166666666666666 0.05
0 0.24083333333333334 0.7125 0.023333333333333334 0.0725
0 0.2525 0.7 0.02 0.04416666666666667
0 0.2075 0.6941666666666667 0.04083333333333333 0.04666666666666667
0 0.21666666666666667 0.6641666666666667 0.035 0.05
0 0.25333333333333335 0.655 0.04833333333333333 0.0325
0 0.24583333333333332 0.6275 0.04833333333333333 0.030833333333333334
0 0.24583333333333332 0.9766666666666667 0.028333333333333332 0.043333333333333335
0 0.8983333333333333 0.5841666666666666 0.02666666666666667 0.06666666666666667
0 0.78 0.5725 0.04 0.065
0 0.9191666666666667 0.5483333333333333 0.021666666666666667 0.058333333333333334