0 0.3925 0.0775 0.055 0.14416666666666667
0 0.3233333333333333 0.17166666666666666 0.0575 0.13166666666666665
0 0.5275 0.2025 0.056666666666666664 0.13416666666666666
0 0.37666666666666665 0.2725 0.058333333333333334 0.11833333333333333
0 0.6725 0.29 0.05416666666666667 0.14583333333333334
0 0.39666666666666667 0.32083333333333336 0.06 0.12833333333333333
0 0.64 0.3408333333333333 0.0475 0.1375
0 0.48083333333333333 0.34833333333333333 0.050833333333333335 0.14916666666666667
0 0.5825 0.35 0.045 0.14333333333333334
0 0.7791666666666667 0.35083333333333333 0.04833333333333333 0.15333333333333332
0 0.7275 0.355 0.0525 0.14416666666666667
0 0.425 0.3616666666666667 0.04416666666666667 0.145
0 0.61 0.41083333333333333 0.04666666666666667 0.13916666666666666