0 0.6366666666666667 0.5416666666666666 0.03833333333333333 0.0275
0 0.5483333333333333 0.5408333333333334 0.035 0.045
0 0.7808333333333334 0.5408333333333334 0.02 0.08166666666666667
0 0.57 0.5358333333333334 0.04083333333333333 0.04666666666666667
0 0.6033333333333334 0.5241666666666667 0.049166666666666664 0.03166666666666667
0 0.8008333333333333 0.5241666666666667 0.024166666666666666 0.06416666666666666
0 0.4766666666666667 0.5225 0.04 0.05583333333333333
0 0.5108333333333334 0.5225 0.041666666666666664 0.028333333333333332
0 0.8175 0.5158333333333334 0.03 0.08166666666666667
0 0.6716666666666666 0.5133333333333333 0.051666666666666666 0.03166666666666667
0 0.44 0.5125 0.02666666666666667 0.06333333333333334
0 0.5208333333333334 0.5066666666666667 0.04833333333333333 0.030833333333333334
0 0.465 0.5025 0.03333333333333333 0.04416666666666667
0 0.6541666666666667 0.4891666666666667 0.04833333333333333 0.03916666666666667
0 0.6916666666666667 0.4825 0.04 0.03833333333333333
0 0.45416666666666666 0.4675 0.018333333333333333 0.07583333333333334
0 0.49916666666666665 0.4658333333333333 0.03666666666666667 0.04666666666666667
0 0.4766666666666667 0.4633333333333333 0.03916666666666667 0.05583333333333333
0 0.53 0.46166666666666667 0.035 0.051666666666666666
0 0.695 0.4533333333333333 0.03916666666666667 0.051666666666666666
0 0.5083333333333333 0.42916666666666664 0.03833333333333333 0.06833333333333333
0 0.4741666666666667 0.42583333333333334 0.030833333333333334 0.0725
0 0.765 0.42 0.021666666666666667 0.04666666666666667
0 0.705 0.4075 0.035 0.0675
0 0.4675 0.4025 0.035 0.060833333333333336
0 0.4975 0.4025 0.024166666666666666 0.060833333333333336
0 0.7241666666666666 0.3858333333333333 0.025833333333333333 0.08833333333333333
0 0.6966666666666667 0.38416666666666666 0.0225 0.0925
0 0.5208333333333334 0.37666666666666665 0.03166666666666667 0.0575
0 0.4575 0.37416666666666665 0.035 0.055
0 0.5033333333333333 0.3641666666666667 0.03666666666666667 0.06583333333333333
0 0.4766666666666667 0.3375 0.02 0.08666666666666667
0 0.49583333333333335 0.31416666666666665 0.025833333333333333 0.09083333333333334
0 0.46166666666666667 0.295 0.019166666666666665 0.085
0 0.4866666666666667 0.2866666666666667 0.0175 0.08833333333333333
0 0.44583333333333336 0.28583333333333333 0.019166666666666665 0.08416666666666667
0 0.4716666666666667 0.26 0.018333333333333333 0.0675
0 0.45916666666666667 0.225 0.016666666666666666 0.06583333333333333
0 0.4825 0.21666666666666667 0.016666666666666666 0.07666666666666666
0 0.44083333333333335 0.1975 0.023333333333333334 0.0725
0 0.4666666666666667 0.1875 0.0175 0.085
0 0.9641666666666666 0.043333333333333335 0.05 0.035833333333333335
0 0.5333333333333333 0.9041666666666667 0.024166666666666666 0.07666666666666666
0 0.5333333333333333 0.8591666666666666 0.023333333333333334 0.049166666666666664
0 0.5141666666666667 0.8308333333333333 0.0325 0.08
0 0.555 0.8308333333333333 0.029166666666666667 0.065
0 0.3908333333333333 0.815 0.035 0.03833333333333333
0 0.36083333333333334 0.8033333333333333 0.051666666666666666 0.0475
0 0.54 0.8025 0.020833333333333332 0.0725
0 0.43833333333333335 0.7966666666666666 0.03166666666666667 0.028333333333333332
0 0.4058333333333333 0.7858333333333334 0.041666666666666664 0.045
0 0.5725 0.7833333333333333 0.03916666666666667 0.035
0 0.36 0.7758333333333334 0.034166666666666665 0.03666666666666667
0 0.40166666666666667 0.7725 0.04083333333333333 0.0575
0 0.455 0.7691666666666667 0.0425 0.035833333333333335
0 0.3333333333333333 0.7675 0.0375 0.03666666666666667
0 0.4866666666666667 0.7583333333333333 0.04083333333333333 0.05583333333333333
0 0.5733333333333334 0.755 0.04416666666666667 0.059166666666666666
0 0.44 0.745 0.041666666666666664 0.03
0 0.37 0.74 0.034166666666666665 0.0475
0 0.3983333333333333 0.74 0.030833333333333334 0.08
0 0.5716666666666667 0.7333333333333333 0.03666666666666667 0.060833333333333336
0 0.4225 0.7308333333333333 0.03916666666666667 0.034166666666666665
0 0.4583333333333333 0.7266666666666667 0.0425 0.034166666666666665
0 0.6083333333333333 0.7216666666666667 0.03916666666666667 0.03333333333333333
0 0.42916666666666664 0.7133333333333334 0.03666666666666667 0.02666666666666667
0 0.5 0.7091666666666666 0.04416666666666667 0.03916666666666667
0 0.4633333333333333 0.7075 0.04083333333333333 0.030833333333333334
0 0.5383333333333333 0.7066666666666667 0.04416666666666667 0.035
0 0.435 0.69 0.04416666666666667 0.04
0 0.4766666666666667 0.6866666666666666 0.041666666666666664 0.030833333333333334
0 0.54 0.6816666666666666 0.0475 0.04
0 0.5091666666666667 0.6775 0.043333333333333335 0.0375
0 0.7458333333333333 0.6741666666666667 0.0425 0.056666666666666664
0 0.435 0.6583333333333333 0.04416666666666667 0.034166666666666665
0 0.4716666666666667 0.6566666666666666 0.034166666666666665 0.035
0 0.535 0.655 0.049166666666666664 0.029166666666666667
0 0.7458333333333333 0.6358333333333334 0.03333333333333333 0.0775
0 0.4083333333333333 0.6325 0.030833333333333334 0.0725
0 0.9866666666666667 0.6325 0.023333333333333334 0.085
0 0.47 0.63 0.055 0.03666666666666667
0 0.43833333333333335 0.62 0.03916666666666667 0.043333333333333335
0 0.475 0.6083333333333333 0.04083333333333333 0.035
0 0.5108333333333334 0.6041666666666666 0.03833333333333333 0.029166666666666667
0 0.7741666666666667 0.6016666666666667 0.021666666666666667 0.0725
0 0.5208333333333334 0.59 0.04416666666666667 0.03833333333333333
0 0.6341666666666667 0.59 0.0425 0.043333333333333335
0 0.44166666666666665 0.58 0.049166666666666664 0.0475
0 0.485 0.58 0.04833333333333333 0.035833333333333335
0 0.795 0.5775 0.03 0.06916666666666667
0 0.4175 0.5758333333333333 0.03166666666666667 0.060833333333333336
0 0.5308333333333334 0.5733333333333334 0.04666666666666667 0.0375
0 0.6116666666666667 0.555 0.056666666666666664 0.049166666666666664
0 0.44333333333333336 0.5533333333333333 0.035 0.059166666666666666
0 0.49083333333333334 0.55 0.050833333333333335 0.051666666666666666
0 0.5325 0.55 0.041666666666666664 0.035833333333333335
0 0.4683333333333333 0.55 0.023333333333333334 0.0475
0 0.675 0.5466666666666666 0.04666666666666667 0.0375