0 0.4683333333333333 0.3491666666666667 0.05 0.14833333333333334
0 0.535 0.255 0.059166666666666666 0.14
0 0.11916666666666667 0.24333333333333335 0.0525 0.145
0 0.34 0.215 0.04416666666666667 0.13
0 0.43083333333333335 0.205 0.050833333333333335 0.1475
0 0.4708333333333333 0.175 0.05583333333333333 0.12583333333333332
0 0.2125 0.17166666666666666 0.035833333333333335 0.14333333333333334
0 0.29 0.15416666666666667 0.04833333333333333 0.14833333333333334
0 0.25 0.14416666666666667 0.03833333333333333 0.14333333333333334
0 0.1575 0.08916666666666667 0.05583333333333333 0.13333333333333333
0 0.38416666666666666 0.08166666666666667 0.04583333333333333 0.1475
0 0.44333333333333336 0.07 0.04583333333333333 0.13166666666666665
0 0.25166666666666665 0.041666666666666664 0.05 0.08166666666666667
0 0.6775 0.8241666666666667 0.04583333333333333 0.13666666666666666
0 0.5883333333333334 0.6191666666666666 0.043333333333333335 0.14916666666666667