0 0.4475 0.8291666666666667 0.0375 0.07416666666666667
0 0.6175 0.785 0.04 0.06916666666666667
0 0.64 0.7841666666666667 0.03666666666666667 0.0575
0 0.445 0.7791666666666667 0.023333333333333334 0.06416666666666666
0 0.485 0.7658333333333334 0.04083333333333333 0.06416666666666666
0 0.43333333333333335 0.7541666666666667 0.016666666666666666 0.06666666666666667
0 0.675 0.7441666666666666 0.04583333333333333 0.03916666666666667
0 0.6541666666666667 0.7433333333333333 0.034166666666666665 0.04833333333333333
0 0.4525 0.7375 0.0325 0.030833333333333334
0 0.7175 0.7233333333333334 0.045 0.050833333333333335
0 0.6191666666666666 0.7208333333333333 0.0325 0.08
0 0.475 0.7133333333333334 0.04833333333333333 0.041666666666666664
0 0.6875 0.69 0.034166666666666665 0.04833333333333333
0 0.4033333333333333 0.6891666666666667 0.04083333333333333 0.06333333333333334
0 0.55 0.6891666666666667 0.034166666666666665 0.06916666666666667
0 0.61 0.6258333333333334 0.018333333333333333 0.05333333333333334
0 0.6025 0.6158333333333333 0.02 0.07416666666666667
0 0.9808333333333333 0.5566666666666666 0.035 0.08333333333333333