0 0.6108333333333333 0.5541666666666667 0.0225 0.085
0 0.45916666666666667 0.9908333333333333 0.03916666666666667 0.0175
0 0.4583333333333333 0.5516666666666666 0.025833333333333333 0.0675
0 0.5825 0.5508333333333333 0.020833333333333332 0.08083333333333333
0 0.4525 0.53 0.015833333333333335 0.07833333333333334
0 0.5883333333333334 0.5266666666666666 0.019166666666666665 0.085
0 0.44 0.5225 0.021666666666666667 0.08416666666666667
0 0.4766666666666667 0.52 0.015 0.05583333333333333
0 0.4266666666666667 0.52 0.024166666666666666 0.0625
0 0.49416666666666664 0.515 0.018333333333333333 0.0875
0 0.5641666666666667 0.5125 0.035 0.041666666666666664
0 0.6241666666666666 0.5108333333333334 0.018333333333333333 0.0825
0 0.6341666666666667 0.51 0.025 0.07916666666666666
0 0.6108333333333333 0.5041666666666667 0.020833333333333332 0.08583333333333333
0 0.4166666666666667 0.9791666666666666 0.029166666666666667 0.04083333333333333
0 0.5975 0.4925 0.025833333333333333 0.06333333333333334
0 0.41 0.49083333333333334 0.024166666666666666 0.07583333333333334
0 0.4625 0.4825 0.020833333333333332 0.07333333333333333
0 0.5616666666666666 0.48083333333333333 0.034166666666666665 0.059166666666666666
0 0.4216666666666667 0.47583333333333333 0.024166666666666666 0.060833333333333336
0 0.4875 0.4716666666666667 0.018333333333333333 0.08083333333333333
0 0.44 0.4675 0.02 0.07583333333333334
0 0.4508333333333333 0.46416666666666667 0.0225 0.0875
0 0.5791666666666667 0.4558333333333333 0.025833333333333333 0.0775
0 0.4741666666666667 0.455 0.021666666666666667 0.08083333333333333
0 0.5966666666666667 0.45166666666666666 0.02 0.07166666666666667
0 0.42583333333333334 0.9883333333333333 0.020833333333333332 0.0225
0 0.42583333333333334 0.4483333333333333 0.018333333333333333 0.08083333333333333
0 0.5566666666666666 0.4425 0.025 0.08166666666666667
0 0.8533333333333334 0.43833333333333335 0.0375 0.065
0 0.87 0.4375 0.03916666666666667 0.049166666666666664
0 0.61 0.435 0.02 0.0875
0 0.4083333333333333 0.435 0.014166666666666666 0.050833333333333335
0 0.495 0.43083333333333335 0.030833333333333334 0.0775
0 0.5833333333333334 0.42583333333333334 0.018333333333333333 0.085
0 0.4766666666666667 0.4225 0.023333333333333334 0.05583333333333333
0 0.42083333333333334 0.4141666666666667 0.018333333333333333 0.07583333333333334
0 0.37666666666666665 0.4083333333333333 0.024166666666666666 0.07916666666666666
0 0.395 0.4083333333333333 0.0225 0.08416666666666667
0 0.5333333333333333 0.4033333333333333 0.03166666666666667 0.07833333333333334
0 0.57 0.40166666666666667 0.0225 0.06333333333333334
0 0.5558333333333333 0.40166666666666667 0.023333333333333334 0.07916666666666666
0 0.4766666666666667 0.37916666666666665 0.019166666666666665 0.07833333333333334
0 0.405 0.37166666666666665 0.020833333333333332 0.08833333333333333
0 0.42083333333333334 0.35833333333333334 0.018333333333333333 0.08083333333333333
0 0.38 0.35583333333333333 0.019166666666666665 0.0875
0 0.49083333333333334 0.3525 0.0225 0.08416666666666667
0 0.3933333333333333 0.35083333333333333 0.0175 0.0875
0 0.36333333333333334 0.34 0.02 0.08083333333333333
0 0.4091666666666667 0.3283333333333333 0.02 0.08166666666666667
0 0.7941666666666667 0.31166666666666665 0.04083333333333333 0.04083333333333333
0 0.4558333333333333 0.9766666666666667 0.04083333333333333 0.043333333333333335
0 0.38666666666666666 0.3016666666666667 0.02 0.07083333333333333
0 0.375 0.29333333333333333 0.021666666666666667 0.0775
0 0.36 0.28833333333333333 0.023333333333333334 0.07916666666666666
0 0.3591666666666667 0.24916666666666668 0.0175 0.065
0 0.4766666666666667 0.97 0.04833333333333333 0.03333333333333333
0 0.9425 0.23666666666666666 0.03166666666666667 0.051666666666666666
0 0.38416666666666666 0.9675 0.03166666666666667 0.06166666666666667
0 0.9416666666666667 0.20416666666666666 0.02666666666666667 0.07166666666666667
0 0.4191666666666667 0.9625 0.03833333333333333 0.056666666666666664
0 0.37583333333333335 0.07916666666666666 0.0225 0.09166666666666666
0 0.44083333333333335 0.9466666666666667 0.03333333333333333 0.035833333333333335
0 0.4816666666666667 0.9441666666666667 0.049166666666666664 0.03833333333333333
0 0.5191666666666667 0.9325 0.030833333333333334 0.06166666666666667
0 0.35333333333333333 0.9241666666666667 0.03166666666666667 0.035833333333333335
0 0.37583333333333335 0.9233333333333333 0.0325 0.06
0 0.48 0.9125 0.0425 0.0725
0 0.45916666666666667 0.9116666666666666 0.03666666666666667 0.059166666666666666
0 0.5016666666666667 0.91 0.0225 0.04833333333333333
0 0.3441666666666667 0.9025 0.04083333333333333 0.03333333333333333
0 0.5183333333333333 0.9016666666666666 0.034166666666666665 0.05416666666666667
0 0.8383333333333334 0.8966666666666666 0.04 0.07583333333333334
0 0.3516666666666667 0.8808333333333334 0.035 0.030833333333333334
0 0.33 0.8775 0.0475 0.05416666666666667
0 0.8625 0.855 0.034166666666666665 0.07333333333333333
0 0.5233333333333333 0.855 0.03333333333333333 0.07333333333333333
0 0.5441666666666667 0.8441666666666666 0.03333333333333333 0.0725
0 0.6408333333333334 0.7975 0.03333333333333333 0.06833333333333333
0 0.6533333333333333 0.7966666666666666 0.03916666666666667 0.06666666666666667
0 0.5625 0.7775 0.029166666666666667 0.07833333333333334
0 0.6408333333333334 0.7658333333333334 0.0275 0.0725
0 0.5883333333333334 0.7591666666666667 0.030833333333333334 0.06
0 0.6816666666666666 0.7541666666666667 0.0275 0.0575
0 0.6658333333333334 0.7516666666666667 0.02666666666666667 0.055
0 0.55 0.7275 0.0225 0.09416666666666666
0 0.6633333333333333 0.7266666666666667 0.025833333333333333 0.06333333333333334
0 0.6033333333333334 0.7125 0.024166666666666666 0.058333333333333334
0 0.5841666666666666 0.6891666666666667 0.028333333333333332 0.09083333333333334
0 0.6166666666666667 0.6791666666666667 0.014166666666666666 0.043333333333333335
0 0.6058333333333333 0.6741666666666667 0.029166666666666667 0.07583333333333334
0 0.9258333333333333 0.665 0.024166666666666666 0.045
0 0.5558333333333333 0.6616666666666666 0.02 0.07833333333333334
0 0.385 0.985 0.02 0.02666666666666667
0 0.6233333333333333 0.625 0.015 0.0675
0 0.6075 0.6241666666666666 0.028333333333333332 0.07083333333333333
0 0.6358333333333334 0.6108333333333333 0.019166666666666665 0.08666666666666667
0 0.6041666666666666 0.6091666666666666 0.021666666666666667 0.0775
0 0.5675 0.5966666666666667 0.025833333333333333 0.07916666666666666
0 0.5508333333333333 0.5908333333333333 0.034166666666666665 0.07833333333333334
0 0.5741666666666667 0.5716666666666667 0.024166666666666666 0.09833333333333333
0 0.595 0.5666666666666667 0.020833333333333332 0.0775