0 0.4675 0.46416666666666667 0.0275 0.08
0 0.45 0.49583333333333335 0.025 0.085
0 0.43666666666666665 0.545 0.03333333333333333 0.07083333333333333
0 0.41083333333333333 0.5975 0.018333333333333333 0.08166666666666667
0 0.39916666666666667 0.6141666666666666 0.0225 0.09
0 0.37166666666666665 0.6391666666666667 0.03 0.08416666666666667
0 0.5025 0.77 0.025833333333333333 0.095
0 0.6591666666666667 0.7775 0.056666666666666664 0.05333333333333334
0 0.4483333333333333 0.8233333333333334 0.025 0.09833333333333333
0 0.43583333333333335 0.8416666666666667 0.015833333333333335 0.06916666666666667
0 0.0425 0.8908333333333334 0.045 0.09
0 0.5641666666666667 0.2625 0.03166666666666667 0.07916666666666666
0 0.555 0.30916666666666665 0.016666666666666666 0.08416666666666667
0 0.5425 0.31083333333333335 0.021666666666666667 0.07916666666666666
0 0.4508333333333333 0.3516666666666667 0.04666666666666667 0.03916666666666667
0 0.5375 0.3591666666666667 0.025833333333333333 0.09166666666666666
0 0.415 0.36333333333333334 0.050833333333333335 0.05583333333333333
0 0.44 0.385 0.0475 0.034166666666666665
0 0.4741666666666667 0.3858333333333333 0.04083333333333333 0.05583333333333333
0 0.4633333333333333 0.4216666666666667 0.0375 0.043333333333333335
0 0.545 0.4266666666666667 0.021666666666666667 0.07166666666666667