0 0.3416666666666667 0.5316666666666666 0.07 0.06916666666666667
0 0.4033333333333333 0.5208333333333334 0.0375 0.11083333333333334
0 0.15583333333333332 0.4975 0.07 0.0825
0 0.34 0.44416666666666665 0.06916666666666667 0.07333333333333333
0 0.425 0.43666666666666665 0.0725 0.0525
0 0.4266666666666667 0.21916666666666668 0.06333333333333334 0.06916666666666667
0 0.3575 0.11833333333333333 0.03666666666666667 0.12166666666666667
0 0.095 0.09666666666666666 0.045 0.11666666666666667
0 0.7875 0.06 0.03916666666666667 0.11916666666666667
0 0.18833333333333332 0.6516666666666666 0.0575 0.10416666666666667
0 0.24333333333333335 0.5683333333333334 0.05 0.10916666666666666
0 0.6183333333333333 0.5341666666666667 0.049166666666666664 0.11333333333333333