0 0.21916666666666668 0.4575 0.02 0.07666666666666666
0 0.365 0.015 0.04666666666666667 0.03
0 0.5391666666666667 0.47583333333333333 0.043333333333333335 0.043333333333333335
0 0.1925 0.48083333333333333 0.01 0.055
0 0.205 0.48083333333333333 0.02 0.08666666666666667
0 0.31166666666666665 0.485 0.02666666666666667 0.08583333333333333
0 0.16916666666666666 0.49416666666666664 0.03916666666666667 0.07166666666666667
0 0.5766666666666667 0.49666666666666665 0.03833333333333333 0.04666666666666667
0 0.57 0.5125 0.03916666666666667 0.04083333333333333
0 0.3308333333333333 0.5166666666666667 0.019166666666666665 0.055
0 0.35 0.5333333333333333 0.024166666666666666 0.060833333333333336
0 0.32666666666666666 0.5591666666666667 0.025833333333333333 0.05
0 0.37083333333333335 0.56 0.0225 0.0325
0 0.3525 0.5675 0.0275 0.05333333333333334
0 0.3933333333333333 0.5825 0.025833333333333333 0.06166666666666667
0 0.37 0.59 0.021666666666666667 0.045
0 0.3458333333333333 0.5975 0.016666666666666666 0.04583333333333333
0 0.38416666666666666 0.6066666666666667 0.029166666666666667 0.058333333333333334
0 0.365 0.61 0.025833333333333333 0.050833333333333335
0 0.4166666666666667 0.6233333333333333 0.03 0.056666666666666664
0 0.48583333333333334 0.6241666666666666 0.03333333333333333 0.051666666666666666
0 0.5041666666666667 0.6266666666666667 0.0275 0.0475
0 0.3908333333333333 0.6408333333333334 0.02666666666666667 0.0575
0 0.46 0.6416666666666667 0.030833333333333334 0.049166666666666664
0 0.5258333333333334 0.645 0.0225 0.05416666666666667
0 0.37333333333333335 0.6491666666666667 0.035833333333333335 0.04083333333333333
0 0.4066666666666667 0.6508333333333334 0.019166666666666665 0.0625
0 0.44916666666666666 0.6541666666666667 0.035 0.0425
0 0.43 0.6616666666666666 0.035 0.043333333333333335
0 0.5 0.6658333333333334 0.045 0.043333333333333335
0 0.525 0.6758333333333333 0.030833333333333334 0.049166666666666664
0 0.4725 0.6875 0.04666666666666667 0.043333333333333335
0 0.5475 0.6916666666666667 0.018333333333333333 0.065
0 0.43666666666666665 0.6916666666666667 0.045 0.035
0 0.5475 0.7358333333333333 0.0275 0.059166666666666666
0 0.565 0.7425 0.016666666666666666 0.07583333333333334
0 0.33 0.24166666666666667 0.028333333333333332 0.04083333333333333
0 0.3525 0.24666666666666667 0.0225 0.03166666666666667
0 0.2575 0.3983333333333333 0.021666666666666667 0.06833333333333333
0 0.22166666666666668 0.40166666666666667 0.020833333333333332 0.065
0 0.23833333333333334 0.4225 0.023333333333333334 0.0825
0 0.20166666666666666 0.42333333333333334 0.0175 0.06
0 0.26916666666666667 0.4483333333333333 0.03916666666666667 0.03833333333333333