0 0.43333333333333335 0.4608333333333333 0.024166666666666666 0.06916666666666667
0 0.44166666666666665 0.46416666666666667 0.019166666666666665 0.050833333333333335
0 0.4708333333333333 0.4741666666666667 0.018333333333333333 0.0725
0 0.4575 0.475 0.016666666666666666 0.06
0 0.5025 0.47833333333333333 0.015 0.075
0 0.47833333333333333 0.49 0.024166666666666666 0.075
0 0.4425 0.49916666666666665 0.025 0.07583333333333334
0 0.45166666666666666 0.5175 0.025833333333333333 0.0625
0 0.48583333333333334 0.525 0.023333333333333334 0.0825
0 0.41833333333333333 0.5516666666666666 0.020833333333333332 0.0775
0 0.4691666666666667 0.5533333333333333 0.024166666666666666 0.06666666666666667
0 0.4525 0.5608333333333333 0.024166666666666666 0.0825
0 0.4375 0.5941666666666666 0.019166666666666665 0.08
0 0.48583333333333334 0.6041666666666666 0.029166666666666667 0.07666666666666666
0 0.4558333333333333 0.6133333333333333 0.021666666666666667 0.07333333333333333
0 0.48833333333333334 0.6308333333333334 0.020833333333333332 0.08333333333333333
0 0.4683333333333333 0.6316666666666667 0.018333333333333333 0.07333333333333333
0 0.5 0.6566666666666666 0.0225 0.07583333333333334
0 0.45666666666666667 0.6608333333333334 0.016666666666666666 0.08916666666666667
0 0.4766666666666667 0.6633333333333333 0.013333333333333334 0.058333333333333334
0 0.4691666666666667 0.7133333333333334 0.0275 0.06416666666666666
0 0.43583333333333335 0.7275 0.025 0.09
0 0.48833333333333334 0.7316666666666667 0.04 0.05333333333333334
0 0.4033333333333333 0.7583333333333333 0.04083333333333333 0.06416666666666666
0 0.38333333333333336 0.8008333333333333 0.03 0.07916666666666666
0 0.4708333333333333 0.19083333333333333 0.025 0.07916666666666666
0 0.5 0.22416666666666665 0.019166666666666665 0.08916666666666667
0 0.5091666666666667 0.25916666666666666 0.015 0.0575
0 0.4891666666666667 0.2608333333333333 0.015 0.07166666666666667
0 0.5 0.2991666666666667 0.015833333333333335 0.07666666666666666
0 0.4891666666666667 0.31416666666666665 0.015833333333333335 0.07833333333333334
0 0.5108333333333334 0.32416666666666666 0.025833333333333333 0.07916666666666666
0 0.48833333333333334 0.3675 0.023333333333333334 0.06833333333333333
0 0.5 0.39166666666666666 0.019166666666666665 0.07333333333333333
0 0.44 0.39916666666666667 0.020833333333333332 0.058333333333333334
0 0.42916666666666664 0.40166666666666667 0.021666666666666667 0.065
0 0.4683333333333333 0.4058333333333333 0.015 0.07333333333333333
0 0.4841666666666667 0.42083333333333334 0.018333333333333333 0.0775
0 0.5066666666666667 0.4216666666666667 0.015833333333333335 0.07083333333333333
0 0.46166666666666667 0.4241666666666667 0.0175 0.0775
0 0.4525 0.425 0.014166666666666666 0.07333333333333333
0 0.49333333333333335 0.4533333333333333 0.015 0.060833333333333336