0 0.7508333333333334 0.9633333333333334 0.021666666666666667 0.07
0 0.38083333333333336 0.30666666666666664 0.035 0.03333333333333333
0 0.41333333333333333 0.3025 0.0425 0.035833333333333335
0 0.6783333333333333 0.28 0.0325 0.07833333333333334
0 0.43333333333333335 0.27666666666666667 0.035833333333333335 0.045
0 0.3441666666666667 0.27666666666666667 0.034166666666666665 0.0475
0 0.36916666666666664 0.2758333333333333 0.035 0.03
0 0.4033333333333333 0.275 0.041666666666666664 0.030833333333333334
0 0.4625 0.2733333333333333 0.0425 0.051666666666666666
0 0.38666666666666666 0.25833333333333336 0.035 0.03166666666666667
0 0.41833333333333333 0.25 0.0425 0.0275
0 0.37 0.24333333333333335 0.03916666666666667 0.03833333333333333
0 0.565 0.23333333333333334 0.0275 0.06833333333333333
0 0.3475 0.22916666666666666 0.030833333333333334 0.035
0 0.3275 0.22833333333333333 0.035 0.0575
0 0.6608333333333334 0.21666666666666667 0.018333333333333333 0.07833333333333334
0 0.3875 0.215 0.04083333333333333 0.035833333333333335
0 0.36 0.20666666666666667 0.035 0.03666666666666667
0 0.3233333333333333 0.19833333333333333 0.03333333333333333 0.04
0 0.645 0.17916666666666667 0.025833333333333333 0.085
0 0.3233333333333333 0.17666666666666667 0.0325 0.05
0 0.3433333333333333 0.17583333333333334 0.04416666666666667 0.041666666666666664
0 0.7658333333333334 0.9266666666666666 0.028333333333333332 0.0875
0 0.7908333333333334 0.8716666666666667 0.02666666666666667 0.07083333333333333
0 0.7908333333333334 0.8233333333333334 0.03333333333333333 0.07666666666666666
0 0.7958333333333333 0.7541666666666667 0.02666666666666667 0.07333333333333333
0 0.7425 0.5933333333333334 0.03916666666666667 0.08916666666666667