0 0.1425 0.43833333333333335 0.015 0.065
0 0.475 0.44416666666666665 0.025 0.025833333333333333
0 0.45 0.44666666666666666 0.04 0.05416666666666667
0 0.18 0.45166666666666666 0.03166666666666667 0.056666666666666664
0 0.135 0.45666666666666667 0.020833333333333332 0.06583333333333333
0 0.1575 0.465 0.029166666666666667 0.0575
0 0.19 0.4741666666666667 0.028333333333333332 0.0225
0 0.48083333333333333 0.4875 0.034166666666666665 0.03166666666666667
0 0.17666666666666667 0.49333333333333335 0.035833333333333335 0.043333333333333335
0 0.46166666666666667 0.49583333333333335 0.0425 0.04833333333333333
0 0.43333333333333335 0.49916666666666665 0.0275 0.07583333333333334
0 0.1775 0.5158333333333334 0.0375 0.050833333333333335
0 0.11916666666666667 0.5191666666666667 0.0275 0.08166666666666667
0 0.1375 0.52 0.0225 0.07416666666666667
0 0.1575 0.5258333333333334 0.03666666666666667 0.0625
0 0.13583333333333333 0.57 0.021666666666666667 0.065
0 0.155 0.5716666666666667 0.028333333333333332 0.06416666666666666
0 0.12666666666666668 0.6125 0.0225 0.0775
0 0.5916666666666667 0.6266666666666667 0.051666666666666666 0.0475
0 0.14833333333333334 0.6325 0.03333333333333333 0.060833333333333336
0 0.5425 0.6633333333333333 0.04416666666666667 0.0425
0 0.24916666666666668 0.6641666666666667 0.03333333333333333 0.06666666666666667
0 0.6225 0.6741666666666667 0.04833333333333333 0.05416666666666667
0 0.1625 0.6808333333333333 0.04083333333333333 0.05
0 0.7775 0.7 0.030833333333333334 0.0425
0 0.6533333333333333 0.7025 0.03666666666666667 0.04416666666666667
0 0.945 0.71 0.023333333333333334 0.05583333333333333
0 0.985 0.7225 0.02666666666666667 0.09166666666666666
0 0.8616666666666667 0.7383333333333333 0.03166666666666667 0.059166666666666666
0 0.8758333333333334 0.7391666666666666 0.0475 0.06166666666666667
0 0.665 0.74 0.04583333333333333 0.065
0 0.71 0.7541666666666667 0.0575 0.045
0 0.8366666666666667 0.7666666666666667 0.030833333333333334 0.08416666666666667
0 0.8858333333333334 0.7666666666666667 0.03 0.051666666666666666
0 0.315 0.7808333333333334 0.0425 0.059166666666666666
0 0.85 0.7891666666666667 0.04666666666666667 0.050833333333333335
0 0.8675 0.8016666666666666 0.03916666666666667 0.024166666666666666
0 0.9883333333333333 0.8158333333333333 0.0225 0.0675
0 0.85 0.8191666666666667 0.05583333333333333 0.030833333333333334
0 0.8825 0.83 0.035 0.03666666666666667
0 0.28833333333333333 0.83 0.04583333333333333 0.049166666666666664
0 0.8425 0.8341666666666666 0.056666666666666664 0.051666666666666666
0 0.31666666666666665 0.8383333333333334 0.0425 0.03166666666666667
0 0.8833333333333333 0.8483333333333334 0.035 0.021666666666666667
0 0.8625 0.8691666666666666 0.0275 0.029166666666666667
0 0.18166666666666667 0.9358333333333333 0.023333333333333334 0.07083333333333333
0 0.17916666666666667 0.9941666666666666 0.030833333333333334 0.010833333333333334
0 0.125 0.07166666666666667 0.0425 0.045
0 0.1175 0.1225 0.035 0.0825
0 0.11583333333333333 0.19083333333333333 0.025 0.0775
0 0.8658333333333333 0.19583333333333333 0.043333333333333335 0.07416666666666667
0 0.3541666666666667 0.19666666666666666 0.0225 0.08833333333333333
0 0.12833333333333333 0.23916666666666667 0.023333333333333334 0.0725
0 0.86 0.245 0.04083333333333333 0.049166666666666664
0 0.1475 0.28 0.018333333333333333 0.060833333333333336
0 0.13666666666666666 0.29583333333333334 0.020833333333333332 0.08833333333333333
0 0.12416666666666666 0.30916666666666665 0.021666666666666667 0.07916666666666666
0 0.15666666666666668 0.31416666666666665 0.020833333333333332 0.0725
0 0.9016666666666666 0.3175 0.0375 0.075
0 0.15 0.3641666666666667 0.025 0.07666666666666666
0 0.1375 0.365 0.01 0.0425
0 0.16833333333333333 0.36916666666666664 0.020833333333333332 0.07916666666666666
0 0.19 0.3858333333333333 0.02666666666666667 0.0725
0 0.11416666666666667 0.3908333333333333 0.0325 0.08083333333333333
0 0.135 0.3933333333333333 0.018333333333333333 0.065
0 0.20166666666666666 0.4125 0.029166666666666667 0.0775
0 0.155 0.41333333333333333 0.023333333333333334 0.0675
0 0.4483333333333333 0.415 0.041666666666666664 0.045
0 0.16666666666666666 0.4241666666666667 0.03 0.04416666666666667
0 0.1175 0.43166666666666664 0.02 0.0675