0 0.3525 0.5091666666666667 0.07 0.07166666666666667
0 0.4025 0.9625 0.07166666666666667 0.07166666666666667
0 0.4816666666666667 0.2608333333333333 0.07 0.07083333333333333
0 0.6191666666666666 0.19583333333333333 0.0725 0.085
0 0.3358333333333333 0.1825 0.07583333333333334 0.0675
0 0.19666666666666666 0.17333333333333334 0.07666666666666666 0.058333333333333334
0 0.43916666666666665 0.14416666666666667 0.06166666666666667 0.105
0 0.4891666666666667 0.94 0.07666666666666666 0.06333333333333334
0 0.32083333333333336 0.105 0.0675 0.08083333333333333
0 0.6416666666666667 0.08583333333333333 0.075 0.07583333333333334
0 0.49166666666666664 0.0725 0.07583333333333334 0.06166666666666667
0 0.5808333333333333 0.025833333333333333 0.041666666666666664 0.05
0 0.37583333333333335 0.9208333333333333 0.075 0.085
0 0.45 0.8691666666666666 0.0825 0.07
0 0.36583333333333334 0.8633333333333333 0.0775 0.06333333333333334
0 0.019166666666666665 0.8608333333333333 0.03666666666666667 0.10333333333333333
0 0.41 0.9941666666666666 0.043333333333333335 0.008333333333333333
0 0.475 0.9858333333333333 0.07 0.025