0 0.665 0.4666666666666667 0.035 0.0275
0 0.63 0.4716666666666667 0.03916666666666667 0.03166666666666667
0 0.6075 0.485 0.04666666666666667 0.035
0 0.6591666666666667 0.4866666666666667 0.03916666666666667 0.025833333333333333
0 0.5891666666666666 0.5 0.034166666666666665 0.0425
0 0.5666666666666667 0.5016666666666667 0.03166666666666667 0.03333333333333333
0 0.6475 0.5091666666666667 0.04 0.028333333333333332
0 0.54 0.5125 0.0375 0.035
0 0.6216666666666667 0.5133333333333333 0.04083333333333333 0.030833333333333334
0 0.515 0.5166666666666667 0.03666666666666667 0.02666666666666667
0 0.5908333333333333 0.5258333333333334 0.0375 0.03166666666666667
0 0.6341666666666667 0.5325 0.04 0.029166666666666667
0 0.5708333333333333 0.5383333333333333 0.035 0.035
0 0.5116666666666667 0.55 0.04 0.043333333333333335
0 0.5558333333333333 0.5516666666666666 0.03833333333333333 0.03166666666666667
0 0.6041666666666666 0.555 0.04083333333333333 0.03
0 0.5975 0.5758333333333333 0.043333333333333335 0.0375
0 0.6666666666666666 0.16166666666666665 0.04 0.04583333333333333
0 0.6483333333333333 0.18 0.035833333333333335 0.045
0 0.7091666666666666 0.1925 0.043333333333333335 0.028333333333333332
0 0.6775 0.2 0.028333333333333332 0.049166666666666664
0 0.6316666666666667 0.20083333333333334 0.025 0.06333333333333334
0 0.6933333333333334 0.20416666666666666 0.0275 0.03666666666666667
0 0.6566666666666666 0.22916666666666666 0.03 0.065
0 0.7241666666666666 0.23083333333333333 0.041666666666666664 0.051666666666666666
0 0.6208333333333333 0.23666666666666666 0.024166666666666666 0.0375
0 0.7041666666666667 0.23916666666666667 0.025 0.0425
0 0.7491666666666666 0.245 0.024166666666666666 0.0825
0 0.645 0.24833333333333332 0.02666666666666667 0.05416666666666667
0 0.6808333333333333 0.25416666666666665 0.024166666666666666 0.06
0 0.6616666666666666 0.2575 0.020833333333333332 0.0475
0 0.6966666666666667 0.26 0.018333333333333333 0.058333333333333334
0 0.72 0.2683333333333333 0.03666666666666667 0.028333333333333332
0 0.64 0.2708333333333333 0.035 0.04
0 0.7608333333333334 0.2841666666666667 0.021666666666666667 0.050833333333333335
0 0.6841666666666667 0.2866666666666667 0.025833333333333333 0.049166666666666664
0 0.71 0.29333333333333333 0.035 0.03
0 0.6733333333333333 0.29833333333333334 0.025 0.0425
0 0.64 0.3 0.035 0.030833333333333334
0 0.6641666666666667 0.3025 0.034166666666666665 0.0475
0 0.7325 0.31 0.0325 0.06
0 0.7008333333333333 0.31833333333333336 0.035 0.030833333333333334
0 0.65 0.3275 0.035 0.02666666666666667
0 0.6841666666666667 0.3358333333333333 0.03833333333333333 0.03166666666666667
0 0.7325 0.3433333333333333 0.03166666666666667 0.059166666666666666
0 0.6558333333333334 0.35333333333333333 0.04 0.0325
0 0.7083333333333334 0.3541666666666667 0.03333333333333333 0.03666666666666667
0 0.68 0.3925 0.04 0.035
0 0.6508333333333334 0.3933333333333333 0.04 0.035833333333333335
0 0.6458333333333334 0.4125 0.0375 0.025833333333333333
0 0.695 0.42083333333333334 0.04083333333333333 0.034166666666666665
0 0.6591666666666667 0.4325 0.045 0.0375
0 0.6783333333333333 0.45 0.04083333333333333 0.0325