0 0.38333333333333336 0.4691666666666667 0.03833333333333333 0.03833333333333333
0 0.10166666666666667 0.4766666666666667 0.013333333333333334 0.05
0 0.4075 0.4825 0.019166666666666665 0.020833333333333332
0 0.07166666666666667 0.49 0.02666666666666667 0.04416666666666667
0 0.12916666666666668 0.49 0.023333333333333334 0.058333333333333334
0 0.38916666666666666 0.49583333333333335 0.0375 0.03333333333333333
0 0.11 0.505 0.023333333333333334 0.0625
0 0.09 0.5133333333333333 0.020833333333333332 0.050833333333333335
0 0.4058333333333333 0.5233333333333333 0.0375 0.025833333333333333
0 0.3908333333333333 0.5275 0.034166666666666665 0.05
0 0.365 0.5308333333333334 0.021666666666666667 0.07083333333333333
0 0.12833333333333333 0.5383333333333333 0.03 0.03333333333333333
0 0.06666666666666667 0.5516666666666666 0.023333333333333334 0.08416666666666667
0 0.12666666666666668 0.5591666666666667 0.03166666666666667 0.03833333333333333
0 0.105 0.5641666666666667 0.03333333333333333 0.065
0 0.9133333333333333 0.6025 0.035 0.059166666666666666
0 0.105 0.6133333333333333 0.030833333333333334 0.055
0 0.0825 0.6158333333333333 0.020833333333333332 0.060833333333333336
0 0.0825 0.66 0.028333333333333332 0.058333333333333334
0 0.09916666666666667 0.67 0.03833333333333333 0.05
0 0.4875 0.6708333333333333 0.04583333333333333 0.03833333333333333
0 0.19083333333333333 0.6975 0.029166666666666667 0.06583333333333333
0 0.6875 0.7108333333333333 0.029166666666666667 0.030833333333333334
0 0.7775 0.7133333333333334 0.043333333333333335 0.04833333333333333
0 0.11166666666666666 0.72 0.035 0.056666666666666664
0 0.8466666666666667 0.7266666666666667 0.02 0.06583333333333333
0 0.8908333333333334 0.7275 0.03166666666666667 0.08583333333333333
0 0.6983333333333334 0.7275 0.043333333333333335 0.041666666666666664
0 0.9508333333333333 0.7308333333333333 0.03 0.0775
0 0.75 0.7441666666666666 0.0225 0.09166666666666666
0 0.7691666666666667 0.745 0.025833333333333333 0.04416666666666667
0 0.7816666666666666 0.7475 0.04083333333333333 0.065
0 0.7366666666666667 0.7575 0.02666666666666667 0.09833333333333333
0 0.6516666666666666 0.7591666666666667 0.04666666666666667 0.035833333333333335
0 0.6925 0.7616666666666667 0.035833333333333335 0.029166666666666667
0 0.7925 0.7766666666666666 0.0225 0.04416666666666667
0 0.765 0.7875 0.035833333333333335 0.03166666666666667
0 0.2575 0.795 0.03833333333333333 0.0525
0 0.9558333333333333 0.805 0.029166666666666667 0.08833333333333333
0 0.7666666666666667 0.8083333333333333 0.04666666666666667 0.029166666666666667
0 0.9033333333333333 0.8191666666666667 0.0425 0.065
0 0.7958333333333333 0.8233333333333334 0.030833333333333334 0.04833333333333333
0 0.7583333333333333 0.8333333333333334 0.050833333333333335 0.025833333333333333
0 0.24416666666666667 0.8366666666666667 0.0325 0.0525
0 0.2775 0.8375 0.030833333333333334 0.0675
0 0.75 0.8416666666666667 0.051666666666666666 0.041666666666666664
0 0.7908333333333334 0.8508333333333333 0.0375 0.025833333333333333
0 0.7733333333333333 0.8675 0.03166666666666667 0.0225
0 0.9216666666666666 0.8741666666666666 0.02666666666666667 0.060833333333333336
0 0.13166666666666665 0.9525 0.0275 0.07333333333333333
0 0.125 0.9883333333333333 0.03833333333333333 0.0225
0 0.9658333333333333 0.9941666666666666 0.028333333333333332 0.008333333333333333
0 0.08666666666666667 0.12166666666666667 0.035833333333333335 0.0525
0 0.06416666666666666 0.18333333333333332 0.030833333333333334 0.08416666666666667
0 0.7758333333333334 0.22916666666666666 0.0375 0.07416666666666667
0 0.2875 0.25 0.020833333333333332 0.0825
0 0.7691666666666667 0.2758333333333333 0.0425 0.06916666666666667
0 0.09083333333333334 0.33 0.019166666666666665 0.058333333333333334
0 0.10416666666666667 0.34833333333333333 0.02 0.05333333333333334
0 0.8058333333333333 0.3491666666666667 0.0325 0.06916666666666667
0 0.08333333333333333 0.36833333333333335 0.02 0.058333333333333334
0 0.06416666666666666 0.38416666666666666 0.019166666666666665 0.058333333333333334
0 0.1125 0.3958333333333333 0.015833333333333335 0.065
0 0.09333333333333334 0.4116666666666667 0.02 0.07166666666666667
0 0.08416666666666667 0.42 0.008333333333333333 0.041666666666666664
0 0.13583333333333333 0.42833333333333334 0.03 0.0675
0 0.07666666666666666 0.4508333333333333 0.020833333333333332 0.055
0 0.06 0.4525 0.023333333333333334 0.07083333333333333
0 0.1125 0.4533333333333333 0.015833333333333335 0.045
0 0.1475 0.45666666666666667 0.029166666666666667 0.08
0 0.08916666666666667 0.4608333333333333 0.013333333333333334 0.04416666666666667