0 0.36333333333333334 0.49166666666666664 0.04 0.035833333333333335
0 0.6616666666666666 0.495 0.0275 0.049166666666666664
0 0.6233333333333333 0.5225 0.0525 0.03833333333333333
0 0.685 0.53 0.0375 0.035
0 0.0875 0.97 0.04833333333333333 0.051666666666666666
0 0.7016666666666667 0.2816666666666667 0.019166666666666665 0.08583333333333333
0 0.4166666666666667 0.36666666666666664 0.03333333333333333 0.0275
0 0.3725 0.37083333333333335 0.034166666666666665 0.030833333333333334
0 0.39666666666666667 0.3775 0.03166666666666667 0.030833333333333334
0 0.33666666666666667 0.3858333333333333 0.04 0.035833333333333335
0 0.7208333333333333 0.3933333333333333 0.02 0.049166666666666664
0 0.36333333333333334 0.395 0.03833333333333333 0.03
0 0.42833333333333334 0.3975 0.035833333333333335 0.041666666666666664
0 0.45416666666666666 0.4033333333333333 0.03166666666666667 0.04
0 0.3983333333333333 0.4041666666666667 0.035833333333333335 0.029166666666666667
0 0.7008333333333333 0.4125 0.025833333333333333 0.059166666666666666
0 0.42583333333333334 0.415 0.028333333333333332 0.04416666666666667
0 0.6591666666666667 0.4166666666666667 0.03333333333333333 0.06
0 0.38333333333333336 0.42083333333333334 0.041666666666666664 0.03916666666666667
0 0.715 0.43083333333333335 0.023333333333333334 0.041666666666666664
0 0.4116666666666667 0.43333333333333335 0.030833333333333334 0.034166666666666665
0 0.34833333333333333 0.435 0.03833333333333333 0.05333333333333334
0 0.5558333333333333 0.43833333333333335 0.020833333333333332 0.07166666666666667
0 0.31583333333333335 0.4533333333333333 0.03166666666666667 0.056666666666666664
0 0.6808333333333333 0.45666666666666667 0.03916666666666667 0.04083333333333333
0 0.4125 0.4691666666666667 0.03916666666666667 0.030833333333333334
0 0.31833333333333336 0.485 0.034166666666666665 0.05333333333333334
0 0.3325 0.48583333333333334 0.0375 0.050833333333333335
0 0.6458333333333334 0.4866666666666667 0.0375 0.035