0 0.39166666666666666 0.4691666666666667 0.03916666666666667 0.07666666666666666
0 0.415 0.4891666666666667 0.0425 0.06333333333333334
0 0.37083333333333335 0.5075 0.0525 0.050833333333333335
0 0.4058333333333333 0.5275 0.03333333333333333 0.04583333333333333
0 0.41833333333333333 0.5575 0.045 0.035833333333333335
0 0.7125 0.0175 0.05416666666666667 0.035
0 0.55 0.6341666666666667 0.0325 0.07166666666666667
0 0.5708333333333333 0.65 0.035833333333333335 0.03666666666666667
0 0.5258333333333334 0.6625 0.023333333333333334 0.08833333333333333
0 0.6208333333333333 0.02666666666666667 0.058333333333333334 0.05333333333333334
0 0.5383333333333333 0.6958333333333333 0.0375 0.07083333333333333
0 0.37166666666666665 0.030833333333333334 0.02666666666666667 0.06166666666666667
0 0.6633333333333333 0.028333333333333332 0.050833333333333335 0.056666666666666664
0 0.5566666666666666 0.7166666666666667 0.025 0.07083333333333333
0 0.49833333333333335 0.7175 0.023333333333333334 0.095
0 0.51 0.7433333333333333 0.0225 0.09166666666666666
0 0.5783333333333334 0.7491666666666666 0.041666666666666664 0.07166666666666667
0 0.6075 0.7491666666666666 0.04666666666666667 0.035
0 0.4825 0.7566666666666667 0.019166666666666665 0.09
0 0.5491666666666667 0.7741666666666667 0.0275 0.08916666666666667
0 0.5316666666666666 0.785 0.02 0.11583333333333333
0 0.49166666666666664 0.7908333333333334 0.018333333333333333 0.060833333333333336
0 0.5141666666666667 0.7983333333333333 0.02 0.08583333333333333
0 0.5025 0.8225 0.02 0.08666666666666667
0 0.555 0.8375 0.025 0.0775
0 0.6058333333333333 0.8433333333333334 0.028333333333333332 0.0925
0 0.8183333333333334 0.041666666666666664 0.04 0.03333333333333333
0 0.5291666666666667 0.8691666666666666 0.025 0.08666666666666667
0 0.5558333333333333 0.8883333333333333 0.020833333333333332 0.06833333333333333
0 0.5433333333333333 0.8908333333333334 0.0175 0.07083333333333333
0 0.5533333333333333 0.9316666666666666 0.0475 0.041666666666666664
0 0.7816666666666666 0.056666666666666664 0.0525 0.0375
0 0.8383333333333334 0.06333333333333334 0.05333333333333334 0.04583333333333333
0 0.3625 0.07 0.0175 0.085
0 0.8058333333333333 0.09166666666666666 0.056666666666666664 0.0375
0 0.37833333333333335 0.10166666666666667 0.021666666666666667 0.07583333333333334
0 0.8433333333333334 0.10416666666666667 0.0625 0.04583333333333333
0 0.37583333333333335 0.15333333333333332 0.0275 0.08083333333333333
0 0.4766666666666667 0.2 0.045 0.043333333333333335
0 0.3858333333333333 0.21416666666666667 0.04083333333333333 0.0675
0 0.45416666666666666 0.25666666666666665 0.04 0.06833333333333333
0 0.4325 0.25833333333333336 0.0475 0.059166666666666666
0 0.41083333333333333 0.2633333333333333 0.04666666666666667 0.05583333333333333
0 0.7075 0.006666666666666667 0.0475 0.0125
0 0.38333333333333336 0.445 0.0325 0.085