0 0.5125 0.5058333333333334 0.051666666666666666 0.0375
0 0.38333333333333336 0.5025 0.0425 0.06
0 0.56 0.5008333333333334 0.04083333333333333 0.06666666666666667
0 0.5325 0.49166666666666664 0.0475 0.05333333333333334
0 0.47833333333333333 0.49166666666666664 0.049166666666666664 0.0425
0 0.3675 0.47833333333333333 0.041666666666666664 0.055
0 0.43416666666666665 0.4775 0.041666666666666664 0.051666666666666666
0 0.2875 0.4666666666666667 0.0425 0.060833333333333336
0 0.32416666666666666 0.465 0.0375 0.0575
0 0.42 0.45916666666666667 0.0325 0.056666666666666664
0 0.34833333333333333 0.455 0.0375 0.049166666666666664
0 0.4633333333333333 0.4533333333333333 0.035833333333333335 0.06666666666666667
0 0.4025 0.4533333333333333 0.035833333333333335 0.05333333333333334
0 0.36583333333333334 0.4525 0.03666666666666667 0.04083333333333333
0 0.5008333333333334 0.4475 0.03916666666666667 0.058333333333333334
0 0.4425 0.4475 0.04666666666666667 0.05
0 0.5291666666666667 0.44166666666666665 0.030833333333333334 0.051666666666666666
0 0.6025 0.44166666666666665 0.028333333333333332 0.0575
0 0.58 0.44083333333333335 0.0375 0.045
0 0.4841666666666667 0.43833333333333335 0.03166666666666667 0.0775
0 0.2941666666666667 0.43416666666666665 0.0375 0.04666666666666667
0 0.22666666666666666 0.9691666666666666 0.04 0.058333333333333334
0 0.3675 0.4166666666666667 0.035 0.045
0 0.4525 0.41583333333333333 0.03916666666666667 0.051666666666666666
0 0.3975 0.415 0.0325 0.06166666666666667
0 0.4091666666666667 0.415 0.043333333333333335 0.058333333333333334
0 0.3225 0.4141666666666667 0.0275 0.0675
0 0.38416666666666666 0.41333333333333333 0.0375 0.051666666666666666
0 0.535 0.4125 0.03833333333333333 0.03
0 0.43833333333333335 0.4083333333333333 0.0475 0.049166666666666664
0 0.5566666666666666 0.4008333333333333 0.04583333333333333 0.0425
0 0.485 0.4008333333333333 0.04083333333333333 0.049166666666666664
0 0.2991666666666667 0.39666666666666667 0.03666666666666667 0.050833333333333335
0 0.355 0.3883333333333333 0.0475 0.0575
0 0.37166666666666665 0.3825 0.041666666666666664 0.0475
0 0.4708333333333333 0.37916666666666665 0.0325 0.029166666666666667
0 0.4008333333333333 0.375 0.0375 0.05
0 0.5391666666666667 0.3725 0.0475 0.035
0 0.2941666666666667 0.37 0.03666666666666667 0.0625
0 0.3333333333333333 0.36583333333333334 0.04 0.03833333333333333
0 0.5058333333333334 0.3625 0.04 0.03916666666666667
0 0.4275 0.3625 0.04416666666666667 0.060833333333333336
0 0.31583333333333335 0.35583333333333333 0.035833333333333335 0.0425
0 0.36 0.35 0.045 0.034166666666666665
0 0.4683333333333333 0.3425 0.04583333333333333 0.04083333333333333
0 0.37166666666666665 0.3375 0.03333333333333333 0.035833333333333335
0 0.5433333333333333 0.3358333333333333 0.04 0.03833333333333333
0 0.4041666666666667 0.335 0.0425 0.051666666666666666
0 0.30333333333333334 0.335 0.04666666666666667 0.06
0 0.43583333333333335 0.33166666666666667 0.04583333333333333 0.035833333333333335
0 0.49333333333333335 0.3308333333333333 0.0175 0.060833333333333336
0 0.25333333333333335 0.33 0.0375 0.05
0 0.33416666666666667 0.3283333333333333 0.04583333333333333 0.029166666666666667
0 0.5283333333333333 0.3275 0.04416666666666667 0.0425
0 0.2816666666666667 0.31916666666666665 0.023333333333333334 0.07416666666666667
0 0.5166666666666667 0.30833333333333335 0.04083333333333333 0.04
0 0.37333333333333335 0.30666666666666664 0.056666666666666664 0.0325
0 0.35083333333333333 0.305 0.041666666666666664 0.034166666666666665
0 0.25833333333333336 0.29 0.04 0.0375
0 0.325 0.2891666666666667 0.035 0.0325
0 0.4 0.2791666666666667 0.04416666666666667 0.034166666666666665
0 0.2975 0.2791666666666667 0.0375 0.034166666666666665
0 0.3625 0.2758333333333333 0.04416666666666667 0.03166666666666667
0 0.3325 0.26666666666666666 0.04666666666666667 0.03666666666666667
0 0.2791666666666667 0.2625 0.041666666666666664 0.051666666666666666
0 0.23916666666666667 0.2608333333333333 0.03666666666666667 0.04666666666666667
0 0.31416666666666665 0.22916666666666666 0.04416666666666667 0.03916666666666667
0 0.23583333333333334 0.1975 0.04583333333333333 0.03833333333333333
0 0.18583333333333332 0.9525 0.04416666666666667 0.04666666666666667
0 0.2733333333333333 0.9283333333333333 0.0525 0.035833333333333335
0 0.12166666666666667 0.9125 0.055 0.0425
0 0.17083333333333334 0.905 0.045 0.065
0 0.23916666666666667 0.9016666666666666 0.0525 0.03666666666666667
0 0.13833333333333334 0.8975 0.03166666666666667 0.049166666666666664
0 0.1075 0.81 0.019166666666666665 0.056666666666666664
0 0.4816666666666667 0.7983333333333333 0.0425 0.04
0 0.43333333333333335 0.7941666666666667 0.04583333333333333 0.041666666666666664
0 0.4775 0.7716666666666666 0.029166666666666667 0.028333333333333332
0 0.43166666666666664 0.7716666666666666 0.03916666666666667 0.055
0 0.3925 0.76 0.04583333333333333 0.03666666666666667
0 0.6791666666666667 0.7575 0.018333333333333333 0.09333333333333334
0 0.3675 0.7458333333333333 0.03666666666666667 0.029166666666666667
0 0.6633333333333333 0.73 0.021666666666666667 0.07833333333333334
0 0.39166666666666666 0.7275 0.049166666666666664 0.0375
0 0.3466666666666667 0.7225 0.05 0.035833333333333335
0 0.41833333333333333 0.7216666666666667 0.035833333333333335 0.0625
0 0.43333333333333335 0.7008333333333333 0.029166666666666667 0.07583333333333334
0 0.645 0.6966666666666667 0.025833333333333333 0.0775
0 0.6241666666666666 0.6441666666666667 0.02666666666666667 0.049166666666666664
0 0.6016666666666667 0.6275 0.025833333333333333 0.07916666666666666
0 0.6133333333333333 0.5975 0.02 0.0775
0 0.5716666666666667 0.5833333333333334 0.03666666666666667 0.0725
0 0.5883333333333334 0.5708333333333333 0.03666666666666667 0.07
0 0.5958333333333333 0.5541666666666667 0.025833333333333333 0.07583333333333334
0 0.3958333333333333 0.5483333333333333 0.021666666666666667 0.07833333333333334
0 0.42916666666666664 0.5275 0.03916666666666667 0.06666666666666667
0 0.41583333333333333 0.5258333333333334 0.04 0.065