0 0.6691666666666667 0.5091666666666667 0.06666666666666667 0.12083333333333333
0 0.25916666666666666 0.6225 0.07833333333333334 0.085
0 0.9916666666666667 0.645 0.015833333333333335 0.05416666666666667
0 0.225 0.7008333333333333 0.08166666666666667 0.08333333333333333
0 0.9858333333333333 0.7133333333333334 0.025 0.07
0 0.30333333333333334 0.7166666666666667 0.08333333333333333 0.07333333333333333
0 0.2825 0.7808333333333334 0.08 0.07916666666666666
0 0.30916666666666665 0.8591666666666666 0.07666666666666666 0.12083333333333333
0 0.2675 0.8666666666666667 0.04583333333333333 0.12583333333333332
0 0.6841666666666667 0.0775 0.07333333333333333 0.09916666666666667
0 0.3408333333333333 0.9066666666666666 0.07166666666666667 0.11583333333333333
0 0.5783333333333334 0.9683333333333334 0.08583333333333333 0.0625
0 0.6475 0.12916666666666668 0.07333333333333333 0.07666666666666666
0 0.7991666666666667 0.15416666666666667 0.0775 0.08666666666666667
0 0.6591666666666667 0.1975 0.085 0.0925
0 0.3125 0.2833333333333333 0.05 0.12333333333333334
0 0.6983333333333334 0.34833333333333333 0.075 0.09166666666666666
0 0.915 0.3675 0.07416666666666667 0.11083333333333334
0 0.7291666666666666 0.03166666666666667 0.07666666666666666 0.06333333333333334