0 0.715 0.56 0.030833333333333334 0.04583333333333333
0 0.2791666666666667 0.5525 0.019166666666666665 0.06833333333333333
0 0.2941666666666667 0.5466666666666666 0.02666666666666667 0.07416666666666667
0 0.7391666666666666 0.54 0.03333333333333333 0.0525
0 0.7575 0.5375 0.03666666666666667 0.041666666666666664
0 0.31333333333333335 0.5341666666666667 0.018333333333333333 0.058333333333333334
0 0.6933333333333334 0.5308333333333334 0.03833333333333333 0.0425
0 0.7191666666666666 0.5291666666666667 0.03666666666666667 0.04083333333333333
0 0.785 0.5208333333333334 0.030833333333333334 0.024166666666666666
0 0.2608333333333333 0.5175 0.020833333333333332 0.06416666666666666
0 0.28 0.5108333333333334 0.02 0.05333333333333334
0 0.2225 0.5075 0.020833333333333332 0.06833333333333333
0 0.6908333333333333 0.505 0.04 0.03666666666666667
0 0.32416666666666666 0.5016666666666667 0.020833333333333332 0.05583333333333333
0 0.29333333333333333 0.49916666666666665 0.015833333333333335 0.06416666666666666
0 0.7341666666666666 0.49416666666666664 0.03666666666666667 0.034166666666666665
0 0.7933333333333333 0.49166666666666664 0.03833333333333333 0.045
0 0.77 0.4841666666666667 0.034166666666666665 0.034166666666666665
0 0.049166666666666664 0.4791666666666667 0.025 0.05333333333333334
0 0.25416666666666665 0.47583333333333333 0.016666666666666666 0.0725
0 0.3075 0.47333333333333333 0.016666666666666666 0.059166666666666666
0 0.2725 0.4725 0.02 0.06666666666666667
0 0.755 0.4683333333333333 0.041666666666666664 0.029166666666666667
0 0.7983333333333333 0.46416666666666667 0.030833333333333334 0.03666666666666667
0 0.2875 0.4625 0.019166666666666665 0.0575
0 0.24333333333333335 0.45916666666666667 0.024166666666666666 0.07416666666666667
0 0.06833333333333333 0.455 0.021666666666666667 0.055
0 0.325 0.45 0.014166666666666666 0.0725
0 0.26666666666666666 0.44916666666666666 0.019166666666666665 0.050833333333333335
0 0.7891666666666667 0.4483333333333333 0.020833333333333332 0.035
0 0.3016666666666667 0.4475 0.015833333333333335 0.051666666666666666
0 0.8075 0.43583333333333335 0.024166666666666666 0.04416666666666667
0 0.7766666666666666 0.43416666666666665 0.0275 0.05333333333333334
0 0.3375 0.43083333333333335 0.018333333333333333 0.05583333333333333
0 0.11083333333333334 0.42916666666666664 0.025833333333333333 0.055
0 0.09416666666666666 0.4275 0.035833333333333335 0.06
0 0.32 0.42333333333333334 0.024166666666666666 0.0875
0 0.825 0.4225 0.019166666666666665 0.050833333333333335
0 0.06833333333333333 0.41583333333333333 0.035 0.0375
0 0.26416666666666666 0.415 0.023333333333333334 0.05333333333333334
0 0.28833333333333333 0.415 0.020833333333333332 0.04416666666666667
0 0.3 0.41 0.018333333333333333 0.0625
0 0.19 0.4058333333333333 0.034166666666666665 0.04
0 0.8066666666666666 0.4033333333333333 0.034166666666666665 0.05416666666666667
0 0.13083333333333333 0.4033333333333333 0.023333333333333334 0.056666666666666664
0 0.2791666666666667 0.40166666666666667 0.02 0.059166666666666666
0 0.2475 0.3875 0.0275 0.04583333333333333
0 0.8291666666666667 0.3875 0.024166666666666666 0.04833333333333333
0 0.32 0.38666666666666666 0.03333333333333333 0.06666666666666667
0 0.8 0.385 0.0325 0.041666666666666664
0 0.12416666666666666 0.3825 0.034166666666666665 0.04833333333333333
0 0.2941666666666667 0.38 0.035 0.034166666666666665
0 0.1525 0.37333333333333335 0.028333333333333332 0.075
0 0.19583333333333333 0.37083333333333335 0.03166666666666667 0.050833333333333335
0 0.8508333333333333 0.37 0.025833333333333333 0.04083333333333333
0 0.10416666666666667 0.36583333333333334 0.0425 0.055
0 0.22083333333333333 0.3591666666666667 0.0275 0.0625
0 0.27666666666666667 0.3575 0.035 0.04416666666666667
0 0.3225 0.355 0.0325 0.0425
0 0.16916666666666666 0.3525 0.0275 0.05333333333333334
0 0.24583333333333332 0.35083333333333333 0.035 0.056666666666666664
0 0.805 0.35083333333333333 0.035 0.050833333333333335
0 0.3025 0.34833333333333333 0.029166666666666667 0.0325
0 0.8941666666666667 0.9816666666666667 0.04833333333333333 0.03333333333333333
0 0.8416666666666667 0.33916666666666667 0.0325 0.0475
0 0.8691666666666666 0.33 0.035 0.043333333333333335
0 0.14916666666666667 0.3283333333333333 0.03166666666666667 0.0425
0 0.2425 0.32666666666666666 0.030833333333333334 0.06166666666666667
0 0.32416666666666666 0.3233333333333333 0.0325 0.025
0 0.2225 0.32083333333333336 0.035833333333333335 0.045
0 0.21083333333333334 0.3175 0.03833333333333333 0.0375
0 0.17916666666666667 0.31166666666666665 0.035 0.050833333333333335
0 0.81 0.31166666666666665 0.0275 0.034166666666666665
0 0.195 0.30833333333333335 0.0375 0.049166666666666664
0 0.16416666666666666 0.295 0.04083333333333333 0.03166666666666667
0 0.7825 0.7975 0.025 0.0675
0 0.9291666666666667 0.7858333333333334 0.04 0.05333333333333334
0 0.625 0.7633333333333333 0.018333333333333333 0.07666666666666666
0 0.9308333333333333 0.7483333333333333 0.03833333333333333 0.06583333333333333
0 0.6391666666666667 0.7316666666666667 0.016666666666666666 0.08333333333333333
0 0.9491666666666667 0.7308333333333333 0.0425 0.07166666666666667
0 0.5991666666666666 0.7275 0.024166666666666666 0.08416666666666667
0 0.6133333333333333 0.7133333333333334 0.015 0.07916666666666666
0 0.6258333333333334 0.6908333333333333 0.015833333333333335 0.0875
0 0.6475 0.685 0.024166666666666666 0.05583333333333333
0 0.9091666666666667 0.6775 0.028333333333333332 0.08833333333333333
0 0.6441666666666667 0.6608333333333334 0.025833333333333333 0.055
0 0.6416666666666667 0.6391666666666667 0.025833333333333333 0.051666666666666666
0 0.6658333333333334 0.6191666666666666 0.024166666666666666 0.07416666666666667
0 0.9075 0.6166666666666667 0.030833333333333334 0.07916666666666666
0 0.69 0.6166666666666667 0.034166666666666665 0.0575
0 0.2916666666666667 0.5858333333333333 0.029166666666666667 0.058333333333333334
0 0.65 0.585 0.035 0.07083333333333333
0 0.6683333333333333 0.5808333333333333 0.025 0.058333333333333334
0 0.265 0.5708333333333333 0.020833333333333332 0.04666666666666667
0 0.69 0.5675 0.029166666666666667 0.04583333333333333