0 0.4975 0.46166666666666667 0.05 0.1425
0 0.14666666666666667 0.5641666666666667 0.04833333333333333 0.15833333333333333
0 0.16083333333333333 0.6558333333333334 0.06916666666666667 0.11833333333333333
0 0.37333333333333335 0.7558333333333334 0.04833333333333333 0.145
0 0.10083333333333333 0.7558333333333334 0.0725 0.1175
0 0.63 0.7975 0.07 0.08166666666666667
0 0.715 0.8708333333333333 0.04666666666666667 0.14666666666666667
0 0.7316666666666667 0.0975 0.050833333333333335 0.15833333333333333
0 0.6683333333333333 0.09916666666666667 0.05333333333333334 0.1575
0 0.0325 0.23333333333333334 0.065 0.11833333333333333
0 0.7283333333333334 0.2675 0.06 0.13583333333333333
0 0.0275 0.3383333333333333 0.055 0.11083333333333334
0 0.455 0.3858333333333333 0.04666666666666667 0.135
0 0.011666666666666667 0.435 0.023333333333333334 0.08833333333333333