0 0.23416666666666666 0.48333333333333334 0.03 0.07666666666666666
0 0.23416666666666666 0.4841666666666667 0.030833333333333334 0.07583333333333334
0 0.5225 0.495 0.025833333333333333 0.08166666666666667
0 0.28 0.5033333333333333 0.025 0.08
0 0.26 0.5041666666666667 0.02 0.06166666666666667
0 0.36666666666666664 0.035833333333333335 0.025 0.07083333333333333
0 0.22416666666666665 0.5325 0.023333333333333334 0.06833333333333333
0 0.25333333333333335 0.5558333333333333 0.025 0.07166666666666667
0 0.23333333333333334 0.5633333333333334 0.025833333333333333 0.08833333333333333
0 0.625 0.0325 0.030833333333333334 0.04666666666666667
0 0.28 0.035833333333333335 0.025833333333333333 0.035
0 0.18916666666666668 0.6433333333333333 0.025 0.07416666666666667
0 0.30083333333333334 0.043333333333333335 0.021666666666666667 0.08666666666666667
0 0.265 0.04083333333333333 0.0425 0.0475
0 0.5925 0.043333333333333335 0.04083333333333333 0.0375
0 0.5958333333333333 0.7133333333333334 0.03333333333333333 0.08166666666666667
0 0.5675 0.045 0.035833333333333335 0.059166666666666666
0 0.4625 0.051666666666666666 0.035 0.06
0 0.575 0.7941666666666667 0.028333333333333332 0.09166666666666666
0 0.3225 0.05416666666666667 0.020833333333333332 0.08
0 0.6733333333333333 0.8875 0.03833333333333333 0.0625
0 0.3516666666666667 0.06333333333333334 0.019166666666666665 0.09166666666666666
0 0.47333333333333333 0.9158333333333334 0.02666666666666667 0.09333333333333334
0 0.61 0.9416666666666667 0.03 0.03666666666666667
0 0.6541666666666667 0.9433333333333334 0.05333333333333334 0.07083333333333333
0 0.6083333333333333 0.07166666666666667 0.04083333333333333 0.04833333333333333
0 0.6216666666666667 0.9783333333333334 0.04083333333333333 0.041666666666666664
0 0.65 0.9716666666666667 0.03 0.055
0 0.25416666666666665 0.0725 0.0375 0.058333333333333334
0 0.2758333333333333 0.07333333333333333 0.03666666666666667 0.05333333333333334
0 0.615 0.9941666666666666 0.041666666666666664 0.01
0 0.395 0.0775 0.035 0.07166666666666667
0 0.4266666666666667 0.07916666666666666 0.03916666666666667 0.041666666666666664
0 0.6158333333333333 0.0825 0.04583333333333333 0.04583333333333333
0 0.5683333333333334 0.08666666666666667 0.03916666666666667 0.059166666666666666
0 0.23166666666666666 0.10833333333333334 0.028333333333333332 0.06666666666666667
0 0.2916666666666667 0.11833333333333333 0.04833333333333333 0.06333333333333334
0 0.2625 0.12083333333333333 0.03 0.07166666666666667
0 0.3258333333333333 0.12416666666666666 0.023333333333333334 0.0825
0 0.5433333333333333 0.13416666666666666 0.041666666666666664 0.0575
0 0.2825 0.14416666666666667 0.023333333333333334 0.06583333333333333
0 0.24916666666666668 0.15083333333333335 0.03333333333333333 0.055
0 0.5741666666666667 0.15833333333333333 0.04583333333333333 0.041666666666666664
0 0.29583333333333334 0.15916666666666668 0.035 0.09083333333333334
0 0.255 0.18666666666666668 0.034166666666666665 0.0475
0 0.235 0.1875 0.023333333333333334 0.0775
0 0.6633333333333333 0.19833333333333333 0.0225 0.08
0 0.2941666666666667 0.20833333333333334 0.020833333333333332 0.06916666666666667
0 0.43916666666666665 0.01 0.03166666666666667 0.02
0 0.2791666666666667 0.22 0.02666666666666667 0.0825
0 0.2575 0.22083333333333333 0.029166666666666667 0.06
0 0.6116666666666667 0.006666666666666667 0.0275 0.013333333333333334
0 0.6675 0.23166666666666666 0.02 0.04583333333333333
0 0.25666666666666665 0.2475 0.025833333333333333 0.0675
0 0.24333333333333335 0.25 0.029166666666666667 0.0675
0 0.65 0.26166666666666666 0.021666666666666667 0.06583333333333333
0 0.245 0.2758333333333333 0.035 0.06
0 0.48333333333333334 0.015 0.03666666666666667 0.03
0 0.4675 0.015833333333333335 0.035833333333333335 0.030833333333333334
0 0.22833333333333333 0.2941666666666667 0.018333333333333333 0.06333333333333334
0 0.6341666666666667 0.011666666666666667 0.035833333333333335 0.023333333333333334
0 0.275 0.305 0.0225 0.1
0 0.25166666666666665 0.3175 0.03333333333333333 0.051666666666666666
0 0.21083333333333334 0.3441666666666667 0.028333333333333332 0.07916666666666666
0 0.2425 0.35 0.0275 0.06333333333333334
0 0.2608333333333333 0.35333333333333333 0.035 0.06166666666666667
0 0.4116666666666667 0.020833333333333332 0.04 0.041666666666666664
0 0.23083333333333333 0.3858333333333333 0.028333333333333332 0.09333333333333334
0 0.45 0.024166666666666666 0.03 0.04833333333333333
0 0.24833333333333332 0.4041666666666667 0.025 0.06916666666666667
0 0.32 0.025833333333333333 0.0325 0.051666666666666666
0 0.5766666666666667 0.4225 0.03916666666666667 0.04583333333333333
0 0.49333333333333335 0.42333333333333334 0.02666666666666667 0.08916666666666667
0 0.2708333333333333 0.425 0.0375 0.07916666666666666
0 0.5475 0.43083333333333335 0.045 0.056666666666666664
0 0.5966666666666667 0.4325 0.0375 0.07916666666666666
0 0.23 0.445 0.025 0.0725
0 0.5483333333333333 0.4583333333333333 0.023333333333333334 0.0625
0 0.2475 0.45916666666666667 0.02 0.0625
0 0.26 0.46166666666666667 0.029166666666666667 0.06916666666666667
0 0.6025 0.02 0.035 0.029166666666666667
0 0.5658333333333333 0.4658333333333333 0.034166666666666665 0.0725