0 0.3883333333333333 0.455 0.034166666666666665 0.06166666666666667
0 0.4008333333333333 0.45666666666666667 0.03916666666666667 0.0525
0 0.435 0.46 0.041666666666666664 0.041666666666666664
0 0.7316666666666667 0.46166666666666667 0.0275 0.06333333333333334
0 0.6891666666666667 0.48833333333333334 0.05416666666666667 0.03666666666666667
0 0.755 0.5008333333333334 0.041666666666666664 0.03833333333333333
0 0.1575 0.9316666666666666 0.050833333333333335 0.05416666666666667
0 0.7775 0.16666666666666666 0.0325 0.1025
0 0.4825 0.335 0.035 0.0275
0 0.44416666666666665 0.3383333333333333 0.03333333333333333 0.029166666666666667
0 0.46416666666666667 0.3458333333333333 0.03833333333333333 0.03666666666666667
0 0.79 0.35083333333333333 0.019166666666666665 0.06416666666666666
0 0.4058333333333333 0.35833333333333334 0.03833333333333333 0.035833333333333335
0 0.5191666666666667 0.36583333333333334 0.03833333333333333 0.050833333333333335
0 0.43333333333333335 0.36583333333333334 0.041666666666666664 0.0325
0 0.49916666666666665 0.36833333333333335 0.034166666666666665 0.05333333333333334
0 0.7658333333333334 0.36833333333333335 0.04 0.07583333333333334
0 0.47 0.375 0.0325 0.0325
0 0.49416666666666664 0.38083333333333336 0.0325 0.05583333333333333
0 0.725 0.39 0.03916666666666667 0.07
0 0.44916666666666666 0.3908333333333333 0.043333333333333335 0.0425
0 0.78 0.3983333333333333 0.029166666666666667 0.0525
0 0.4125 0.4041666666666667 0.03916666666666667 0.050833333333333335
0 0.4841666666666667 0.4041666666666667 0.03333333333333333 0.03666666666666667
0 0.6233333333333333 0.4091666666666667 0.021666666666666667 0.06833333333333333
0 0.7558333333333334 0.41833333333333333 0.04416666666666667 0.035833333333333335
0 0.3858333333333333 0.42583333333333334 0.03333333333333333 0.06416666666666666
0 0.4825 0.43833333333333335 0.04 0.03166666666666667
0 0.7158333333333333 0.45416666666666666 0.03916666666666667 0.0425