0 0.7075 0.04083333333333333 0.03166666666666667 0.08166666666666667
0 0.6958333333333333 0.059166666666666666 0.04583333333333333 0.06833333333333333
0 0.6133333333333333 0.12666666666666668 0.05 0.03666666666666667
0 0.5641666666666667 0.175 0.025 0.06583333333333333
0 0.5433333333333333 0.18416666666666667 0.03166666666666667 0.035833333333333335
0 0.5825 0.19 0.016666666666666666 0.08
0 0.6025 0.2325 0.02 0.08
0 0.5525 0.2425 0.03 0.06833333333333333
0 0.6183333333333333 0.2608333333333333 0.016666666666666666 0.0675
0 0.5958333333333333 0.2708333333333333 0.016666666666666666 0.08333333333333333
0 0.535 0.2791666666666667 0.035 0.06833333333333333
0 0.5075 0.28 0.03916666666666667 0.035
0 0.58 0.2916666666666667 0.02 0.0725
0 0.5608333333333333 0.2941666666666667 0.025833333333333333 0.07666666666666666
0 0.7166666666666667 0.024166666666666666 0.03666666666666667 0.04833333333333333
0 0.6108333333333333 0.3075 0.015 0.04416666666666667
0 0.5891666666666666 0.335 0.018333333333333333 0.08833333333333333
0 0.5558333333333333 0.35333333333333333 0.013333333333333334 0.07916666666666666
0 0.5966666666666667 0.36333333333333334 0.015833333333333335 0.08333333333333333
0 0.51 0.36666666666666664 0.02666666666666667 0.08916666666666667
0 0.5766666666666667 0.37333333333333335 0.025833333333333333 0.08166666666666667
0 0.5525 0.41333333333333333 0.02 0.06
0 0.5675 0.4166666666666667 0.014166666666666666 0.08416666666666667
0 0.6475 0.02666666666666667 0.055 0.04
0 0.5291666666666667 0.44666666666666666 0.04 0.06666666666666667