0 0.10916666666666666 0.5333333333333333 0.025 0.075
0 0.09083333333333334 0.5308333333333334 0.019166666666666665 0.06666666666666667
0 0.4275 0.5166666666666667 0.04666666666666667 0.04833333333333333
0 0.8283333333333334 0.5091666666666667 0.020833333333333332 0.059166666666666666
0 0.8033333333333333 0.505 0.024166666666666666 0.07
0 0.685 0.9683333333333334 0.02666666666666667 0.06
0 0.8816666666666667 0.4683333333333333 0.034166666666666665 0.06166666666666667
0 0.8591666666666666 0.465 0.035833333333333335 0.06
0 0.8116666666666666 0.4508333333333333 0.016666666666666666 0.07
0 0.7941666666666667 0.4483333333333333 0.020833333333333332 0.0675
0 0.19166666666666668 0.42916666666666664 0.04416666666666667 0.0825
0 0.8941666666666667 0.4041666666666667 0.029166666666666667 0.06416666666666666
0 0.7816666666666666 0.39416666666666667 0.030833333333333334 0.07333333333333333
0 0.795 0.3825 0.03333333333333333 0.07333333333333333
0 0.8408333333333333 0.37583333333333335 0.0425 0.09166666666666666
0 0.1 0.3275 0.05 0.0475
0 0.7933333333333333 0.3125 0.030833333333333334 0.058333333333333334
0 0.7658333333333334 0.29833333333333334 0.035 0.059166666666666666
0 0.10333333333333333 0.2875 0.03833333333333333 0.04416666666666667
0 0.7441666666666666 0.28583333333333333 0.03 0.04666666666666667
0 0.7908333333333334 0.2783333333333333 0.03 0.049166666666666664
0 0.1325 0.275 0.049166666666666664 0.035
0 0.77 0.2733333333333333 0.0325 0.056666666666666664
0 0.7966666666666666 0.2708333333333333 0.0425 0.06333333333333334
0 0.07 0.2625 0.03833333333333333 0.07
0 0.7433333333333333 0.2608333333333333 0.03333333333333333 0.03833333333333333
0 0.11416666666666667 0.255 0.0375 0.03333333333333333
0 0.7358333333333333 0.23166666666666666 0.05583333333333333 0.049166666666666664
0 0.7708333333333334 0.2275 0.03916666666666667 0.05
0 0.09083333333333334 0.22 0.035 0.051666666666666666
0 0.11 0.21916666666666668 0.04083333333333333 0.04083333333333333
0 0.7466666666666667 0.195 0.050833333333333335 0.04666666666666667
0 0.06583333333333333 0.1875 0.016666666666666666 0.0525
0 0.09083333333333334 0.1775 0.021666666666666667 0.05583333333333333
0 0.07166666666666667 0.15666666666666668 0.021666666666666667 0.0725
0 0.09333333333333334 0.15583333333333332 0.024166666666666666 0.059166666666666666
0 0.12 0.12833333333333333 0.034166666666666665 0.0525
0 0.22166666666666668 0.11833333333333333 0.030833333333333334 0.07083333333333333
0 0.09416666666666666 0.10166666666666667 0.0225 0.06916666666666667
0 0.075 0.085 0.020833333333333332 0.065
0 0.6833333333333333 0.9308333333333333 0.030833333333333334 0.0825
0 0.20833333333333334 0.0775 0.0375 0.058333333333333334
0 0.23666666666666666 0.07583333333333334 0.035 0.049166666666666664
0 0.15416666666666667 0.0675 0.03 0.08166666666666667
0 0.19833333333333333 0.06416666666666666 0.030833333333333334 0.04583333333333333
0 0.105 0.055 0.028333333333333332 0.08166666666666667
0 0.20083333333333334 0.04083333333333333 0.030833333333333334 0.04083333333333333
0 0.2275 0.03333333333333333 0.03666666666666667 0.04666666666666667
0 0.07666666666666666 0.028333333333333332 0.021666666666666667 0.05583333333333333
0 0.09833333333333333 0.008333333333333333 0.021666666666666667 0.015833333333333335
0 0.1275 0.006666666666666667 0.029166666666666667 0.011666666666666667
0 0.7325 0.7916666666666666 0.019166666666666665 0.0475
0 0.7541666666666667 0.7525 0.014166666666666666 0.08666666666666667
0 0.72 0.7525 0.0175 0.0525
0 0.7433333333333333 0.7141666666666666 0.024166666666666666 0.05333333333333334
0 0.7308333333333333 0.7058333333333333 0.0225 0.034166666666666665
0 0.7641666666666667 0.6841666666666667 0.019166666666666665 0.07
0 0.9358333333333333 0.6841666666666667 0.035 0.08916666666666667
0 0.6875 0.6708333333333333 0.02666666666666667 0.07833333333333334
0 0.1275 0.6525 0.020833333333333332 0.058333333333333334
0 0.14083333333333334 0.6433333333333333 0.0425 0.0475
0 0.7675 0.6166666666666667 0.020833333333333332 0.09
0 0.2708333333333333 0.6133333333333333 0.0475 0.04833333333333333
0 0.10166666666666667 0.5991666666666666 0.028333333333333332 0.06833333333333333
0 0.1125 0.5933333333333334 0.02666666666666667 0.04083333333333333
0 0.12 0.5841666666666666 0.034166666666666665 0.04
0 0.8283333333333334 0.5675 0.029166666666666667 0.07916666666666666
0 0.8516666666666667 0.5541666666666667 0.025833333333333333 0.08
0 0.13583333333333333 0.5475 0.03916666666666667 0.041666666666666664