0 0.53 0.485 0.05 0.17416666666666666
0 0.605 0.37416666666666665 0.075 0.11083333333333334
0 0.5258333333333334 0.35333333333333333 0.0825 0.10416666666666667
0 0.5658333333333333 0.26916666666666667 0.07916666666666666 0.08416666666666667
0 0.6891666666666667 0.9825 0.08833333333333333 0.03166666666666667
0 0.5066666666666667 0.22333333333333333 0.05583333333333333 0.1325
0 0.635 0.9075 0.08583333333333333 0.095
0 0.5541666666666667 0.8775 0.08916666666666667 0.0875
0 0.8558333333333333 0.8516666666666667 0.056666666666666664 0.12666666666666668
0 0.9 0.8391666666666666 0.051666666666666666 0.12833333333333333
0 0.7483333333333333 0.8266666666666667 0.06166666666666667 0.1225
0 0.7791666666666667 0.815 0.06166666666666667 0.10833333333333334
0 0.465 0.7891666666666667 0.043333333333333335 0.16
0 0.5183333333333333 0.7166666666666667 0.0625 0.13833333333333334
0 0.41083333333333333 0.5858333333333333 0.050833333333333335 0.16416666666666666