0 0.7725 0.049166666666666664 0.045 0.09833333333333333
0 0.8291666666666667 0.5166666666666667 0.07 0.07333333333333333
0 0.7683333333333333 0.5583333333333333 0.075 0.10833333333333334
0 0.94 0.6266666666666667 0.0525 0.1425
0 0.79 0.7083333333333334 0.085 0.105
0 0.9425 0.075 0.0875 0.0775
0 0.8208333333333333 0.125 0.0775 0.115
0 0.9508333333333333 0.016666666666666666 0.0675 0.03333333333333333
0 0.8091666666666667 0.2608333333333333 0.04583333333333333 0.12916666666666668
0 0.7841666666666667 0.37333333333333335 0.06833333333333333 0.13083333333333333
0 0.8241666666666667 0.03666666666666667 0.0675 0.07333333333333333