0 0.7733333333333333 0.056666666666666664 0.02 0.07416666666666667
0 0.7933333333333333 0.06 0.018333333333333333 0.059166666666666666
0 0.82 0.0625 0.0175 0.05416666666666667
0 0.8033333333333333 0.10083333333333333 0.025 0.0625
0 0.7916666666666666 0.11083333333333334 0.019166666666666665 0.0675
0 0.7608333333333334 0.1175 0.018333333333333333 0.06
0 0.7691666666666667 0.11916666666666667 0.025 0.058333333333333334
0 0.745 0.1275 0.020833333333333332 0.06416666666666666
0 0.77 0.14 0.03 0.05
0 0.8191666666666667 0.16416666666666666 0.03666666666666667 0.03666666666666667
0 0.7908333333333334 0.17416666666666666 0.041666666666666664 0.03666666666666667
0 0.765 0.175 0.02 0.06
0 0.8175 0.018333333333333333 0.013333333333333334 0.03333333333333333
0 0.7866666666666666 0.02 0.015833333333333335 0.04
0 0.8208333333333333 0.20166666666666666 0.035 0.045
0 0.805 0.04083333333333333 0.02 0.0525
0 0.7983333333333333 0.04583333333333333 0.024166666666666666 0.05416666666666667