0 0.2783333333333333 0.485 0.020833333333333332 0.08166666666666667
0 0.8733333333333333 0.505 0.04083333333333333 0.05416666666666667
0 0.24916666666666668 0.5333333333333333 0.04583333333333333 0.04833333333333333
0 0.22916666666666666 0.5375 0.04 0.03333333333333333
0 0.31 0.5383333333333333 0.030833333333333334 0.03916666666666667
0 0.1925 0.5591666666666667 0.043333333333333335 0.04083333333333333
0 0.9366666666666666 0.5616666666666666 0.04 0.0475
0 0.9625 0.5633333333333334 0.0375 0.07166666666666667
0 0.22583333333333333 0.5675 0.0375 0.058333333333333334
0 0.24916666666666668 0.5775 0.03333333333333333 0.06333333333333334
0 0.18166666666666667 0.5825 0.041666666666666664 0.049166666666666664
0 0.215 0.5925 0.04083333333333333 0.04
0 0.19666666666666666 0.6116666666666667 0.04666666666666667 0.03833333333333333
0 0.18083333333333335 0.6258333333333334 0.0375 0.06333333333333334
0 0.22083333333333333 0.645 0.0325 0.08166666666666667
0 0.5383333333333333 0.21833333333333332 0.04583333333333333 0.049166666666666664
0 0.49083333333333334 0.23333333333333334 0.04416666666666667 0.03916666666666667
0 0.5 0.2675 0.0425 0.06416666666666666
0 0.4775 0.2683333333333333 0.0475 0.04416666666666667
0 0.5525 0.27416666666666667 0.035833333333333335 0.08333333333333333
0 0.5241666666666667 0.27666666666666667 0.035 0.06
0 0.5425 0.295 0.0325 0.07666666666666666
0 0.5258333333333334 0.31166666666666665 0.024166666666666666 0.06333333333333334
0 0.8233333333333334 0.3475 0.0375 0.07416666666666667
0 0.7925 0.38083333333333336 0.030833333333333334 0.075
0 0.8058333333333333 0.38083333333333336 0.03166666666666667 0.08
0 0.8208333333333333 0.3875 0.025 0.08833333333333333
0 0.85 0.41333333333333333 0.03833333333333333 0.0675
0 0.845 0.4325 0.028333333333333332 0.056666666666666664
0 0.29333333333333333 0.43916666666666665 0.0225 0.085
0 0.7933333333333333 0.44666666666666666 0.04 0.075