0 0.12 0.41083333333333333 0.034166666666666665 0.1125
0 0.24416666666666667 0.2833333333333333 0.03916666666666667 0.12333333333333334
0 0.14666666666666667 0.20083333333333334 0.06333333333333334 0.10166666666666667
0 0.37333333333333335 0.1875 0.034166666666666665 0.09833333333333333
0 0.24333333333333335 0.17333333333333334 0.0375 0.10333333333333333
0 0.2975 0.1625 0.04416666666666667 0.09833333333333333
0 0.6516666666666666 0.8566666666666667 0.06833333333333333 0.1
0 0.4166666666666667 0.84 0.07333333333333333 0.056666666666666664
0 0.4791666666666667 0.81 0.059166666666666666 0.10833333333333334
0 0.5791666666666667 0.8 0.07083333333333333 0.056666666666666664
0 0.6758333333333333 0.7525 0.07666666666666666 0.055
0 0.5608333333333333 0.7383333333333333 0.0675 0.05416666666666667
0 0.6083333333333333 0.7025 0.03166666666666667 0.13083333333333333
0 0.21333333333333335 0.6991666666666667 0.05 0.11416666666666667
0 0.2725 0.6741666666666667 0.03666666666666667 0.11333333333333333
0 0.5975 0.9633333333333334 0.06916666666666667 0.06833333333333333
0 0.32666666666666666 0.5416666666666666 0.0325 0.10416666666666667