0 0.4116666666666667 0.43333333333333335 0.041666666666666664 0.0325
0 0.37416666666666665 0.44166666666666665 0.035833333333333335 0.035
0 0.3983333333333333 0.5875 0.03666666666666667 0.03666666666666667
0 0.6825 0.6 0.016666666666666666 0.07583333333333334
0 0.42083333333333334 0.6016666666666667 0.04 0.03666666666666667
0 0.37333333333333335 0.6016666666666667 0.03666666666666667 0.05333333333333334
0 0.6083333333333333 0.6125 0.025 0.07833333333333334
0 0.66 0.6166666666666667 0.0375 0.0375
0 0.3491666666666667 0.6208333333333333 0.025 0.055
0 0.5616666666666666 0.6258333333333334 0.035 0.04833333333333333
0 0.5841666666666666 0.6258333333333334 0.024166666666666666 0.058333333333333334
0 0.5375 0.6275 0.025 0.03833333333333333
0 0.43083333333333335 0.6283333333333333 0.04583333333333333 0.03
0 0.365 0.63 0.03916666666666667 0.043333333333333335
0 0.39416666666666667 0.6333333333333333 0.0425 0.034166666666666665
0 0.6891666666666667 0.6366666666666667 0.025833333333333333 0.08416666666666667
0 0.5133333333333333 0.6391666666666667 0.035833333333333335 0.045
0 0.43833333333333335 0.6483333333333333 0.041666666666666664 0.028333333333333332
0 0.5575 0.6508333333333334 0.035 0.035
0 0.32416666666666666 0.6558333333333334 0.0275 0.07666666666666666
0 0.5125 0.6566666666666666 0.035833333333333335 0.0425
0 0.4683333333333333 0.6583333333333333 0.034166666666666665 0.03333333333333333
0 0.33916666666666667 0.6591666666666667 0.03833333333333333 0.034166666666666665
0 0.5316666666666666 0.66 0.03 0.04
0 0.41083333333333333 0.6616666666666666 0.03916666666666667 0.043333333333333335
0 0.575 0.6641666666666667 0.03666666666666667 0.034166666666666665
0 0.44666666666666666 0.6708333333333333 0.0375 0.0375
0 0.7125 0.6775 0.0175 0.0675
0 0.4775 0.6816666666666666 0.035 0.0425
0 0.5333333333333333 0.6833333333333333 0.0425 0.035
0 0.495 0.6875 0.03916666666666667 0.029166666666666667
0 0.6966666666666667 0.6883333333333334 0.0225 0.06416666666666666
0 0.4525 0.6983333333333334 0.043333333333333335 0.03916666666666667
0 0.515 0.7066666666666667 0.04416666666666667 0.03166666666666667
0 0.7108333333333333 0.7241666666666666 0.020833333333333332 0.045
0 0.6991666666666667 0.7258333333333333 0.02666666666666667 0.03666666666666667
0 0.7366666666666667 0.7358333333333333 0.028333333333333332 0.07083333333333333
0 0.6741666666666667 0.7433333333333333 0.035833333333333335 0.0675
0 0.6583333333333333 0.14083333333333334 0.03833333333333333 0.050833333333333335
0 0.6366666666666667 0.38 0.04583333333333333 0.045
0 0.36583333333333334 0.4166666666666667 0.03666666666666667 0.0275