0 0.555 0.45416666666666666 0.035833333333333335 0.05583333333333333
0 0.37916666666666665 0.4766666666666667 0.03 0.05333333333333334
0 0.5791666666666667 0.4766666666666667 0.043333333333333335 0.07416666666666667
0 0.6808333333333333 0.4766666666666667 0.04416666666666667 0.04833333333333333
0 0.5225 0.4841666666666667 0.034166666666666665 0.06833333333333333
0 0.5483333333333333 0.48583333333333334 0.041666666666666664 0.06416666666666666
0 0.6958333333333333 0.48833333333333334 0.035833333333333335 0.05
0 0.7191666666666666 0.49333333333333335 0.045 0.0425
0 0.2733333333333333 0.5083333333333333 0.0275 0.09333333333333334
0 0.6625 0.5208333333333334 0.035833333333333335 0.058333333333333334
0 0.24166666666666667 0.5266666666666666 0.03916666666666667 0.06
0 0.21916666666666668 0.5533333333333333 0.0425 0.049166666666666664
0 0.265 0.5725 0.021666666666666667 0.0775
0 0.25 0.5808333333333333 0.028333333333333332 0.06833333333333333
0 0.21 0.5833333333333334 0.04416666666666667 0.0475
0 0.2425 0.6241666666666666 0.0225 0.06583333333333333
0 0.2125 0.625 0.020833333333333332 0.08583333333333333
0 0.19333333333333333 0.6325 0.021666666666666667 0.08666666666666667
0 0.22666666666666666 0.65 0.023333333333333334 0.08666666666666667
0 0.21916666666666668 0.6975 0.0325 0.07333333333333333
0 0.19166666666666668 0.7 0.024166666666666666 0.07333333333333333
0 0.8683333333333333 0.7075 0.04 0.04833333333333333
0 0.19833333333333333 0.7216666666666667 0.0225 0.07333333333333333
0 0.825 0.7308333333333333 0.03 0.0775
0 0.49 0.15 0.018333333333333333 0.0875
0 0.4725 0.175 0.025 0.06416666666666666
0 0.6391666666666667 0.17583333333333334 0.03916666666666667 0.06833333333333333
0 0.4791666666666667 0.20916666666666667 0.0225 0.06583333333333333
0 0.6466666666666666 0.21583333333333332 0.045 0.06
0 0.6516666666666666 0.25 0.04416666666666667 0.05333333333333334
0 0.6516666666666666 0.29333333333333333 0.029166666666666667 0.07916666666666666
0 0.605 0.3958333333333333 0.019166666666666665 0.0875
0 0.5866666666666667 0.39916666666666667 0.024166666666666666 0.09166666666666666
0 0.5575 0.4216666666666667 0.03916666666666667 0.0425
0 0.5325 0.43916666666666665 0.04083333333333333 0.06916666666666667