0 0.23166666666666666 0.5183333333333333 0.029166666666666667 0.09
0 0.6025 0.4475 0.0425 0.055
0 0.6325 0.425 0.04416666666666667 0.06583333333333333
0 0.5775 0.3283333333333333 0.051666666666666666 0.05
0 0.0275 0.30833333333333335 0.04416666666666667 0.08083333333333333
0 0.6375 0.2975 0.0425 0.06833333333333333
0 0.7233333333333334 0.27416666666666667 0.04583333333333333 0.07916666666666666
0 0.6283333333333333 0.20666666666666667 0.0425 0.0725
0 0.8666666666666667 0.2025 0.034166666666666665 0.085
0 0.030833333333333334 0.105 0.03916666666666667 0.09583333333333334
0 0.25583333333333336 0.07333333333333333 0.03 0.09666666666666666
0 0.9083333333333333 0.07333333333333333 0.045 0.0725
0 0.9508333333333333 0.06 0.03333333333333333 0.1
0 0.6908333333333333 0.04833333333333333 0.0475 0.0575
0 0.8533333333333334 0.034166666666666665 0.05333333333333334 0.0675
0 0.18666666666666668 0.6808333333333333 0.041666666666666664 0.060833333333333336
0 0.45 0.5941666666666666 0.025833333333333333 0.08583333333333333
0 0.3383333333333333 0.5733333333333334 0.030833333333333334 0.08583333333333333
0 0.37666666666666665 0.5466666666666666 0.029166666666666667 0.08