0 0.5416666666666666 0.5958333333333333 0.03916666666666667 0.11166666666666666
0 0.75 0.7316666666666667 0.03833333333333333 0.13083333333333333
0 0.6266666666666667 0.8683333333333333 0.04083333333333333 0.11916666666666667
0 0.7191666666666666 0.9383333333333334 0.058333333333333334 0.12
0 0.49833333333333335 0.9533333333333334 0.03166666666666667 0.09
0 0.57 0.9608333333333333 0.0475 0.0775
0 0.6308333333333334 0.9633333333333334 0.0325 0.07166666666666667
0 0.6983333333333334 0.13666666666666666 0.09166666666666666 0.065
0 0.26666666666666666 0.18916666666666668 0.08416666666666667 0.07166666666666667
0 0.21833333333333332 0.305 0.0775 0.07416666666666667
0 0.4533333333333333 0.31166666666666665 0.07166666666666667 0.06166666666666667
0 0.39 0.3308333333333333 0.0625 0.08416666666666667
0 0.29083333333333333 0.35333333333333333 0.07 0.058333333333333334
0 0.5983333333333334 0.39916666666666667 0.041666666666666664 0.13583333333333333
0 0.19416666666666665 0.4 0.0775 0.06
0 0.3075 0.4125 0.07083333333333333 0.059166666666666666
0 0.26166666666666666 0.43833333333333335 0.03 0.12166666666666667