0 0.3875 0.4608333333333333 0.065 0.0675
0 0.37 0.3975 0.06333333333333334 0.06416666666666666
0 0.4175 0.3491666666666667 0.06166666666666667 0.06583333333333333
0 0.4375 0.9541666666666667 0.041666666666666664 0.08833333333333333
0 0.43333333333333335 0.29333333333333333 0.06666666666666667 0.06416666666666666
0 0.4533333333333333 0.21083333333333334 0.06166666666666667 0.0825
0 0.44416666666666665 0.14583333333333334 0.056666666666666664 0.0825
0 0.38666666666666666 0.024166666666666666 0.06666666666666667 0.045
0 0.49416666666666664 0.905 0.06416666666666666 0.06333333333333334
0 0.7775 0.8725 0.07 0.08166666666666667
0 0.45 0.8216666666666667 0.060833333333333336 0.06333333333333334
0 0.4766666666666667 0.9858333333333333 0.0575 0.0275
0 0.4191666666666667 0.6275 0.065 0.075
0 0.42083333333333334 0.5666666666666667 0.06416666666666666 0.0625