0 0.505 0.48833333333333334 0.018333333333333333 0.0725
0 0.5341666666666667 0.49166666666666664 0.0225 0.06416666666666666
0 0.5225 0.49666666666666665 0.016666666666666666 0.06416666666666666
0 0.7883333333333333 0.525 0.024166666666666666 0.06416666666666666
0 0.5558333333333333 0.5275 0.016666666666666666 0.07666666666666666
0 0.52 0.5375 0.016666666666666666 0.065
0 0.7641666666666667 0.5375 0.035833333333333335 0.0575
0 0.7941666666666667 0.5525 0.0225 0.0575
0 0.7708333333333334 0.57 0.035833333333333335 0.05333333333333334
0 0.68 0.6091666666666666 0.05333333333333334 0.04
0 0.26666666666666666 0.6641666666666667 0.02 0.075
0 0.3525 0.6916666666666667 0.034166666666666665 0.03666666666666667
0 0.2725 0.7033333333333334 0.04416666666666667 0.0475
0 0.245 0.7291666666666666 0.0175 0.06916666666666667
0 0.22833333333333333 0.73 0.030833333333333334 0.06166666666666667
0 0.2608333333333333 0.7483333333333333 0.024166666666666666 0.065
0 0.24833333333333332 0.7716666666666666 0.023333333333333334 0.06
0 0.1825 0.7716666666666666 0.03666666666666667 0.05333333333333334
0 0.195 0.775 0.03333333333333333 0.07333333333333333
0 0.2325 0.7825 0.016666666666666666 0.07
0 0.8683333333333333 0.7833333333333333 0.04 0.0575
0 0.21833333333333332 0.79 0.0175 0.060833333333333336
0 0.8191666666666667 0.8183333333333334 0.043333333333333335 0.051666666666666666
0 0.22 0.8258333333333333 0.015833333333333335 0.06833333333333333
0 0.19666666666666666 0.8366666666666667 0.0225 0.08
0 0.20583333333333334 0.8825 0.029166666666666667 0.07
0 0.4608333333333333 0.11916666666666667 0.03166666666666667 0.0575
0 0.465 0.14666666666666667 0.0225 0.07416666666666667
0 0.44083333333333335 0.17 0.015833333333333335 0.06333333333333334
0 0.4525 0.195 0.016666666666666666 0.07166666666666667
0 0.475 0.19583333333333333 0.023333333333333334 0.059166666666666666
0 0.4666666666666667 0.22333333333333333 0.021666666666666667 0.0725
0 0.4683333333333333 0.2658333333333333 0.034166666666666665 0.0725
0 0.7533333333333333 0.2808333333333333 0.04416666666666667 0.05416666666666667
0 0.7666666666666667 0.35333333333333333 0.03 0.08916666666666667
0 0.53 0.43583333333333335 0.0375 0.0375
0 0.5158333333333334 0.44916666666666666 0.041666666666666664 0.03666666666666667