0 0.4058333333333333 0.5533333333333333 0.04083333333333333 0.056666666666666664
0 0.425 0.5508333333333333 0.015 0.025833333333333333
0 0.12916666666666668 0.535 0.02666666666666667 0.05583333333333333
0 0.1175 0.5341666666666667 0.020833333333333332 0.0875
0 0.16166666666666665 0.5333333333333333 0.025 0.025833333333333333
0 0.10666666666666667 0.525 0.02 0.055
0 0.15166666666666667 0.5166666666666667 0.034166666666666665 0.0375
0 0.4325 0.5108333333333334 0.03833333333333333 0.04
0 0.4116666666666667 0.5058333333333334 0.03 0.06666666666666667
0 0.08916666666666667 0.48833333333333334 0.02 0.0625
0 0.13916666666666666 0.4875 0.034166666666666665 0.03
0 0.08833333333333333 0.4683333333333333 0.021666666666666667 0.06833333333333333
0 0.39 0.4666666666666667 0.023333333333333334 0.07583333333333334
0 0.12416666666666666 0.4633333333333333 0.035 0.06166666666666667
0 0.11 0.455 0.0225 0.050833333333333335
0 0.09916666666666667 0.41 0.018333333333333333 0.06583333333333333
0 0.10416666666666667 0.40166666666666667 0.020833333333333332 0.06
0 0.12333333333333334 0.4 0.03166666666666667 0.0525
0 0.21833333333333332 0.355 0.0325 0.07666666666666666
0 0.12666666666666668 0.3491666666666667 0.028333333333333332 0.05333333333333334
0 0.7175 0.30583333333333335 0.035 0.0525
0 0.4041666666666667 0.295 0.04666666666666667 0.07416666666666667
0 0.7941666666666667 0.2916666666666667 0.03333333333333333 0.03333333333333333
0 0.9183333333333333 0.27666666666666667 0.03333333333333333 0.09166666666666666
0 0.4375 0.2758333333333333 0.0375 0.07416666666666667
0 0.415 0.27166666666666667 0.0375 0.06
0 0.9791666666666666 0.2675 0.0325 0.0725
0 0.8141666666666667 0.26416666666666666 0.04416666666666667 0.06416666666666666
0 0.7975 0.2608333333333333 0.03166666666666667 0.05333333333333334
0 0.7675 0.24333333333333335 0.03333333333333333 0.0875
0 0.8225 0.23666666666666666 0.025 0.04833333333333333
0 0.4216666666666667 0.23 0.04583333333333333 0.04
0 0.36583333333333334 0.22583333333333333 0.03916666666666667 0.0675
0 0.7825 0.21666666666666667 0.0375 0.043333333333333335
0 0.8033333333333333 0.20666666666666667 0.04 0.028333333333333332
0 0.985 0.195 0.02666666666666667 0.09333333333333334
0 0.34833333333333333 0.18666666666666668 0.05583333333333333 0.0375
0 0.7925 0.18416666666666667 0.034166666666666665 0.0275
0 0.925 0.18 0.049166666666666664 0.06916666666666667
0 0.8116666666666666 0.17833333333333334 0.04583333333333333 0.035833333333333335
0 0.7675 0.16333333333333333 0.06 0.04583333333333333
0 0.8108333333333333 0.15416666666666667 0.03916666666666667 0.025
0 0.7966666666666666 0.13333333333333333 0.030833333333333334 0.034166666666666665
0 0.9866666666666667 0.11666666666666667 0.025833333333333333 0.07083333333333333
0 0.95 0.11416666666666667 0.0375 0.06
0 0.15333333333333332 0.09416666666666666 0.02666666666666667 0.07166666666666667
0 0.19833333333333333 0.07 0.04083333333333333 0.055
0 0.18083333333333335 0.029166666666666667 0.03166666666666667 0.0425
0 0.155 0.0125 0.025833333333333333 0.024166666666666666
0 0.18 0.011666666666666667 0.03166666666666667 0.0225
0 0.10416666666666667 0.9141666666666667 0.04416666666666667 0.04416666666666667
0 0.08916666666666667 0.8725 0.02666666666666667 0.050833333333333335
0 0.1075 0.85 0.020833333333333332 0.058333333333333334
0 0.08833333333333333 0.8275 0.025 0.06916666666666667
0 0.125 0.805 0.023333333333333334 0.0625
0 0.32 0.795 0.018333333333333333 0.07583333333333334
0 0.11583333333333333 0.7833333333333333 0.0275 0.07
0 0.8058333333333333 0.7741666666666667 0.0475 0.07
0 0.09583333333333334 0.7733333333333333 0.0175 0.0575
0 0.11583333333333333 0.7383333333333333 0.021666666666666667 0.058333333333333334
0 0.10583333333333333 0.7233333333333334 0.021666666666666667 0.056666666666666664
0 0.7858333333333334 0.72 0.0525 0.04833333333333333
0 0.135 0.68 0.021666666666666667 0.06666666666666667
0 0.10666666666666667 0.6591666666666667 0.018333333333333333 0.0625
0 0.8383333333333334 0.6575 0.043333333333333335 0.08083333333333333
0 0.12166666666666667 0.6366666666666667 0.019166666666666665 0.0625
0 0.1425 0.635 0.018333333333333333 0.06
0 0.0875 0.6325 0.019166666666666665 0.0625
0 0.15666666666666668 0.6133333333333333 0.021666666666666667 0.045
0 0.15333333333333332 0.5958333333333333 0.019166666666666665 0.04833333333333333
0 0.12916666666666668 0.5925 0.019166666666666665 0.06833333333333333
0 0.1775 0.5808333333333333 0.0325 0.07833333333333334
0 0.14 0.58 0.02666666666666667 0.041666666666666664
0 0.10916666666666666 0.58 0.0175 0.06583333333333333
0 0.095 0.5791666666666667 0.020833333333333332 0.07583333333333334
0 0.41083333333333333 0.575 0.049166666666666664 0.051666666666666666
0 0.15 0.5566666666666666 0.0275 0.0525