0 0.8758333333333334 0.4675 0.0225 0.07833333333333334
0 0.49583333333333335 0.47 0.021666666666666667 0.08166666666666667
0 0.8033333333333333 0.5233333333333333 0.045 0.06
0 0.985 0.5833333333333334 0.029166666666666667 0.05333333333333334
0 0.3566666666666667 0.5908333333333333 0.0225 0.08583333333333333
0 0.35 0.6433333333333333 0.019166666666666665 0.0775
0 0.37916666666666665 0.6591666666666667 0.03333333333333333 0.03833333333333333
0 0.32666666666666666 0.66 0.0275 0.06583333333333333
0 0.31333333333333335 0.67 0.029166666666666667 0.051666666666666666
0 0.2791666666666667 0.71 0.045 0.04083333333333333
0 0.3283333333333333 0.7125 0.02 0.06166666666666667
0 0.31166666666666665 0.725 0.03166666666666667 0.065
0 0.2633333333333333 0.7275 0.035 0.0475
0 0.30333333333333334 0.7458333333333333 0.03166666666666667 0.043333333333333335
0 0.2758333333333333 0.7483333333333333 0.0375 0.049166666666666664
0 0.29833333333333334 0.7808333333333334 0.0225 0.07583333333333334
0 0.2725 0.785 0.03666666666666667 0.07166666666666667
0 0.8058333333333333 0.9641666666666666 0.03 0.07083333333333333
0 0.5766666666666667 0.345 0.0425 0.04416666666666667
0 0.6166666666666667 0.36666666666666664 0.03833333333333333 0.060833333333333336
0 0.5883333333333334 0.39 0.029166666666666667 0.059166666666666666
0 0.5716666666666667 0.39416666666666667 0.03833333333333333 0.07333333333333333
0 0.6066666666666667 0.3958333333333333 0.030833333333333334 0.059166666666666666
0 0.6266666666666667 0.4058333333333333 0.035 0.055
0 0.8883333333333333 0.41833333333333333 0.025833333333333333 0.085
0 0.8583333333333333 0.42833333333333334 0.03833333333333333 0.07333333333333333
0 0.595 0.4525 0.025833333333333333 0.0675
0 0.8516666666666667 0.4608333333333333 0.030833333333333334 0.07583333333333334