0 0.41083333333333333 0.4741666666666667 0.04833333333333333 0.045
0 0.475 0.4875 0.03 0.0675
0 0.33166666666666667 0.495 0.04083333333333333 0.03666666666666667
0 0.6225 0.4975 0.0275 0.050833333333333335
0 0.45416666666666666 0.5008333333333334 0.03666666666666667 0.06916666666666667
0 0.31583333333333335 0.5058333333333334 0.04083333333333333 0.04666666666666667
0 0.2941666666666667 0.5141666666666667 0.043333333333333335 0.03916666666666667
0 0.7266666666666667 0.5333333333333333 0.019166666666666665 0.08333333333333333
0 0.35 0.5341666666666667 0.03333333333333333 0.0625
0 0.7525 0.5433333333333333 0.04 0.06583333333333333
0 0.7833333333333333 0.5708333333333333 0.0375 0.0525
0 0.7316666666666667 0.5841666666666666 0.02 0.08666666666666667
0 0.7858333333333334 0.5883333333333334 0.03833333333333333 0.04583333333333333
0 0.7483333333333333 0.5983333333333334 0.0275 0.07083333333333333
0 0.7483333333333333 0.6166666666666667 0.03166666666666667 0.0775
0 0.8008333333333333 0.6316666666666667 0.021666666666666667 0.0875
0 0.7616666666666667 0.6358333333333334 0.02 0.07416666666666667
0 0.7875 0.6375 0.019166666666666665 0.0775
0 0.7758333333333334 0.64 0.0175 0.08
0 0.7983333333333333 0.7 0.02666666666666667 0.07666666666666666
0 0.775 0.7108333333333333 0.029166666666666667 0.085
0 0.15083333333333335 0.7125 0.045 0.0375
0 0.19166666666666668 0.7291666666666666 0.025 0.07083333333333333
0 0.5091666666666667 0.15083333333333335 0.025 0.08
0 0.37916666666666665 0.18166666666666667 0.04083333333333333 0.04
0 0.5325 0.19916666666666666 0.025833333333333333 0.0675
0 0.375 0.21166666666666667 0.041666666666666664 0.049166666666666664
0 0.36333333333333334 0.21416666666666667 0.025833333333333333 0.04416666666666667
0 0.5291666666666667 0.23833333333333334 0.020833333333333332 0.07083333333333333
0 0.36583333333333334 0.2475 0.04416666666666667 0.0475
0 0.3675 0.27666666666666667 0.03333333333333333 0.0675
0 0.4225 0.4141666666666667 0.018333333333333333 0.0875
0 0.4066666666666667 0.42 0.02 0.07833333333333334
0 0.44666666666666666 0.43333333333333335 0.03333333333333333 0.05
0 0.4675 0.4425 0.03833333333333333 0.056666666666666664
0 0.44916666666666666 0.4633333333333333 0.030833333333333334 0.05583333333333333