0 0.43666666666666665 0.15083333333333335 0.03916666666666667 0.06166666666666667
0 0.6241666666666666 0.19 0.051666666666666666 0.06916666666666667
0 0.43916666666666665 0.20416666666666666 0.028333333333333332 0.0675
0 0.655 0.23583333333333334 0.043333333333333335 0.05
0 0.49 0.23583333333333334 0.04083333333333333 0.03666666666666667
0 0.6808333333333333 0.2375 0.045 0.04666666666666667
0 0.42833333333333334 0.245 0.019166666666666665 0.08333333333333333
0 0.45 0.25833333333333336 0.0325 0.0425
0 0.7283333333333334 0.26166666666666666 0.050833333333333335 0.05333333333333334
0 0.4683333333333333 0.26416666666666666 0.050833333333333335 0.04583333333333333
0 0.39666666666666667 0.28583333333333333 0.0425 0.058333333333333334
0 0.6858333333333333 0.2891666666666667 0.03666666666666667 0.05416666666666667
0 0.5475 0.29583333333333334 0.035833333333333335 0.06666666666666667
0 0.6341666666666667 0.3416666666666667 0.020833333333333332 0.07833333333333334
0 0.6108333333333333 0.35583333333333333 0.015833333333333335 0.05583333333333333
0 0.6016666666666667 0.365 0.02 0.08083333333333333
0 0.985 0.4275 0.02666666666666667 0.085