0 0.5141666666666667 0.9908333333333333 0.008333333333333333 0.015
0 0.5233333333333333 0.99 0.01 0.016666666666666666
0 0.5125 0.9741666666666666 0.005833333333333334 0.016666666666666666
0 0.1225 0.21166666666666667 0.019166666666666665 0.04083333333333333
0 0.13416666666666666 0.19416666666666665 0.025 0.05333333333333334
0 0.1425 0.19 0.018333333333333333 0.025
0 0.13916666666666666 0.17916666666666667 0.016666666666666666 0.025
0 0.06333333333333334 0.15583333333333332 0.035833333333333335 0.03
0 0.12666666666666668 0.155 0.016666666666666666 0.03833333333333333
0 0.06666666666666667 0.13333333333333333 0.02666666666666667 0.028333333333333332
0 0.03166666666666667 0.12 0.02 0.04666666666666667
0 0.060833333333333336 0.12 0.019166666666666665 0.0375
0 0.05333333333333334 0.115 0.0175 0.04583333333333333
0 0.043333333333333335 0.1025 0.015833333333333335 0.05416666666666667
0 0.0625 0.09083333333333334 0.016666666666666666 0.04416666666666667
0 0.024166666666666666 0.09 0.015 0.04666666666666667
0 0.0075 0.07916666666666666 0.014166666666666666 0.0275
0 0.7375 0.9475 0.014166666666666666 0.021666666666666667
0 0.4483333333333333 0.935 0.01 0.016666666666666666
0 0.4475 0.9191666666666667 0.0125 0.028333333333333332
0 0.44916666666666666 0.9125 0.006666666666666667 0.025833333333333333
0 0.5133333333333333 0.8866666666666667 0.015 0.0325
0 0.4691666666666667 0.8833333333333333 0.0125 0.0325
0 0.9891666666666666 0.805 0.018333333333333333 0.05333333333333334
0 0.5183333333333333 0.9975 0.01 0.0016666666666666668
0 0.525 0.995 0.013333333333333334 0.006666666666666667