0 0.24333333333333335 0.5316666666666666 0.018333333333333333 0.0475
0 0.25583333333333336 0.5208333333333334 0.021666666666666667 0.060833333333333336
0 0.7041666666666667 0.9641666666666666 0.021666666666666667 0.06833333333333333
0 0.7591666666666667 0.49916666666666665 0 0.0008333333333333334
0 0.22166666666666668 0.4925 0.0225 0.07166666666666667
0 0.18333333333333332 0.49083333333333334 0.03833333333333333 0.055
0 0.24 0.4866666666666667 0.015 0.065
0 0.25583333333333336 0.4775 0.03166666666666667 0.065
0 0.22583333333333333 0.46166666666666667 0.013333333333333334 0.07833333333333334
0 0.265 0.44166666666666665 0.025833333333333333 0.07583333333333334
0 0.2816666666666667 0.4175 0.018333333333333333 0.049166666666666664
0 0.24 0.41583333333333333 0.0225 0.06833333333333333
0 0.24583333333333332 0.405 0.015 0.0425
0 0.2683333333333333 0.4 0.014166666666666666 0.0675
0 0.2833333333333333 0.3825 0.029166666666666667 0.060833333333333336
0 0.25333333333333335 0.36916666666666664 0.019166666666666665 0.075
0 0.4266666666666667 0.33416666666666667 0.03166666666666667 0.03916666666666667
0 0.4041666666666667 0.3325 0.029166666666666667 0.035833333333333335
0 0.5916666666666667 0.9525 0.02 0.06583333333333333
0 0.39666666666666667 0.305 0.030833333333333334 0.029166666666666667
0 0.4141666666666667 0.29833333333333334 0.03 0.0375
0 0.4325 0.295 0.029166666666666667 0.03916666666666667
0 0.4041666666666667 0.2658333333333333 0.03833333333333333 0.03666666666666667
0 0.3858333333333333 0.2633333333333333 0.02666666666666667 0.056666666666666664
0 0.4166666666666667 0.25666666666666665 0.035 0.035833333333333335
0 0.43083333333333335 0.24416666666666667 0.021666666666666667 0.04
0 0.4533333333333333 0.22666666666666666 0.0225 0.060833333333333336
0 0.4075 0.22083333333333333 0.030833333333333334 0.043333333333333335
0 0.37416666666666665 0.2175 0.0375 0.04
0 0.43166666666666664 0.21583333333333332 0.03333333333333333 0.07166666666666667
0 0.41833333333333333 0.20916666666666667 0.029166666666666667 0.03166666666666667
0 0.355 0.195 0.041666666666666664 0.035833333333333335
0 0.3933333333333333 0.18416666666666667 0.04583333333333333 0.02666666666666667
0 0.5233333333333333 0.9358333333333333 0.023333333333333334 0.04
0 0.5066666666666667 0.9091666666666667 0.021666666666666667 0.0275
0 0.5291666666666667 0.8833333333333333 0.0275 0.07
0 0.7075 0.9966666666666667 0.021666666666666667 0.005833333333333334
0 0.6775 0.9958333333333333 0.02 0.0075
0 0.13333333333333333 0.795 0.021666666666666667 0.06833333333333333
0 0.41 0.7825 0.0225 0.075
0 0.14166666666666666 0.7458333333333333 0.023333333333333334 0.06833333333333333
0 0.69 0.9808333333333333 0.016666666666666666 0.035
0 0.15666666666666668 0.7141666666666666 0.019166666666666665 0.06333333333333334
0 0.145 0.6958333333333333 0.020833333333333332 0.08083333333333333
0 0.16916666666666666 0.6916666666666667 0.021666666666666667 0.07666666666666666
0 0.20083333333333334 0.6658333333333334 0.025833333333333333 0.035833333333333335
0 0.24833333333333332 0.655 0.025833333333333333 0.06666666666666667
0 0.22166666666666668 0.6341666666666667 0.02 0.07333333333333333
0 0.23583333333333334 0.5533333333333333 0.0225 0.08083333333333333