0 0.7391666666666666 0.4775 0.023333333333333334 0.055
0 0.7058333333333333 0.4841666666666667 0.0375 0.02666666666666667
0 0.7616666666666667 0.505 0.035833333333333335 0.0325
0 0.7066666666666667 0.5066666666666667 0.035833333333333335 0.0325
0 0.74 0.5066666666666667 0.03916666666666667 0.04833333333333333
0 0.7883333333333333 0.5175 0.0175 0.0925
0 0.7116666666666667 0.5308333333333334 0.0325 0.03166666666666667
0 0.7625 0.5358333333333334 0.035 0.04
0 0.69 0.5416666666666666 0.03916666666666667 0.03166666666666667
0 0.7341666666666666 0.55 0.03666666666666667 0.043333333333333335
0 0.7608333333333334 0.5558333333333333 0.028333333333333332 0.02666666666666667
0 0.7008333333333333 0.5625 0.0325 0.028333333333333332
0 0.655 0.5708333333333333 0.0375 0.03333333333333333
0 0.7608333333333334 0.5758333333333333 0.029166666666666667 0.03166666666666667
0 0.6933333333333334 0.5875 0.035833333333333335 0.0325
0 0.7308333333333333 0.5908333333333333 0.0325 0.04666666666666667
0 0.6683333333333333 0.6091666666666666 0.0375 0.0325
0 0.6391666666666667 0.6175 0.025 0.049166666666666664
0 0.7325 0.6208333333333333 0.035 0.049166666666666664
0 0.6183333333333333 0.06416666666666666 0.03833333333333333 0.035
0 0.6675 0.6475 0.0325 0.049166666666666664
0 0.7458333333333333 0.6575 0.029166666666666667 0.06916666666666667
0 0.6841666666666667 0.6666666666666666 0.03916666666666667 0.045
0 0.7216666666666667 0.6733333333333333 0.028333333333333332 0.06166666666666667
0 0.6458333333333334 0.6933333333333334 0.04083333333333333 0.0575
0 0.6683333333333333 0.6983333333333334 0.03333333333333333 0.050833333333333335
0 0.6966666666666667 0.7075 0.0325 0.049166666666666664
0 0.6741666666666667 0.7166666666666667 0.03 0.04666666666666667
0 0.6375 0.07333333333333333 0.0375 0.04
0 0.7141666666666666 0.7516666666666667 0.03166666666666667 0.0725
0 0.665 0.07583333333333334 0.035 0.041666666666666664
0 0.6641666666666667 0.7591666666666667 0.030833333333333334 0.05583333333333333
0 0.6683333333333333 0.7841666666666667 0.02666666666666667 0.05
0 0.6991666666666667 0.085 0.0375 0.04666666666666667
0 0.21333333333333335 0.8575 0.045 0.045
0 0.2175 0.88 0.041666666666666664 0.04833333333333333
0 0.23833333333333334 0.88 0.020833333333333332 0.035
0 0.67 0.09083333333333334 0.034166666666666665 0.023333333333333334
0 0.6358333333333334 0.09166666666666666 0.03166666666666667 0.0325
0 0.5633333333333334 0.9508333333333333 0.0225 0.07333333333333333
0 0.6683333333333333 0.10583333333333333 0.028333333333333332 0.029166666666666667
0 0.6883333333333334 0.10666666666666667 0.025 0.02666666666666667
0 0.655 0.11916666666666667 0.04 0.035
0 0.6808333333333333 0.12916666666666668 0.03916666666666667 0.03166666666666667
0 0.6358333333333334 0.14333333333333334 0.035 0.0375
0 0.7075 0.15666666666666668 0.0375 0.04416666666666667
0 0.6841666666666667 0.1575 0.04 0.0575
0 0.6591666666666667 0.16083333333333333 0.035 0.04833333333333333
0 0.215 0.2808333333333333 0.05 0.060833333333333336
0 0.6641666666666667 0.33666666666666667 0.016666666666666666 0.060833333333333336
0 0.6508333333333334 0.3466666666666667 0.023333333333333334 0.0675
0 0.24833333333333332 0.37333333333333335 0.02666666666666667 0.07
0 0.6858333333333333 0.37416666666666665 0.021666666666666667 0.06
0 0.7016666666666667 0.38666666666666666 0.0225 0.0775
0 0.6566666666666666 0.3883333333333333 0.0375 0.065
0 0.6725 0.3883333333333333 0.024166666666666666 0.055
0 0.6666666666666666 0.3925 0.019166666666666665 0.06
0 0.23833333333333334 0.39666666666666667 0.015 0.04833333333333333
0 0.7033333333333334 0.4191666666666667 0.04083333333333333 0.03666666666666667
0 0.665 0.425 0.0325 0.04416666666666667
0 0.6933333333333334 0.43 0.04083333333333333 0.030833333333333334
0 0.2633333333333333 0.44166666666666665 0.04083333333333333 0.050833333333333335
0 0.2816666666666667 0.4475 0.049166666666666664 0.0475
0 0.7475 0.45166666666666666 0.029166666666666667 0.058333333333333334
0 0.7166666666666667 0.4533333333333333 0.034166666666666665 0.0425
0 0.685 0.46 0.034166666666666665 0.035833333333333335