0 0.21833333333333332 0.29333333333333333 0.06666666666666667 0.085
0 0.2816666666666667 0.1875 0.0525 0.14416666666666667
0 0.5516666666666666 0.16833333333333333 0.06416666666666666 0.13333333333333333
0 0.7641666666666667 0.12583333333333332 0.07166666666666667 0.12416666666666666
0 0.6825 0.011666666666666667 0.07916666666666666 0.0225
0 0.47583333333333333 0.7583333333333333 0.06166666666666667 0.12333333333333334
0 0.41333333333333333 0.6475 0.055 0.13583333333333333
0 0.30333333333333334 0.6441666666666667 0.0725 0.09666666666666666
0 0.23666666666666666 0.6208333333333333 0.06 0.12583333333333332
0 0.005833333333333334 0.5891666666666666 0.011666666666666667 0.1275
0 0.5233333333333333 0.5775 0.06583333333333333 0.10833333333333334
0 0.30833333333333335 0.5458333333333333 0.07666666666666666 0.08666666666666667
0 0.20416666666666666 0.535 0.08333333333333333 0.06916666666666667