0 0.5525 0.5325 0.03 0.07416666666666667
0 0.33916666666666667 0.525 0.019166666666666665 0.08166666666666667
0 0.5116666666666667 0.5158333333333334 0.02 0.04833333333333333
0 0.52 0.5041666666666667 0.0325 0.059166666666666666
0 0.325 0.49916666666666665 0.025 0.07583333333333334
0 0.35 0.49833333333333335 0.015833333333333335 0.0675
0 0.5508333333333333 0.49083333333333334 0.03 0.055
0 0.49333333333333335 0.47333333333333333 0.019166666666666665 0.06333333333333334
0 0.5283333333333333 0.4716666666666667 0.020833333333333332 0.0725
0 0.4816666666666667 0.4683333333333333 0.015833333333333335 0.06833333333333333
0 0.3641666666666667 0.46166666666666667 0.018333333333333333 0.09166666666666666
0 0.51 0.44333333333333336 0.016666666666666666 0.0725
0 0.5441666666666667 0.435 0.030833333333333334 0.06166666666666667
0 0.4975 0.43416666666666665 0.014166666666666666 0.07166666666666667
0 0.41583333333333333 0.43 0.02 0.0675
0 0.38166666666666665 0.43 0.02 0.08583333333333333
0 0.35333333333333333 0.42916666666666664 0.025833333333333333 0.06916666666666667
0 0.5316666666666666 0.42583333333333334 0.019166666666666665 0.059166666666666666
0 0.4716666666666667 0.42583333333333334 0.015833333333333335 0.07166666666666667
0 0.46 0.4083333333333333 0.016666666666666666 0.0825
0 0.5141666666666667 0.4033333333333333 0.015833333333333335 0.06583333333333333
0 0.48333333333333334 0.4025 0.016666666666666666 0.0825
0 0.43166666666666664 0.39916666666666667 0.016666666666666666 0.08
0 0.49166666666666664 0.39666666666666667 0.014166666666666666 0.059166666666666666
0 0.4508333333333333 0.39166666666666666 0.0225 0.07166666666666667
0 0.37333333333333335 0.38916666666666666 0.018333333333333333 0.085
0 0.41333333333333333 0.3883333333333333 0.025 0.07
0 0.3525 0.3875 0.03333333333333333 0.0575
0 0.5 0.37666666666666665 0.016666666666666666 0.06916666666666667
0 0.5175 0.36916666666666664 0.024166666666666666 0.05583333333333333
0 0.535 0.36833333333333335 0.016666666666666666 0.060833333333333336
0 0.38666666666666666 0.3575 0.02 0.0675
0 0.4741666666666667 0.3541666666666667 0.0175 0.07916666666666666
0 0.41333333333333333 0.3466666666666667 0.029166666666666667 0.07583333333333334
0 0.44166666666666665 0.345 0.015 0.08583333333333333
0 0.4041666666666667 0.3416666666666667 0.0225 0.07583333333333334
0 0.43166666666666664 0.33416666666666667 0.02 0.075
0 0.48833333333333334 0.3325 0.015833333333333335 0.0725
0 0.5091666666666667 0.3283333333333333 0.019166666666666665 0.06
0 0.5383333333333333 0.3225 0.015833333333333335 0.06583333333333333
0 0.525 0.31666666666666665 0.0225 0.08
0 0.4666666666666667 0.31416666666666665 0.020833333333333332 0.0825
0 0.4533333333333333 0.30833333333333335 0.015833333333333335 0.0825
0 0.505 0.30333333333333334 0.02666666666666667 0.06916666666666667
0 0.49166666666666664 0.28 0.03166666666666667 0.0625
0 0.5383333333333333 0.2725 0.0425 0.055
0 0.49416666666666664 0.24166666666666667 0.0275 0.04416666666666667
0 0.8866666666666667 0.17583333333333334 0.02666666666666667 0.06833333333333333
0 0.8725 0.14333333333333334 0.02666666666666667 0.08166666666666667
0 0.89 0.11916666666666667 0.023333333333333334 0.065
0 0.8658333333333333 0.08166666666666667 0.034166666666666665 0.0775
0 0.8875 0.06416666666666666 0.021666666666666667 0.06833333333333333
0 0.91 0.06416666666666666 0.021666666666666667 0.0775
0 0.9016666666666666 0.0625 0.023333333333333334 0.055
0 0.9258333333333333 0.035833333333333335 0.0225 0.07083333333333333
0 0.9475 0.0275 0.028333333333333332 0.051666666666666666
0 0.9083333333333333 0.025 0.025833333333333333 0.04833333333333333
0 0.8933333333333333 0.025 0.045 0.049166666666666664
0 0.9458333333333333 0.013333333333333334 0.03166666666666667 0.023333333333333334
0 0.8975 0.008333333333333333 0.03916666666666667 0.015833333333333335
0 0.9283333333333333 0.005833333333333334 0.025 0.010833333333333334
0 0.31166666666666665 0.635 0.018333333333333333 0.08416666666666667
0 0.32916666666666666 0.6025 0.021666666666666667 0.0875
0 0.3025 0.5708333333333333 0.0225 0.08583333333333333
0 0.3491666666666667 0.5566666666666666 0.015833333333333335 0.075
0 0.3225 0.5558333333333333 0.019166666666666665 0.06666666666666667