0 0.18916666666666668 0.42583333333333334 0.0725 0.11833333333333333
0 0.1475 0.42333333333333334 0.05 0.12833333333333333
0 0.31333333333333335 0.39416666666666667 0.08333333333333333 0.09666666666666666
0 0.21583333333333332 0.3591666666666667 0.07583333333333334 0.12666666666666668
0 0.5941666666666666 0.2325 0.08083333333333333 0.12583333333333332
0 0.8266666666666667 0.9275 0.07083333333333333 0.10416666666666667
0 0.6541666666666667 0.16166666666666665 0.07916666666666666 0.11333333333333333
0 0.6441666666666667 0.0675 0.08416666666666667 0.08666666666666667
0 0.6175 0.023333333333333334 0.085 0.04583333333333333
0 0.5483333333333333 0.014166666666666666 0.0825 0.02666666666666667
0 0.8541666666666666 0.015 0.04416666666666667 0.029166666666666667
0 0.805 0.8575 0.07916666666666666 0.12
0 0.9783333333333334 0.8366666666666667 0.0425 0.09333333333333334
0 0.57 0.765 0.06833333333333333 0.1125
0 0.9633333333333334 0.7325 0.07 0.08166666666666667
0 0.9608333333333333 0.65 0.075 0.10666666666666667
0 0.13833333333333334 0.65 0.085 0.08083333333333333
0 0.1875 0.9616666666666667 0.051666666666666666 0.07333333333333333
0 0.9825 0.5783333333333334 0.034166666666666665 0.08916666666666667
0 0.1175 0.5741666666666667 0.07583333333333334 0.095
0 0.18833333333333332 0.56 0.08166666666666667 0.09166666666666666