0 0.5716666666666667 0.5466666666666666 0.04583333333333333 0.08083333333333333
0 0.5433333333333333 0.5158333333333334 0.0525 0.03916666666666667
0 0.4083333333333333 0.5075 0.03333333333333333 0.08416666666666667
0 0.5758333333333333 0.5075 0.03 0.07166666666666667
0 0.5166666666666667 0.48 0.0475 0.041666666666666664
0 0.56 0.4775 0.035 0.0625
0 0.5808333333333333 0.46166666666666667 0.025 0.08666666666666667
0 0.5208333333333334 0.44333333333333336 0.04666666666666667 0.051666666666666666
0 0.5533333333333333 0.43583333333333335 0.021666666666666667 0.08666666666666667
0 0.5991666666666666 0.42833333333333334 0.024166666666666666 0.08833333333333333
0 0.5741666666666667 0.4125 0.023333333333333334 0.0925
0 0.545 0.38083333333333336 0.03333333333333333 0.08583333333333333
0 0.5675 0.36916666666666664 0.029166666666666667 0.0925
0 0.6108333333333333 0.2833333333333333 0.045 0.058333333333333334
0 0.655 0.25 0.049166666666666664 0.04666666666666667
0 0.6383333333333333 0.2425 0.060833333333333336 0.043333333333333335
0 0.6825 0.23666666666666666 0.04416666666666667 0.05
0 0.7008333333333333 0.21333333333333335 0.04833333333333333 0.041666666666666664
0 0.48 0.6508333333333334 0.0225 0.08916666666666667
0 0.46 0.6233333333333333 0.03166666666666667 0.08166666666666667
0 0.44083333333333335 0.6225 0.045 0.051666666666666666
0 0.4116666666666667 0.6166666666666667 0.0425 0.04
0 0.48833333333333334 0.6166666666666667 0.03666666666666667 0.06583333333333333
0 0.5083333333333333 0.6075 0.03333333333333333 0.0825
0 0.405 0.5808333333333333 0.04 0.058333333333333334
0 0.455 0.58 0.035 0.06
0 0.43 0.5791666666666667 0.030833333333333334 0.06916666666666667
0 0.3858333333333333 0.5775 0.03333333333333333 0.05333333333333334
0 0.5125 0.5741666666666667 0.04 0.07833333333333334
0 0.4816666666666667 0.5716666666666667 0.03333333333333333 0.065
0 0.5316666666666666 0.5716666666666667 0.03166666666666667 0.07166666666666667
0 0.4116666666666667 0.5625 0.03666666666666667 0.08583333333333333
0 0.45416666666666666 0.5533333333333333 0.03833333333333333 0.06583333333333333