0 0.48083333333333333 0.495 0.023333333333333334 0.08583333333333333
0 0.5141666666666667 0.4891666666666667 0.029166666666666667 0.0625
0 0.5025 0.47833333333333333 0.025 0.07583333333333334
0 0.785 0.4508333333333333 0.03166666666666667 0.0725
0 0.535 0.44916666666666666 0.0225 0.10333333333333333
0 0.49583333333333335 0.44 0.018333333333333333 0.07916666666666666
0 0.76 0.4325 0.035833333333333335 0.07
0 0.7916666666666666 0.4191666666666667 0.030833333333333334 0.06416666666666666
0 0.7658333333333334 0.395 0.04 0.04833333333333333
0 0.6683333333333333 0.3616666666666667 0.055 0.051666666666666666
0 0.22833333333333333 0.29333333333333333 0.029166666666666667 0.09
0 0.2791666666666667 0.2683333333333333 0.050833333333333335 0.04666666666666667
0 0.31833333333333336 0.265 0.03166666666666667 0.03916666666666667
0 0.19833333333333333 0.23 0.024166666666666666 0.09333333333333334
0 0.18 0.2225 0.035 0.07333333333333333
0 0.21666666666666667 0.22 0.030833333333333334 0.1
0 0.2025 0.18333333333333332 0.030833333333333334 0.08166666666666667
0 0.12916666666666668 0.17666666666666667 0.0425 0.0575
0 0.17 0.1725 0.02666666666666667 0.095
0 0.875 0.17166666666666666 0.0425 0.0625
0 0.18666666666666668 0.17 0.023333333333333334 0.07416666666666667
0 0.14416666666666667 0.16583333333333333 0.04083333333333333 0.06166666666666667
0 0.825 0.13666666666666666 0.043333333333333335 0.05
0 0.16833333333333333 0.11916666666666667 0.020833333333333332 0.06916666666666667
0 0.15666666666666668 0.07166666666666667 0.0325 0.1
0 0.43583333333333335 0.895 0.035833333333333335 0.0725
0 0.43916666666666665 0.8683333333333333 0.029166666666666667 0.07916666666666666
0 0.4125 0.8525 0.02 0.08166666666666667
0 0.44583333333333336 0.8491666666666666 0.010833333333333334 0.03166666666666667
0 0.44666666666666666 0.8183333333333334 0.025 0.07166666666666667
0 0.4216666666666667 0.8141666666666667 0.02 0.08
0 0.44 0.7808333333333334 0.02666666666666667 0.09333333333333334
0 0.4125 0.7775 0.03 0.07666666666666666
0 0.7466666666666667 0.7125 0.051666666666666666 0.0575
0 0.7658333333333334 0.6391666666666667 0.0325 0.11166666666666666
0 0.5033333333333333 0.5466666666666666 0.04833333333333333 0.0375
0 0.48833333333333334 0.5366666666666666 0.04416666666666667 0.049166666666666664