0 0.3525 0.5375 0.034166666666666665 0.07583333333333334
0 0.7708333333333334 0.5608333333333333 0.035 0.065
0 0.31666666666666665 0.5866666666666667 0.0375 0.0725
0 0.2991666666666667 0.595 0.034166666666666665 0.0725
0 0.8416666666666667 0.0575 0.0225 0.05583333333333333
0 0.3375 0.5991666666666666 0.034166666666666665 0.04666666666666667
0 0.8741666666666666 0.058333333333333334 0.021666666666666667 0.051666666666666666
0 0.25083333333333335 0.6258333333333334 0.03833333333333333 0.055
0 0.15416666666666667 0.6316666666666667 0.023333333333333334 0.065
0 0.28 0.6366666666666667 0.016666666666666666 0.08166666666666667
0 0.31666666666666665 0.6508333333333334 0.03666666666666667 0.058333333333333334
0 0.2966666666666667 0.6525 0.023333333333333334 0.06833333333333333
0 0.225 0.6558333333333334 0.041666666666666664 0.03333333333333333
0 0.18833333333333332 0.6566666666666666 0.045 0.0425
0 0.15583333333333332 0.6633333333333333 0.03166666666666667 0.0275
0 0.7683333333333333 0.6691666666666667 0.021666666666666667 0.0875
0 0.2325 0.6716666666666666 0.0375 0.0325
0 0.2658333333333333 0.6766666666666666 0.03166666666666667 0.045
0 0.20416666666666666 0.6808333333333333 0.03166666666666667 0.034166666666666665
0 0.25166666666666665 0.6925 0.035 0.029166666666666667
0 0.165 0.6933333333333334 0.025 0.03833333333333333
0 0.18333333333333332 0.6941666666666667 0.035 0.0325
0 0.22583333333333333 0.7033333333333334 0.0325 0.025833333333333333
0 0.15416666666666667 0.71 0.0175 0.06416666666666666
0 0.20416666666666666 0.72 0.0325 0.03333333333333333
0 0.18 0.7208333333333333 0.0325 0.035833333333333335
0 0.2325 0.7241666666666666 0.0375 0.02666666666666667
0 0.09666666666666666 0.725 0.03833333333333333 0.05583333333333333
0 0.26666666666666666 0.7275 0.029166666666666667 0.051666666666666666
0 0.8633333333333333 0.07083333333333333 0.024166666666666666 0.03666666666666667
0 0.1725 0.7316666666666667 0.028333333333333332 0.04833333333333333
0 0.22166666666666668 0.75 0.03666666666666667 0.034166666666666665
0 0.135 0.7541666666666667 0.0325 0.04416666666666667
0 0.20166666666666666 0.7575 0.029166666666666667 0.04
0 0.17083333333333334 0.7583333333333333 0.034166666666666665 0.04083333333333333
0 0.2633333333333333 0.7625 0.04416666666666667 0.051666666666666666
0 0.1225 0.775 0.035 0.0475
0 0.08916666666666667 0.7766666666666666 0.0375 0.0325
0 0.15416666666666667 0.7783333333333333 0.03333333333333333 0.03
0 0.06666666666666667 0.795 0.024166666666666666 0.0825
0 0.2625 0.7958333333333333 0.03 0.05583333333333333
0 0.0925 0.8 0.035833333333333335 0.03
0 0.145 0.8025 0.035 0.028333333333333332
0 0.12 0.8091666666666667 0.03833333333333333 0.03666666666666667
0 0.17416666666666666 0.8391666666666666 0.051666666666666666 0.0425
0 0.13666666666666666 0.8433333333333334 0.05 0.0375
0 0.8333333333333334 0.0975 0.0375 0.059166666666666666
0 0.8766666666666667 0.09916666666666667 0.014166666666666666 0.055
0 0.86 0.10583333333333333 0.0225 0.06
0 0.8591666666666666 0.010833333333333334 0.024166666666666666 0.021666666666666667
0 0.8291666666666667 0.11666666666666667 0.029166666666666667 0.04416666666666667
0 0.8016666666666666 0.013333333333333334 0.02 0.025833333333333333
0 0.8383333333333334 0.015 0.02 0.03
0 0.8625 0.1575 0.02 0.07
0 0.8475 0.16416666666666666 0.023333333333333334 0.07166666666666667
0 0.8325 0.165 0.03 0.0725
0 0.8283333333333334 0.0175 0.023333333333333334 0.035
0 0.8708333333333333 0.205 0.016666666666666666 0.06583333333333333
0 0.85 0.22166666666666668 0.024166666666666666 0.0625
0 0.86 0.22333333333333333 0.010833333333333334 0.06916666666666667
0 0.8483333333333334 0.29333333333333333 0.025 0.075
0 0.8608333333333333 0.0325 0.025 0.04583333333333333
0 0.8108333333333333 0.034166666666666665 0.025833333333333333 0.0575
0 0.8216666666666667 0.39916666666666667 0.035 0.07583333333333334
0 0.8008333333333333 0.4683333333333333 0.0225 0.06916666666666667