0 0.4275 0.545 0.03166666666666667 0.09166666666666666
0 0.44333333333333336 0.5241666666666667 0.015833333333333335 0.095
0 0.46166666666666667 0.5116666666666667 0.035 0.0825
0 0.40166666666666667 0.5108333333333334 0.023333333333333334 0.095
0 0.43166666666666664 0.5016666666666667 0.019166666666666665 0.08416666666666667
0 0.24166666666666667 0.4825 0.041666666666666664 0.059166666666666666
0 0.2025 0.4741666666666667 0.043333333333333335 0.04
0 0.36083333333333334 0.47333333333333333 0.049166666666666664 0.04416666666666667
0 0.4608333333333333 0.47 0.023333333333333334 0.06916666666666667
0 0.18333333333333332 0.4666666666666667 0.04 0.051666666666666666
0 0.22416666666666665 0.445 0.04083333333333333 0.03833333333333333
0 0.63 0.3958333333333333 0.03166666666666667 0.0625
0 0.7325 0.38916666666666666 0.024166666666666666 0.09333333333333334
0 0.7633333333333333 0.36833333333333335 0.04083333333333333 0.04083333333333333
0 0.755 0.3333333333333333 0.021666666666666667 0.06
0 0.805 0.325 0.04416666666666667 0.06666666666666667
0 0.7758333333333334 0.32 0.02666666666666667 0.07083333333333333
0 0.8016666666666666 0.305 0.03833333333333333 0.06416666666666666
0 0.7666666666666667 0.29583333333333334 0.02 0.095
0 0.7466666666666667 0.27666666666666667 0.023333333333333334 0.06333333333333334
0 0.7908333333333334 0.25416666666666665 0.0175 0.08
0 0.7758333333333334 0.24833333333333332 0.024166666666666666 0.0925
0 0.81 0.245 0.028333333333333332 0.08416666666666667
0 0.1075 0.22666666666666666 0.041666666666666664 0.04833333333333333
0 0.8041666666666667 0.20583333333333334 0.03166666666666667 0.10166666666666667
0 0.15833333333333333 0.205 0.0425 0.045
0 0.5033333333333333 0.8341666666666666 0.019166666666666665 0.0975
0 0.5208333333333334 0.7991666666666667 0.025 0.08416666666666667
0 0.5183333333333333 0.7566666666666667 0.0225 0.08083333333333333
0 0.40166666666666667 0.7558333333333334 0.04583333333333333 0.04833333333333333
0 0.38666666666666666 0.7291666666666666 0.0475 0.041666666666666664
0 0.36333333333333334 0.7041666666666667 0.04583333333333333 0.04583333333333333
0 0.3541666666666667 0.6608333333333334 0.035 0.075
0 0.41583333333333333 0.5591666666666667 0.030833333333333334 0.08833333333333333