0 0.0033333333333333335 0.45 0.0033333333333333335 0.05333333333333334
0 0.22333333333333333 0.425 0.0175 0.06416666666666666
0 0.20583333333333334 0.4241666666666667 0.0125 0.028333333333333332
0 0.5008333333333334 0.415 0.024166666666666666 0.0675
0 0.21416666666666667 0.39666666666666667 0.021666666666666667 0.06916666666666667
0 0.2325 0.37666666666666665 0.018333333333333333 0.059166666666666666
0 0.25166666666666665 0.35833333333333334 0.020833333333333332 0.060833333333333336
0 0.2866666666666667 0.35333333333333333 0.035833333333333335 0.045
0 0.25916666666666666 0.32666666666666666 0.02666666666666667 0.06583333333333333
0 0.28 0.325 0.0325 0.03333333333333333
0 0.23916666666666667 0.32083333333333336 0.0275 0.07333333333333333
0 0.6775 0.9341666666666667 0.024166666666666666 0.051666666666666666
0 0.31583333333333335 0.24 0.019166666666666665 0.07333333333333333
0 0.6958333333333333 0.9258333333333333 0.023333333333333334 0.06916666666666667
0 0.29 0.16083333333333333 0.03916666666666667 0.058333333333333334
0 0.33666666666666667 0.10833333333333334 0.015833333333333335 0.06416666666666666
0 0.32666666666666666 0.05583333333333333 0.018333333333333333 0.07666666666666666
0 0.3516666666666667 0.051666666666666666 0.02666666666666667 0.07166666666666667
0 0.38083333333333336 0.05 0.018333333333333333 0.06833333333333333
0 0.33666666666666667 0.049166666666666664 0.025 0.06916666666666667
0 0.36666666666666664 0.03833333333333333 0.019166666666666665 0.07333333333333333
0 0.31 0.03166666666666667 0.023333333333333334 0.06166666666666667
0 0.305 0.01 0.03833333333333333 0.019166666666666665
0 0.375 0.01 0.019166666666666665 0.019166666666666665
0 0.3333333333333333 0.009166666666666667 0.03 0.015
0 0.3175 0.005 0.023333333333333334 0.008333333333333333
0 0.3525 0.0033333333333333335 0.03166666666666667 0.005833333333333334
0 0.6891666666666667 0.8916666666666667 0.035 0.04583333333333333
0 0.745 0.8775 0.035 0.065
0 0.7575 0.8766666666666667 0.024166666666666666 0.056666666666666664
0 0.7416666666666667 0.8475 0.023333333333333334 0.07083333333333333
0 0.7091666666666666 0.8433333333333334 0.0325 0.06166666666666667
0 0.7708333333333334 0.8216666666666667 0.0225 0.06833333333333333
0 0.7991666666666667 0.7975 0.019166666666666665 0.05416666666666667
0 0.7933333333333333 0.79 0.025833333333333333 0.0525
0 0.8133333333333334 0.7866666666666666 0.015 0.0625
0 0.8258333333333333 0.7808333333333334 0.016666666666666666 0.06416666666666666
0 0.7608333333333334 0.7775 0.028333333333333332 0.06166666666666667
0 0.7858333333333334 0.7658333333333334 0.0275 0.049166666666666664
0 0.8091666666666667 0.7475 0.018333333333333333 0.0575
0 0.8258333333333333 0.7333333333333333 0.023333333333333334 0.06583333333333333
0 0.7583333333333333 0.7241666666666666 0.035 0.07083333333333333
0 0.7741666666666667 0.7225 0.010833333333333334 0.050833333333333335
0 0.7925 0.7125 0.029166666666666667 0.07833333333333334
0 0.8275 0.7 0.015 0.06333333333333334
0 0.8083333333333333 0.695 0.013333333333333334 0.08
0 0.8383333333333334 0.6908333333333333 0.0175 0.08166666666666667
0 0.7833333333333333 0.6883333333333334 0.02 0.08583333333333333
0 0.7 0.6708333333333333 0.018333333333333333 0.07583333333333334
0 0.8158333333333333 0.6641666666666667 0.020833333333333332 0.07916666666666666
0 0.7958333333333333 0.6516666666666666 0.019166666666666665 0.07583333333333334
0 0.8283333333333334 0.6316666666666667 0.018333333333333333 0.075
0 0.6608333333333334 0.9633333333333334 0.02 0.0725
0 0.6408333333333334 0.6008333333333333 0.03 0.02666666666666667
0 0.6558333333333334 0.575 0.03333333333333333 0.0325
0 0.6425 0.5616666666666666 0.029166666666666667 0.024166666666666666