0 0.25 0.4608333333333333 0.0375 0.03833333333333333
0 0.185 0.475 0.0175 0.07666666666666666
0 0.1525 0.48833333333333334 0.03666666666666667 0.049166666666666664
0 0.2875 0.505 0.0275 0.07166666666666667
0 0.30416666666666664 0.545 0.0175 0.05333333333333334
0 0.5058333333333334 0.545 0.03916666666666667 0.035
0 0.3233333333333333 0.5641666666666667 0.024166666666666666 0.07416666666666667
0 0.5408333333333334 0.5666666666666667 0.0325 0.043333333333333335
0 0.5325 0.5816666666666667 0.035833333333333335 0.03666666666666667
0 0.29583333333333334 0.5825 0.023333333333333334 0.04583333333333333
0 0.3408333333333333 0.5883333333333334 0.016666666666666666 0.0375
0 0.31833333333333336 0.59 0.0275 0.05333333333333334
0 0.3591666666666667 0.6125 0.0225 0.06166666666666667
0 0.31583333333333335 0.6233333333333333 0.019166666666666665 0.0425
0 0.3525 0.6341666666666667 0.023333333333333334 0.060833333333333336
0 0.33166666666666667 0.635 0.023333333333333334 0.04833333333333333
0 0.445 0.65 0.029166666666666667 0.060833333333333336
0 0.385 0.6675 0.0225 0.055
0 0.33416666666666667 0.675 0.03 0.0425
0 0.35333333333333333 0.6758333333333333 0.02666666666666667 0.055
0 0.4683333333333333 0.6775 0.023333333333333334 0.060833333333333336
0 0.4483333333333333 0.6808333333333333 0.0275 0.051666666666666666
0 0.36583333333333334 0.6816666666666666 0.0175 0.06333333333333334
0 0.42083333333333334 0.6908333333333333 0.02666666666666667 0.055
0 0.4091666666666667 0.6933333333333334 0.035833333333333335 0.05333333333333334
0 0.3883333333333333 0.6966666666666667 0.03166666666666667 0.04416666666666667
0 0.45166666666666666 0.7183333333333334 0.0375 0.04666666666666667
0 0.47333333333333333 0.7225 0.025833333333333333 0.0575
0 0.3625 0.05333333333333334 0.03916666666666667 0.03833333333333333
0 0.39416666666666667 0.7275 0.03916666666666667 0.035833333333333335
0 0.49 0.7308333333333333 0.03 0.055
0 0.43 0.7358333333333333 0.03916666666666667 0.0325
0 0.49166666666666664 0.77 0.034166666666666665 0.043333333333333335
0 0.5158333333333334 0.7925 0.015833333333333335 0.07416666666666667
0 0.32 0.2733333333333333 0.0275 0.043333333333333335
0 0.3425 0.2808333333333333 0.02 0.035
0 0.21 0.3933333333333333 0.015833333333333335 0.058333333333333334
0 0.23916666666666667 0.4083333333333333 0.024166666666666666 0.06
0 0.19166666666666668 0.4125 0.015 0.06916666666666667
0 0.22 0.4275 0.023333333333333334 0.075
0 0.18333333333333332 0.44333333333333336 0.018333333333333333 0.0375
0 0.20333333333333334 0.45666666666666667 0.0175 0.07666666666666666