0 0.8325 0.41083333333333333 0.019166666666666665 0.06916666666666667
0 0.5308333333333334 0.3975 0.019166666666666665 0.07583333333333334
0 0.8441666666666666 0.3908333333333333 0.02666666666666667 0.08333333333333333
0 0.8216666666666667 0.3641666666666667 0.023333333333333334 0.06916666666666667
0 0.8025 0.3458333333333333 0.021666666666666667 0.060833333333333336
0 0.7625 0.3333333333333333 0.034166666666666665 0.05
0 0.815 0.30833333333333335 0.02666666666666667 0.08166666666666667
0 0.7933333333333333 0.305 0.02666666666666667 0.075
0 0.7625 0.3016666666666667 0.0375 0.0525
0 0.3475 0.9566666666666667 0.025 0.059166666666666666
0 0.7325 0.21166666666666667 0.02 0.07833333333333334
0 0.7016666666666667 0.13583333333333333 0.02 0.08083333333333333
0 0.325 0.9458333333333333 0.021666666666666667 0.07833333333333334
0 0.7608333333333334 0.12916666666666668 0.04 0.060833333333333336
0 0.7166666666666667 0.09166666666666666 0.016666666666666666 0.0875
0 0.7041666666666667 0.0625 0.02 0.09083333333333334
0 0.7241666666666666 0.04083333333333333 0.02 0.08
0 0.6891666666666667 0.03833333333333333 0.025 0.075
0 0.6508333333333334 0.0225 0.0175 0.04416666666666667
0 0.6633333333333333 0.023333333333333334 0.02 0.043333333333333335
0 0.6775 0.018333333333333333 0.021666666666666667 0.03333333333333333
0 0.30083333333333334 0.9141666666666667 0.029166666666666667 0.06166666666666667
0 0.33416666666666667 0.905 0.035833333333333335 0.04833333333333333
0 0.2608333333333333 0.8966666666666666 0.02666666666666667 0.0525
0 0.2733333333333333 0.8925 0.035 0.065
0 0.3 0.8725 0.03333333333333333 0.08416666666666667
0 0.2425 0.8583333333333333 0.018333333333333333 0.0725
0 0.31 0.855 0.030833333333333334 0.07
0 0.2725 0.835 0.025833333333333333 0.06333333333333334
0 0.25 0.8225 0.023333333333333334 0.049166666666666664
0 0.21583333333333332 0.7933333333333333 0.020833333333333332 0.08583333333333333
0 0.20166666666666666 0.79 0.019166666666666665 0.07916666666666666
0 0.22333333333333333 0.7891666666666667 0.030833333333333334 0.0725
0 0.24583333333333332 0.7858333333333334 0.03 0.06
0 0.19 0.7841666666666667 0.0325 0.0875
0 0.225 0.7766666666666666 0.023333333333333334 0.0325
0 0.2633333333333333 0.7766666666666666 0.03833333333333333 0.06
0 0.2675 0.765 0.029166666666666667 0.023333333333333334
0 0.375 0.9891666666666666 0.015 0.020833333333333332
0 0.19083333333333333 0.7491666666666666 0.034166666666666665 0.06
0 0.26 0.7325 0.043333333333333335 0.06166666666666667
0 0.23 0.7325 0.021666666666666667 0.0775
0 0.1825 0.72 0.02 0.0675
0 0.21333333333333335 0.7191666666666666 0.015833333333333335 0.08833333333333333
0 0.175 0.6933333333333334 0.018333333333333333 0.07833333333333334
0 0.20166666666666666 0.6816666666666666 0.02 0.085
0 0.32166666666666666 0.6725 0.02 0.07666666666666666
0 0.18666666666666668 0.6383333333333333 0.025 0.09
0 0.39666666666666667 0.6141666666666666 0.0225 0.041666666666666664
0 0.36333333333333334 0.9741666666666666 0.02 0.04833333333333333
0 0.405 0.58 0.02 0.045
0 0.3858333333333333 0.5675 0.029166666666666667 0.06666666666666667