0 0.7925 0.47 0.018333333333333333 0.02666666666666667
0 0.7975 0.4875 0.015 0.043333333333333335
0 0.7758333333333334 0.49 0.019166666666666665 0.0325
0 0.8258333333333333 0.49083333333333334 0.025833333333333333 0.02666666666666667
0 0.8108333333333333 0.49083333333333334 0.015 0.04
0 0.8458333333333333 0.49583333333333335 0.025 0.029166666666666667
0 0.7883333333333333 0.49916666666666665 0.015 0.043333333333333335
0 0.7783333333333333 0.5025 0.016666666666666666 0.035
0 0.8216666666666667 0.5125 0.013333333333333334 0.0375
0 0.7083333333333334 0.6591666666666667 0.0275 0.035833333333333335
0 0.715 0.7066666666666667 0.016666666666666666 0.049166666666666664
0 0.3258333333333333 0.7966666666666666 0.03166666666666667 0.0275
0 0.5908333333333333 0.8866666666666667 0.025 0.04666666666666667
0 0.5633333333333334 0.8966666666666666 0.023333333333333334 0.0525
0 0.5716666666666667 0.9008333333333334 0.015 0.05583333333333333
0 0.5583333333333333 0.9308333333333333 0.014166666666666666 0.0575
0 0.5633333333333334 0.9658333333333333 0.01 0.059166666666666666
0 0.555 0.9766666666666667 0.0125 0.045
0 0.5841666666666666 0.9808333333333333 0.028333333333333332 0.0375
0 0.5758333333333333 0.9783333333333334 0.019166666666666665 0.041666666666666664
0 0.7375 0.4033333333333333 0.018333333333333333 0.0325
0 0.72 0.4225 0.015833333333333335 0.023333333333333334
0 0.7291666666666666 0.4241666666666667 0.014166666666666666 0.045
0 0.7225 0.43166666666666664 0.0125 0.021666666666666667
0 0.7316666666666667 0.4533333333333333 0.02 0.03
0 0.7708333333333334 0.455 0.023333333333333334 0.0225
0 0.8133333333333334 0.45666666666666667 0.01 0.03916666666666667