0 0.49083333333333334 0.5008333333333334 0.021666666666666667 0.08
0 0.4741666666666667 0.5416666666666666 0.020833333333333332 0.08416666666666667
0 0.45166666666666666 0.585 0.035833333333333335 0.08333333333333333
0 0.42833333333333334 0.6766666666666666 0.016666666666666666 0.0875
0 0.4083333333333333 0.705 0.0275 0.09166666666666666
0 0.36666666666666664 0.74 0.041666666666666664 0.08333333333333333
0 0.5233333333333333 0.8033333333333333 0.028333333333333332 0.09583333333333334
0 0.6791666666666667 0.81 0.056666666666666664 0.051666666666666666
0 0.4691666666666667 0.8566666666666667 0.020833333333333332 0.0975
0 0.45916666666666667 0.8683333333333333 0.014166666666666666 0.06916666666666667
0 0.06583333333333333 0.9208333333333333 0.041666666666666664 0.0925
0 0.585 0.2966666666666667 0.02666666666666667 0.08333333333333333
0 0.565 0.3416666666666667 0.019166666666666665 0.08416666666666667
0 0.5783333333333334 0.36916666666666664 0.018333333333333333 0.095
0 0.4725 0.38416666666666666 0.0475 0.04
0 0.4375 0.39666666666666667 0.049166666666666664 0.050833333333333335
0 0.5608333333333333 0.39666666666666667 0.024166666666666666 0.0875
0 0.46166666666666667 0.4175 0.049166666666666664 0.0375
0 0.49666666666666665 0.42 0.04 0.055
0 0.48583333333333334 0.4558333333333333 0.03833333333333333 0.04833333333333333
0 0.5641666666666667 0.4633333333333333 0.023333333333333334 0.07166666666666667