0 0.0325 0.5091666666666667 0.065 0.12
0 0.7016666666666667 0.5233333333333333 0.0375 0.11
0 0.8258333333333333 0.6958333333333333 0.043333333333333335 0.10666666666666667
0 0.99 0.8333333333333334 0.019166666666666665 0.13833333333333334
0 0.9508333333333333 0.9308333333333333 0.0675 0.1375
0 0.25 0.0925 0.03916666666666667 0.105
0 0.9166666666666666 0.9408333333333333 0.056666666666666664 0.115
0 0.18916666666666668 0.10166666666666667 0.041666666666666664 0.11666666666666667
0 0.21833333333333332 0.12666666666666668 0.03833333333333333 0.1125
0 0.5275 0.16083333333333333 0.041666666666666664 0.12166666666666667
0 0.2608333333333333 0.21416666666666667 0.04833333333333333 0.11583333333333333
0 0.24333333333333335 0.021666666666666667 0.075 0.0425
0 0.7025 0.31583333333333335 0.0325 0.11833333333333333
0 0.4625 0.325 0.04583333333333333 0.12916666666666668
0 0.3441666666666667 0.035 0.04583333333333333 0.06916666666666667
0 0.7741666666666667 0.03833333333333333 0.035 0.07583333333333334
0 0.019166666666666665 0.3875 0.03833333333333333 0.09166666666666666
0 0.2683333333333333 0.4033333333333333 0.0425 0.13666666666666666
0 0.9841666666666666 0.4058333333333333 0.030833333333333334 0.12416666666666666
0 0.035833333333333335 0.41583333333333333 0.07166666666666667 0.09833333333333333