0 0.4066666666666667 0.5333333333333333 0.019166666666666665 0.06916666666666667
0 0.5791666666666667 0.5316666666666666 0.0375 0.03666666666666667
0 0.5591666666666667 0.5316666666666666 0.0325 0.041666666666666664
0 0.5325 0.53 0.03166666666666667 0.0375
0 0.5733333333333334 0.5091666666666667 0.035 0.03
0 0.5175 0.5025 0.03666666666666667 0.03166666666666667
0 0.37416666666666665 0.5008333333333334 0.03916666666666667 0.051666666666666666
0 0.6 0.4975 0.03166666666666667 0.05583333333333333
0 0.54 0.49666666666666665 0.0375 0.04
0 0.575 0.4841666666666667 0.03833333333333333 0.034166666666666665
0 0.5425 0.4741666666666667 0.029166666666666667 0.03833333333333333
0 0.3433333333333333 0.47333333333333333 0.03 0.03
0 0.5108333333333334 0.4716666666666667 0.035833333333333335 0.03166666666666667
0 0.19916666666666666 0.47 0.028333333333333332 0.08166666666666667
0 0.23083333333333333 0.47 0.03916666666666667 0.0625
0 0.3641666666666667 0.46166666666666667 0.04083333333333333 0.07
0 0.5766666666666667 0.4558333333333333 0.030833333333333334 0.06
0 0.5241666666666667 0.44916666666666666 0.0375 0.02666666666666667
0 0.48583333333333334 0.44666666666666666 0.04083333333333333 0.025833333333333333
0 0.595 0.44583333333333336 0.03333333333333333 0.055
0 0.6116666666666667 0.43666666666666665 0.034166666666666665 0.06666666666666667
0 0.5416666666666666 0.435 0.03833333333333333 0.028333333333333332
0 0.4533333333333333 0.43 0.024166666666666666 0.04416666666666667
0 0.48083333333333333 0.42833333333333334 0.03833333333333333 0.029166666666666667
0 0.009166666666666667 0.4266666666666667 0.014166666666666666 0.025833333333333333
0 0.22166666666666668 0.425 0.04083333333333333 0.07
0 0.5025 0.4225 0.030833333333333334 0.0425
0 0.5641666666666667 0.4166666666666667 0.034166666666666665 0.03833333333333333
0 0.5816666666666667 0.4091666666666667 0.0275 0.04833333333333333
0 0.5375 0.4075 0.034166666666666665 0.034166666666666665
0 0.5108333333333334 0.4041666666666667 0.03166666666666667 0.0475
0 0.4708333333333333 0.39916666666666667 0.04083333333333333 0.04416666666666667
0 0.5608333333333333 0.3883333333333333 0.025 0.0475
0 0.5916666666666667 0.38333333333333336 0.035833333333333335 0.059166666666666666
0 0.4791666666666667 0.38 0.03333333333333333 0.03166666666666667
0 0.5325 0.3775 0.03916666666666667 0.03833333333333333
0 0.17 0.37416666666666665 0.0325 0.09666666666666666
0 0.565 0.36666666666666664 0.0325 0.0425
0 0.49083333333333334 0.3641666666666667 0.03833333333333333 0.0325
0 0.43333333333333335 0.3625 0.0475 0.045
0 0.515 0.3466666666666667 0.04 0.03666666666666667
0 0.49166666666666664 0.33916666666666667 0.03 0.025
0 0.4608333333333333 0.335 0.035833333333333335 0.035833333333333335
0 0.5358333333333334 0.33416666666666667 0.03916666666666667 0.03666666666666667
0 0.5625 0.33 0.03833333333333333 0.06
0 0.18 0.3275 0.0275 0.095
0 0.4816666666666667 0.31333333333333335 0.03916666666666667 0.035
0 0.51 0.30833333333333335 0.03666666666666667 0.03666666666666667
0 0.16333333333333333 0.3075 0.02 0.06166666666666667
0 0.4475 0.305 0.035 0.029166666666666667
0 0.5341666666666667 0.29083333333333333 0.0325 0.043333333333333335
0 0.4791666666666667 0.29 0.029166666666666667 0.0425
0 0.14416666666666667 0.285 0.02666666666666667 0.07083333333333333
0 0.43833333333333335 0.2841666666666667 0.04416666666666667 0.035
0 0.49333333333333335 0.275 0.0375 0.0425
0 0.4041666666666667 0.2683333333333333 0.04583333333333333 0.03666666666666667
0 0.4825 0.2475 0.03916666666666667 0.03333333333333333
0 0.5158333333333334 0.24666666666666667 0.0175 0.05583333333333333
0 0.44083333333333335 0.24666666666666667 0.04666666666666667 0.028333333333333332
0 0.5325 0.23583333333333334 0.025833333333333333 0.065
0 0.5016666666666667 0.23416666666666666 0.0225 0.056666666666666664
0 0.415 0.22416666666666665 0.03916666666666667 0.0375
0 0.47583333333333333 0.2225 0.035833333333333335 0.02666666666666667
0 0.43833333333333335 0.21833333333333332 0.045 0.045
0 0.18416666666666667 0.205 0.0275 0.051666666666666666
0 0.49 0.2025 0.023333333333333334 0.029166666666666667
0 0.5083333333333333 0.20083333333333334 0.02666666666666667 0.049166666666666664
0 0.4766666666666667 0.20083333333333334 0.029166666666666667 0.03166666666666667
0 0.4666666666666667 0.2 0.0325 0.0275
0 0.5266666666666666 0.1925 0.03166666666666667 0.05583333333333333
0 0.4375 0.18833333333333332 0.04083333333333333 0.034166666666666665
0 0.48333333333333334 0.17583333333333334 0.03 0.03166666666666667
0 0.44666666666666666 0.16916666666666666 0.0475 0.04833333333333333
0 0.4683333333333333 0.15416666666666667 0.0475 0.030833333333333334
0 0.5108333333333334 0.1475 0.03166666666666667 0.049166666666666664
0 0.4866666666666667 0.13833333333333334 0.035 0.05583333333333333
0 0.4525 0.1225 0.035 0.043333333333333335
0 0.4633333333333333 0.11166666666666666 0.025 0.045
0 0.4875 0.08833333333333333 0.02666666666666667 0.0775
0 0.44416666666666665 0.08166666666666667 0.018333333333333333 0.06166666666666667
0 0.47 0.07666666666666666 0.024166666666666666 0.0725
0 0.455 0.030833333333333334 0.018333333333333333 0.056666666666666664
0 0.4666666666666667 0.019166666666666665 0.016666666666666666 0.035
0 0.49083333333333334 0.016666666666666666 0.016666666666666666 0.0325
0 0.5775 0.85 0.019166666666666665 0.09
0 0.5733333333333334 0.7741666666666667 0.025 0.07333333333333333
0 0.5675 0.7316666666666667 0.020833333333333332 0.06416666666666666
0 0.42 0.6808333333333333 0.035833333333333335 0.08083333333333333
0 0.4266666666666667 0.6675 0.023333333333333334 0.05333333333333334
0 0.5625 0.6441666666666667 0.016666666666666666 0.065
0 0.5866666666666667 0.6216666666666667 0.019166666666666665 0.07416666666666667
0 0.3908333333333333 0.6175 0.02 0.08666666666666667
0 0.5733333333333334 0.6083333333333333 0.02 0.07416666666666667
0 0.5258333333333334 0.5816666666666667 0.04583333333333333 0.06833333333333333
0 0.4008333333333333 0.5808333333333333 0.018333333333333333 0.07583333333333334
0 0.425 0.57 0.03833333333333333 0.06333333333333334
0 0.5491666666666667 0.5666666666666667 0.03833333333333333 0.04666666666666667
0 0.6041666666666666 0.5616666666666666 0.035833333333333335 0.0425
0 0.3775 0.5516666666666666 0.03333333333333333 0.051666666666666666