0 0.5766666666666667 0.27666666666666667 0.034166666666666665 0.035
0 0.5508333333333333 0.2625 0.04 0.035833333333333335
0 0.29083333333333333 0.25666666666666665 0.02666666666666667 0.07583333333333334
0 0.31083333333333335 0.25 0.03916666666666667 0.05
0 0.6025 0.24916666666666668 0.03666666666666667 0.041666666666666664
0 0.5075 0.2475 0.0375 0.041666666666666664
0 0.5341666666666667 0.245 0.03916666666666667 0.03666666666666667
0 0.5658333333333333 0.24083333333333334 0.04083333333333333 0.0375
0 0.6258333333333334 0.23916666666666667 0.029166666666666667 0.06166666666666667
0 0.5441666666666667 0.21916666666666668 0.041666666666666664 0.03333333333333333
0 0.5883333333333334 0.21333333333333335 0.04 0.04083333333333333
0 0.4033333333333333 0.20333333333333334 0.025833333333333333 0.06583333333333333
0 0.31 0.2025 0.025 0.0625
0 0.6125 0.2 0.025833333333333333 0.03
0 0.6283333333333333 0.19916666666666666 0.03666666666666667 0.06
0 0.5841666666666666 0.19333333333333333 0.043333333333333335 0.0425
0 0.605 0.17416666666666666 0.03166666666666667 0.035833333333333335
0 0.635 0.17166666666666666 0.035 0.03666666666666667
0 0.6358333333333334 0.15416666666666667 0.0375 0.05
0 0.62 0.14333333333333334 0.03916666666666667 0.04583333333333333
0 0.22166666666666668 0.8983333333333333 0.0225 0.1025
0 0.21833333333333332 0.9575 0.024166666666666666 0.06416666666666666