0 0.38166666666666665 0.5391666666666667 0.0325 0.06416666666666666
0 0.17083333333333334 0.5341666666666667 0.02666666666666667 0.08583333333333333
0 0.015833333333333335 0.5333333333333333 0.03 0.07583333333333334
0 0.5825 0.5233333333333333 0.0275 0.07166666666666667
0 0.24416666666666667 0.5208333333333334 0.03916666666666667 0.051666666666666666
0 0.645 0.51 0.035833333333333335 0.06333333333333334
0 0.0125 0.49416666666666664 0.021666666666666667 0.035
0 0.5675 0.4875 0.0175 0.06666666666666667
0 0.5858333333333333 0.4825 0.02666666666666667 0.0625
0 0.17416666666666666 0.4816666666666667 0.03166666666666667 0.058333333333333334
0 0.5641666666666667 0.9641666666666666 0.021666666666666667 0.06833333333333333
0 0.16833333333333333 0.4575 0.025 0.065
0 0.5941666666666666 0.4525 0.041666666666666664 0.0275
0 0.6166666666666667 0.43 0.034166666666666665 0.056666666666666664
0 0.19083333333333333 0.4275 0.016666666666666666 0.050833333333333335
0 0.5841666666666666 0.4266666666666667 0.04 0.034166666666666665
0 0.6766666666666666 0.4216666666666667 0.034166666666666665 0.04833333333333333
0 0.5933333333333334 0.41833333333333333 0.043333333333333335 0.051666666666666666
0 0.6425 0.405 0.035 0.028333333333333332
0 0.1625 0.39666666666666667 0.025 0.06833333333333333
0 0.5666666666666667 0.39666666666666667 0.034166666666666665 0.030833333333333334
0 0.5891666666666666 0.3883333333333333 0.03166666666666667 0.0375
0 0.5625 0.37 0.043333333333333335 0.025
0 0.65 0.36583333333333334 0.029166666666666667 0.0275
0 0.6283333333333333 0.3591666666666667 0.04083333333333333 0.0275
0 0.5716666666666667 0.35083333333333333 0.03333333333333333 0.029166666666666667
0 0.5408333333333334 0.35 0.035 0.02666666666666667
0 0.5975 0.3466666666666667 0.0375 0.04083333333333333
0 0.5825 0.32916666666666666 0.04083333333333333 0.030833333333333334
0 0.62 0.32666666666666666 0.041666666666666664 0.04833333333333333
0 0.5541666666666667 0.3258333333333333 0.0325 0.03
0 0.655 0.32166666666666666 0.03833333333333333 0.045
0 0.5341666666666667 0.30833333333333335 0.03833333333333333 0.030833333333333334
0 0.58 0.305 0.0375 0.025833333333333333
0 0.5066666666666667 0.3016666666666667 0.03333333333333333 0.03333333333333333
0 0.6358333333333334 0.29833333333333334 0.04416666666666667 0.0425
0 0.5566666666666666 0.2925 0.0375 0.03
0 0.595 0.28583333333333333 0.035833333333333335 0.0425
0 0.52 0.2808333333333333 0.0375 0.03
0 0.5433333333333333 0.2633333333333333 0.03666666666666667 0.03333333333333333
0 0.5716666666666667 0.25666666666666665 0.03916666666666667 0.02666666666666667
0 0.5983333333333334 0.255 0.035833333333333335 0.04
0 0.5408333333333334 0.23666666666666666 0.035 0.03166666666666667
0 0.5666666666666667 0.22583333333333333 0.03916666666666667 0.03333333333333333
0 0.48 0.22583333333333333 0.035 0.035833333333333335
0 0.5108333333333334 0.22333333333333333 0.0375 0.03916666666666667
0 0.5425 0.21 0.03166666666666667 0.0275
0 0.5025 0.20166666666666666 0.03833333333333333 0.0275
0 0.48 0.19833333333333333 0.034166666666666665 0.035
0 0.5325 0.19583333333333333 0.030833333333333334 0.030833333333333334
0 0.4583333333333333 0.1925 0.029166666666666667 0.03666666666666667
0 0.5541666666666667 0.19083333333333333 0.02666666666666667 0.04583333333333333
0 0.5108333333333334 0.18833333333333332 0.03166666666666667 0.029166666666666667
0 0.43666666666666665 0.185 0.035 0.035
0 0.4866666666666667 0.17666666666666667 0.034166666666666665 0.02666666666666667
0 0.5216666666666666 0.17166666666666666 0.03916666666666667 0.03333333333333333
0 0.53 0.15916666666666668 0.0425 0.03666666666666667
0 0.49416666666666664 0.15833333333333333 0.03833333333333333 0.02666666666666667
0 0.46 0.155 0.035 0.03166666666666667
0 0.4608333333333333 0.12916666666666668 0.035 0.05333333333333334
0 0.4925 0.12333333333333334 0.03833333333333333 0.04833333333333333
0 0.5591666666666667 0.9283333333333333 0.015833333333333335 0.06333333333333334
0 0.46416666666666667 0.09916666666666667 0.034166666666666665 0.0425
0 0.4575 0.07083333333333333 0.03333333333333333 0.029166666666666667
0 0.44333333333333336 0.015 0.03166666666666667 0.029166666666666667
0 0.57 0.9033333333333333 0.013333333333333334 0.04833333333333333
0 0.465 0.8816666666666667 0.03 0.06333333333333334
0 0.4508333333333333 0.8675 0.014166666666666666 0.050833333333333335
0 0.5658333333333333 0.8633333333333333 0.0175 0.060833333333333336
0 0.55 0.8366666666666667 0.013333333333333334 0.07416666666666667
0 0.5708333333333333 0.8183333333333334 0.013333333333333334 0.06416666666666666
0 0.5558333333333333 0.805 0.0175 0.0675
0 0.57 0.9866666666666667 0.016666666666666666 0.023333333333333334
0 0.5416666666666666 0.7666666666666667 0.015833333333333335 0.08083333333333333
0 0.56 0.7608333333333334 0.015 0.075
0 0.5475 0.7375 0.018333333333333333 0.07
0 0.5541666666666667 0.6891666666666667 0.019166666666666665 0.065
0 0.4275 0.675 0.028333333333333332 0.0675
0 0.6408333333333334 0.6733333333333333 0.02 0.07166666666666667
0 0.3933333333333333 0.6716666666666666 0.019166666666666665 0.08083333333333333
0 0.5425 0.665 0.015833333333333335 0.0775
0 0.5658333333333333 0.6583333333333333 0.016666666666666666 0.07416666666666667
0 0.6175 0.6466666666666666 0.02666666666666667 0.05333333333333334
0 0.4058333333333333 0.6466666666666666 0.019166666666666665 0.08083333333333333
0 0.64 0.6308333333333334 0.02666666666666667 0.065
0 0.5525 0.6258333333333334 0.015833333333333335 0.07166666666666667
0 0.18 0.6141666666666666 0.023333333333333334 0.0725
0 0.6133333333333333 0.6108333333333333 0.03 0.0575
0 0.41 0.6066666666666667 0.0275 0.0775
0 0.645 0.6025 0.021666666666666667 0.06833333333333333
0 0.38333333333333336 0.6025 0.03166666666666667 0.051666666666666666
0 0.39416666666666667 0.5941666666666666 0.028333333333333332 0.060833333333333336
0 0.6175 0.5841666666666666 0.035 0.03916666666666667
0 0.25666666666666665 0.5666666666666667 0.03666666666666667 0.05583333333333333
0 0.6625 0.565 0.023333333333333334 0.06833333333333333
0 0.6433333333333333 0.5633333333333334 0.025 0.0675
0 0.5641666666666667 0.5508333333333333 0.016666666666666666 0.07416666666666667
0 0.42833333333333334 0.5433333333333333 0.04 0.030833333333333334
0 0.6091666666666666 0.5425 0.025833333333333333 0.0675