0 0.3308333333333333 0.4533333333333333 0.035833333333333335 0.08083333333333333
0 0.3516666666666667 0.4608333333333333 0.041666666666666664 0.03916666666666667
0 0.15416666666666667 0.48333333333333334 0.019166666666666665 0.06333333333333334
0 0.265 0.4866666666666667 0.041666666666666664 0.0425
0 0.7958333333333333 0.4975 0.029166666666666667 0.0825
0 0.29583333333333334 0.5075 0.0175 0.0675
0 0.22833333333333333 0.5091666666666667 0.04416666666666667 0.0375
0 0.1925 0.5125 0.0475 0.04
0 0.8158333333333333 0.515 0.020833333333333332 0.065
0 0.24666666666666667 0.5183333333333333 0.035833333333333335 0.043333333333333335
0 0.32 0.5316666666666666 0.0275 0.08833333333333333
0 0.16333333333333333 0.5341666666666667 0.03833333333333333 0.0625
0 0.30833333333333335 0.535 0.024166666666666666 0.085
0 0.215 0.5391666666666667 0.045 0.035833333333333335
0 0.25833333333333336 0.54 0.035833333333333335 0.03166666666666667
0 0.28 0.5408333333333334 0.030833333333333334 0.05416666666666667
0 0.19833333333333333 0.5466666666666666 0.03916666666666667 0.04
0 0.25 0.5583333333333333 0.04833333333333333 0.03
0 0.15666666666666668 0.5675 0.019166666666666665 0.0875
0 0.0975 0.5683333333333334 0.035833333333333335 0.0525
0 0.22333333333333333 0.57 0.0375 0.035833333333333335
0 0.1925 0.575 0.03833333333333333 0.03833333333333333
0 0.8991666666666667 0.025 0.029166666666666667 0.05
0 0.8183333333333334 0.5825 0.019166666666666665 0.07083333333333333
0 0.1825 0.5908333333333333 0.04083333333333333 0.03833333333333333
0 0.7933333333333333 0.5975 0.03833333333333333 0.07
0 0.9175 0.02 0.021666666666666667 0.04
0 0.2875 0.5983333333333334 0.029166666666666667 0.07833333333333334
0 0.2658333333333333 0.5991666666666666 0.028333333333333332 0.065
0 0.2425 0.61 0.045 0.05
0 0.13833333333333334 0.61 0.03333333333333333 0.051666666666666666
0 0.2125 0.6116666666666667 0.03166666666666667 0.03833333333333333
0 0.17166666666666666 0.6116666666666667 0.041666666666666664 0.03333333333333333
0 0.075 0.6291666666666667 0.03333333333333333 0.0725
0 0.09583333333333334 0.63 0.034166666666666665 0.041666666666666664
0 0.11833333333333333 0.6308333333333334 0.03916666666666667 0.056666666666666664
0 0.155 0.6383333333333333 0.045 0.03
0 0.2808333333333333 0.6541666666666667 0.035 0.06583333333333333
0 0.08666666666666667 0.66 0.03833333333333333 0.0375
0 0.30666666666666664 0.6616666666666666 0.04083333333333333 0.06583333333333333
0 0.15083333333333335 0.6641666666666667 0.043333333333333335 0.03166666666666667
0 0.12083333333333333 0.6691666666666667 0.03916666666666667 0.03833333333333333
0 0.20333333333333334 0.6975 0.056666666666666664 0.05333333333333334
0 0.15 0.7 0.049166666666666664 0.0375
0 0.925 0.0275 0.023333333333333334 0.055
0 0.8883333333333333 0.058333333333333334 0.019166666666666665 0.09083333333333334
0 0.9091666666666667 0.06916666666666667 0.019166666666666665 0.08
0 0.92 0.06916666666666667 0.018333333333333333 0.07
0 0.925 0.0825 0.025833333333333333 0.08166666666666667
0 0.8941666666666667 0.11416666666666667 0.0225 0.07916666666666666
0 0.9225 0.13833333333333334 0.025833333333333333 0.06583333333333333
0 0.8725 0.1425 0.0375 0.08
0 0.8991666666666667 0.145 0.03166666666666667 0.0775
0 0.9041666666666667 0.165 0.029166666666666667 0.06833333333333333
0 0.8741666666666666 0.225 0.030833333333333334 0.07416666666666667
0 0.37 0.3883333333333333 0.0375 0.08
0 0.8408333333333333 0.43916666666666665 0.034166666666666665 0.08
0 0.31166666666666665 0.44166666666666665 0.0325 0.08166666666666667