0 0.36 0.49 0.05333333333333334 0.10916666666666666
0 0.24166666666666667 0.4891666666666667 0.035833333333333335 0.13
0 0.19333333333333333 0.47 0.0475 0.12583333333333332
0 0.5108333333333334 0.9025 0.055 0.11166666666666666
0 0.5816666666666667 0.8483333333333334 0.050833333333333335 0.115
0 0.5525 0.7241666666666666 0.06333333333333334 0.095
0 0.4025 0.7116666666666667 0.03666666666666667 0.11583333333333333
0 0.5441666666666667 0.6725 0.06416666666666666 0.11083333333333334
0 0.5241666666666667 0.6266666666666667 0.056666666666666664 0.11583333333333333
0 0.47583333333333333 0.6066666666666667 0.05416666666666667 0.11833333333333333
0 0.2825 0.5708333333333333 0.04083333333333333 0.13166666666666665
0 0.385 0.5466666666666666 0.056666666666666664 0.10416666666666667
0 0.3225 0.545 0.035833333333333335 0.125