0 0.7183333333333334 0.48 0.023333333333333334 0.09
0 0.10083333333333333 0.4891666666666667 0.04083333333333333 0.060833333333333336
0 0.7458333333333333 0.5208333333333334 0.043333333333333335 0.05416666666666667
0 0.7683333333333333 0.5258333333333334 0.041666666666666664 0.03333333333333333
0 0.6841666666666667 0.5266666666666666 0.03166666666666667 0.03833333333333333
0 0.8075 0.55 0.04833333333333333 0.04
0 0.035833333333333335 0.5525 0.043333333333333335 0.043333333333333335
0 0.77 0.5608333333333333 0.03333333333333333 0.050833333333333335
0 0.75 0.5666666666666667 0.03916666666666667 0.06333333333333334
0 0.0175 0.5675 0.03333333333333333 0.04666666666666667
0 0.8141666666666667 0.5741666666666667 0.0425 0.04833333333333333
0 0.78 0.5866666666666667 0.04416666666666667 0.04833333333333333
0 0.8058333333333333 0.6008333333333333 0.0425 0.03833333333333333
0 0.8116666666666666 0.62 0.04833333333333333 0.065
0 0.7766666666666666 0.6375 0.03166666666666667 0.0825
0 0.44666666666666666 0.19583333333333333 0.04666666666666667 0.04666666666666667
0 0.49583333333333335 0.20833333333333334 0.04666666666666667 0.03833333333333333
0 0.5083333333333333 0.24416666666666667 0.04416666666666667 0.043333333333333335
0 0.4866666666666667 0.24666666666666667 0.04083333333333333 0.06333333333333334
0 0.43 0.2525 0.03333333333333333 0.08333333333333333
0 0.4608333333333333 0.255 0.035 0.06916666666666667
0 0.43916666666666665 0.2758333333333333 0.03166666666666667 0.09
0 0.4608333333333333 0.29 0.024166666666666666 0.07
0 0.1525 0.335 0.04083333333333333 0.06416666666666666
0 0.17 0.3616666666666667 0.030833333333333334 0.0875
0 0.1575 0.36583333333333334 0.03 0.09166666666666666
0 0.18416666666666667 0.37083333333333335 0.029166666666666667 0.08583333333333333
0 0.12666666666666668 0.3958333333333333 0.03833333333333333 0.0675
0 0.12833333333333333 0.42583333333333334 0.04 0.06583333333333333
0 0.7025 0.4325 0.020833333333333332 0.09
0 0.18583333333333332 0.43333333333333335 0.041666666666666664 0.07083333333333333