0 0.81 0.5308333333333334 0.018333333333333333 0.075
0 0.5075 0.5141666666666667 0.0275 0.07166666666666667
0 0.7958333333333333 0.49666666666666665 0.024166666666666666 0.07333333333333333
0 0.7558333333333334 0.4083333333333333 0.024166666666666666 0.05583333333333333
0 0.7408333333333333 0.4041666666666667 0.02666666666666667 0.04833333333333333
0 0.6933333333333334 0.3975 0.0275 0.050833333333333335
0 0.7183333333333334 0.3958333333333333 0.02666666666666667 0.06583333333333333
0 0.7116666666666667 0.38 0.0175 0.07
0 0.8666666666666667 0.9441666666666667 0.02666666666666667 0.07916666666666666
0 0.74 0.36916666666666664 0.025 0.06416666666666666
0 0.665 0.36333333333333334 0.02666666666666667 0.055
0 0.6866666666666666 0.35083333333333333 0.015833333333333335 0.07916666666666666
0 0.7333333333333333 0.3308333333333333 0.035833333333333335 0.030833333333333334
0 0.6883333333333334 0.295 0.03166666666666667 0.06333333333333334
0 0.6858333333333333 0.25833333333333336 0.021666666666666667 0.0675
0 0.7016666666666667 0.22416666666666665 0.019166666666666665 0.08166666666666667
0 0.6775 0.22166666666666668 0.0275 0.06833333333333333
0 0.4075 0.215 0.020833333333333332 0.065
0 0.42 0.20583333333333334 0.015 0.0675
0 0.44166666666666665 0.2 0.018333333333333333 0.07583333333333334
0 0.6983333333333334 0.19 0.0225 0.06916666666666667
0 0.4008333333333333 0.1725 0.02 0.07166666666666667
0 0.6833333333333333 0.165 0.03 0.06333333333333334
0 0.7816666666666666 0.165 0.04 0.06166666666666667
0 0.415 0.1575 0.02666666666666667 0.06666666666666667
0 0.7008333333333333 0.15083333333333335 0.0225 0.051666666666666666
0 0.435 0.1275 0.015833333333333335 0.06916666666666667
0 0.69 0.11416666666666667 0.020833333333333332 0.04
0 0.45166666666666666 0.11166666666666666 0.028333333333333332 0.06666666666666667
0 0.41583333333333333 0.10833333333333334 0.0225 0.07166666666666667
0 0.7041666666666667 0.1025 0.024166666666666666 0.0725
0 0.435 0.09166666666666666 0.03166666666666667 0.06666666666666667
0 0.4558333333333333 0.06583333333333333 0.03166666666666667 0.05583333333333333
0 0.3258333333333333 0.9133333333333333 0.015833333333333335 0.06666666666666667
0 0.4375 0.045 0.02666666666666667 0.06
0 0.46416666666666667 0.025 0.028333333333333332 0.04666666666666667
0 0.43583333333333335 0.0175 0.023333333333333334 0.03333333333333333
0 0.48 0.016666666666666666 0.0225 0.0325
0 0.4558333333333333 0.010833333333333334 0.029166666666666667 0.020833333333333332
0 0.3566666666666667 0.905 0.020833333333333332 0.055
0 0.37333333333333335 0.9908333333333333 0.016666666666666666 0.015
0 0.2891666666666667 0.8875 0.02 0.060833333333333336
0 0.3675 0.885 0.020833333333333332 0.050833333333333335
0 0.27 0.8608333333333333 0.021666666666666667 0.07583333333333334
0 0.35 0.8508333333333333 0.014166666666666666 0.06583333333333333
0 0.3625 0.8416666666666667 0.025 0.07166666666666667
0 0.8683333333333333 0.9858333333333333 0.02 0.025
0 0.33916666666666667 0.835 0.013333333333333334 0.06416666666666666
0 0.31166666666666665 0.9841666666666666 0.016666666666666666 0.028333333333333332
0 0.32083333333333336 0.8108333333333333 0.02 0.05333333333333334
0 0.32666666666666666 0.7866666666666666 0.019166666666666665 0.05583333333333333
0 0.3433333333333333 0.7866666666666666 0.024166666666666666 0.07
0 0.2633333333333333 0.7625 0.02 0.07916666666666666
0 0.31166666666666665 0.7533333333333333 0.015 0.06833333333333333
0 0.32166666666666666 0.7333333333333333 0.019166666666666665 0.060833333333333336
0 0.24333333333333335 0.7266666666666667 0.014166666666666666 0.07
0 0.255 0.7241666666666666 0.016666666666666666 0.08
0 0.2875 0.7141666666666666 0.023333333333333334 0.045
0 0.7508333333333334 0.7141666666666666 0.028333333333333332 0.0725
0 0.30583333333333335 0.7 0.013333333333333334 0.051666666666666666
0 0.2633333333333333 0.6925 0.030833333333333334 0.0525
0 0.28583333333333333 0.6841666666666667 0.03 0.0425
0 0.3775 0.9725 0.03166666666666667 0.051666666666666666
0 0.2625 0.6558333333333334 0.029166666666666667 0.06416666666666666
0 0.29 0.6541666666666667 0.03666666666666667 0.059166666666666666
0 0.24666666666666667 0.6375 0.024166666666666666 0.0725
0 0.22666666666666666 0.6258333333333334 0.02 0.050833333333333335
0 0.7983333333333333 0.6008333333333333 0.023333333333333334 0.059166666666666666
0 0.3491666666666667 0.5883333333333334 0.023333333333333334 0.07
0 0.425 0.5733333333333334 0.023333333333333334 0.07916666666666666
0 0.4125 0.5641666666666667 0.016666666666666666 0.055
0 0.7916666666666666 0.5558333333333333 0.019166666666666665 0.05583333333333333
0 0.3925 0.5541666666666667 0.019166666666666665 0.04833333333333333