0 0.3475 0.4691666666666667 0.028333333333333332 0.04
0 0.3258333333333333 0.49416666666666664 0.0325 0.043333333333333335
0 0.3016666666666667 0.4975 0.025 0.043333333333333335
0 0.34833333333333333 0.49833333333333335 0.03 0.035833333333333335
0 0.37833333333333335 0.5033333333333333 0.028333333333333332 0.041666666666666664
0 0.535 0.5066666666666667 0.025833333333333333 0.0425
0 0.26916666666666667 0.52 0.02666666666666667 0.045
0 0.33166666666666667 0.5366666666666666 0.029166666666666667 0.0475
0 0.69 0.5666666666666667 0.029166666666666667 0.0425
0 0.3475 0.6591666666666667 0.03166666666666667 0.03666666666666667
0 0.45916666666666667 0.6808333333333333 0.020833333333333332 0.049166666666666664
0 0.13083333333333333 0.72 0.03666666666666667 0.04
0 0.1125 0.9883333333333333 0.02666666666666667 0.0225
0 0.44916666666666666 0.10916666666666666 0.0125 0.018333333333333333
0 0.30083333333333334 0.11833333333333333 0.015833333333333335 0.025833333333333333
0 0.29 0.12416666666666666 0.018333333333333333 0.030833333333333334
0 0.2816666666666667 0.13 0.02 0.03166666666666667
0 0.26666666666666666 0.13583333333333333 0.025833333333333333 0.025
0 0.1825 0.0025 0.014166666666666666 0.005
0 0.36916666666666664 0.14583333333333334 0.0175 0.020833333333333332
0 0.3491666666666667 0.1475 0.015833333333333335 0.021666666666666667
0 0.3933333333333333 0.14833333333333334 0.0225 0.034166666666666665
0 0.195 0.006666666666666667 0.016666666666666666 0.0125
0 0.33916666666666667 0.15916666666666668 0.014166666666666666 0.015833333333333335
0 0.505 0.15916666666666668 0.01 0.03166666666666667
0 0.36666666666666664 0.1625 0.020833333333333332 0.0225
0 0.3491666666666667 0.16666666666666666 0.020833333333333332 0.035
0 0.33 0.16833333333333333 0.020833333333333332 0.023333333333333334
0 0.36333333333333334 0.17666666666666667 0.006666666666666667 0.025833333333333333
0 0.32916666666666666 0.17666666666666667 0.02 0.025833333333333333
0 0.36666666666666664 0.18583333333333332 0.020833333333333332 0.03333333333333333
0 0.48833333333333334 0.22 0.009166666666666667 0.015833333333333335
0 0.3933333333333333 0.2225 0.02 0.03916666666666667
0 0.36833333333333335 0.25 0.011666666666666667 0.028333333333333332
0 0.17666666666666667 0.011666666666666667 0.02 0.023333333333333334
0 0.3075 0.28583333333333333 0.028333333333333332 0.028333333333333332
0 0.33 0.29583333333333334 0.020833333333333332 0.0275
0 0.305 0.3025 0.025833333333333333 0.0275
0 0.7966666666666666 0.31416666666666665 0.0325 0.034166666666666665
0 0.14083333333333334 0.3258333333333333 0.0225 0.0425
0 0.5175 0.3875 0.016666666666666666 0.03916666666666667
0 0.5216666666666666 0.41083333333333333 0.015833333333333335 0.05333333333333334
0 0.5133333333333333 0.4241666666666667 0.015 0.04833333333333333
0 0.5625 0.42916666666666664 0.014166666666666666 0.035833333333333335
0 0.3908333333333333 0.45416666666666666 0.0225 0.035
0 0.37 0.45666666666666667 0.024166666666666666 0.03333333333333333