0 0.3016666666666667 0.5266666666666666 0.019166666666666665 0.07833333333333334
0 0.7233333333333334 0.525 0.03833333333333333 0.04083333333333333
0 0.6908333333333333 0.5225 0.041666666666666664 0.035
0 0.73 0.5133333333333333 0.03833333333333333 0.05583333333333333
0 0.7458333333333333 0.51 0.025 0.06916666666666667
0 0.6808333333333333 0.49166666666666664 0.025833333333333333 0.04583333333333333
0 0.7275 0.48583333333333334 0.03 0.043333333333333335
0 0.6625 0.475 0.023333333333333334 0.07083333333333333
0 0.7633333333333333 0.4675 0.018333333333333333 0.07666666666666666
0 0.7225 0.4583333333333333 0.03166666666666667 0.04583333333333333
0 0.7483333333333333 0.4583333333333333 0.02 0.06916666666666667
0 0.695 0.4475 0.03666666666666667 0.056666666666666664
0 0.3525 0.9725 0.0325 0.0475
0 0.7291666666666666 0.44416666666666665 0.030833333333333334 0.05583333333333333
0 0.7316666666666667 0.4216666666666667 0.0275 0.05
0 0.23666666666666666 0.9641666666666666 0.023333333333333334 0.06833333333333333
0 0.75 0.405 0.023333333333333334 0.06333333333333334
0 0.6883333333333334 0.39916666666666667 0.03333333333333333 0.0625
0 0.7658333333333334 0.39416666666666667 0.02 0.07083333333333333
0 0.7016666666666667 0.3933333333333333 0.03333333333333333 0.065
0 0.7316666666666667 0.3875 0.02666666666666667 0.06166666666666667
0 0.7091666666666666 0.35833333333333334 0.0225 0.07
0 0.7516666666666667 0.32666666666666666 0.02 0.08666666666666667
0 0.74 0.3258333333333333 0.0175 0.08583333333333333
0 0.335 0.31916666666666665 0.02666666666666667 0.07916666666666666
0 0.355 0.30083333333333334 0.03333333333333333 0.06583333333333333
0 0.725 0.2891666666666667 0.025833333333333333 0.09
0 0.7616666666666667 0.2891666666666667 0.024166666666666666 0.08416666666666667
0 0.3883333333333333 0.2816666666666667 0.04583333333333333 0.06833333333333333
0 0.45 0.27166666666666667 0.0275 0.065
0 0.7325 0.25333333333333335 0.03 0.06583333333333333
0 0.39416666666666667 0.24083333333333334 0.020833333333333332 0.06416666666666666
0 0.705 0.23833333333333334 0.030833333333333334 0.0625
0 0.37833333333333335 0.23583333333333334 0.0225 0.07416666666666667
0 0.7333333333333333 0.2175 0.0275 0.06666666666666667
0 0.4125 0.2175 0.024166666666666666 0.07166666666666667
0 0.7025 0.185 0.035833333333333335 0.059166666666666666
0 0.7283333333333334 0.1725 0.0325 0.06583333333333333
0 0.7025 0.15333333333333332 0.03666666666666667 0.07333333333333333
0 0.7225 0.12166666666666667 0.02666666666666667 0.06416666666666666
0 0.32083333333333336 0.034166666666666665 0.03 0.0675
0 0.25416666666666665 0.9275 0.02666666666666667 0.06333333333333334
0 0.7291666666666666 0.013333333333333334 0.02 0.025833333333333333
0 0.3016666666666667 0.9216666666666666 0.049166666666666664 0.04833333333333333
0 0.2808333333333333 0.9016666666666666 0.035833333333333335 0.03833333333333333
0 0.24833333333333332 0.8966666666666666 0.025 0.0675
0 0.3541666666666667 0.8875 0.043333333333333335 0.034166666666666665
0 0.31416666666666665 0.8833333333333333 0.04 0.035833333333333335
0 0.3408333333333333 0.8641666666666666 0.04083333333333333 0.035833333333333335
0 0.37583333333333335 0.8575 0.034166666666666665 0.0275
0 0.2633333333333333 0.8541666666666666 0.02666666666666667 0.065
0 0.4533333333333333 0.84 0.03833333333333333 0.07416666666666667
0 0.4008333333333333 0.8316666666666667 0.045 0.03666666666666667
0 0.5616666666666666 0.8233333333333334 0.043333333333333335 0.0475
0 0.5208333333333334 0.805 0.034166666666666665 0.06833333333333333
0 0.5458333333333333 0.805 0.041666666666666664 0.05416666666666667
0 0.6025 0.8008333333333333 0.0225 0.04083333333333333
0 0.4533333333333333 0.7991666666666667 0.0375 0.058333333333333334
0 0.5925 0.7908333333333334 0.021666666666666667 0.05583333333333333
0 0.5766666666666667 0.7825 0.0325 0.05416666666666667
0 0.305 0.7791666666666667 0.025833333333333333 0.043333333333333335
0 0.6066666666666667 0.7458333333333333 0.04083333333333333 0.04083333333333333
0 0.5816666666666667 0.7266666666666667 0.02 0.0725
0 0.3641666666666667 0.72 0.029166666666666667 0.028333333333333332
0 0.3408333333333333 0.7175 0.03833333333333333 0.04583333333333333
0 0.6008333333333333 0.7058333333333333 0.0275 0.07333333333333333
0 0.3725 0.6966666666666667 0.03833333333333333 0.03
0 0.3458333333333333 0.6841666666666667 0.030833333333333334 0.04
0 0.33 0.6808333333333333 0.025833333333333333 0.06
0 0.37833333333333335 0.6666666666666666 0.04 0.035
0 0.29083333333333333 0.6516666666666666 0.0225 0.07416666666666667
0 0.6141666666666666 0.6458333333333334 0.02 0.08833333333333333
0 0.355 0.6433333333333333 0.03666666666666667 0.055
0 0.38166666666666665 0.6266666666666667 0.03 0.058333333333333334
0 0.6541666666666667 0.6241666666666666 0.020833333333333332 0.09083333333333334
0 0.4025 0.6233333333333333 0.028333333333333332 0.05
0 0.30333333333333334 0.6108333333333333 0.014166666666666666 0.05416666666666667
0 0.7275 0.6033333333333334 0.03833333333333333 0.025833333333333333
0 0.6975 0.5991666666666666 0.0325 0.0325
0 0.6666666666666666 0.5925 0.02 0.08583333333333333
0 0.6441666666666667 0.5866666666666667 0.016666666666666666 0.0825
0 0.5741666666666667 0.585 0.03 0.07333333333333333
0 0.41083333333333333 0.5841666666666666 0.030833333333333334 0.05583333333333333
0 0.7575 0.5783333333333334 0.02 0.0725
0 0.7225 0.5775 0.03833333333333333 0.0325
0 0.6333333333333333 0.5733333333333334 0.016666666666666666 0.0775
0 0.7366666666666667 0.57 0.030833333333333334 0.05583333333333333
0 0.37916666666666665 0.5633333333333334 0.04416666666666667 0.04666666666666667
0 0.6966666666666667 0.5566666666666666 0.0425 0.04