0 0.305 0.5408333333333334 0.03916666666666667 0.035
0 0.3475 0.5258333333333334 0.0325 0.04583333333333333
0 0.325 0.5141666666666667 0.028333333333333332 0.028333333333333332
0 0.3825 0.5133333333333333 0.0325 0.051666666666666666
0 0.2966666666666667 0.5125 0.034166666666666665 0.028333333333333332
0 0.37083333333333335 0.5091666666666667 0.0275 0.05583333333333333
0 0.27416666666666667 0.5058333333333334 0.0375 0.035
0 0.3466666666666667 0.5008333333333334 0.028333333333333332 0.0625
0 0.33166666666666667 0.4866666666666667 0.030833333333333334 0.03833333333333333
0 0.31416666666666665 0.48583333333333334 0.03166666666666667 0.035
0 0.3975 0.47583333333333333 0.029166666666666667 0.045
0 0.37416666666666665 0.475 0.035 0.045
0 0.29583333333333334 0.4741666666666667 0.03833333333333333 0.035833333333333335
0 0.505 0.2941666666666667 0.02 0.06666666666666667
0 0.605 0.23833333333333334 0.03916666666666667 0.03916666666666667
0 0.6308333333333334 0.22666666666666666 0.041666666666666664 0.059166666666666666
0 0.59 0.18416666666666667 0.029166666666666667 0.06333333333333334
0 0.8991666666666667 0.9125 0.030833333333333334 0.025
0 0.9233333333333333 0.9075 0.028333333333333332 0.0425
0 0.8958333333333334 0.8925 0.03666666666666667 0.041666666666666664
0 0.9366666666666666 0.8833333333333333 0.0325 0.03166666666666667
0 0.9041666666666667 0.8783333333333333 0.03166666666666667 0.03333333333333333
0 0.9841666666666666 0.8658333333333333 0.028333333333333332 0.03833333333333333
0 0.9325 0.8616666666666667 0.035 0.035
0 0.9075 0.8591666666666666 0.035833333333333335 0.03833333333333333
0 0.9533333333333334 0.8583333333333333 0.028333333333333332 0.034166666666666665
0 0.9683333333333334 0.8508333333333333 0.025833333333333333 0.028333333333333332
0 0.9058333333333334 0.84 0.034166666666666665 0.05333333333333334
0 0.905 0.8333333333333334 0.028333333333333332 0.05
0 0.9225 0.8291666666666667 0.029166666666666667 0.035
0 0.9733333333333334 0.8275 0.029166666666666667 0.03
0 0.9441666666666667 0.8258333333333333 0.03 0.04
0 0.885 0.825 0.03333333333333333 0.07083333333333333
0 0.3125 0.5716666666666667 0.03333333333333333 0.043333333333333335
0 0.37916666666666665 0.5683333333333334 0.029166666666666667 0.03916666666666667
0 0.3358333333333333 0.5575 0.0325 0.03166666666666667
0 0.36333333333333334 0.5533333333333333 0.030833333333333334 0.035833333333333335