0 0.4241666666666667 0.5316666666666666 0.043333333333333335 0.028333333333333332
0 0.7108333333333333 0.53 0.018333333333333333 0.06833333333333333
0 0.39416666666666667 0.5216666666666666 0.0325 0.04666666666666667
0 0.415 0.52 0.0425 0.0375
0 0.9266666666666666 0.5125 0.04083333333333333 0.06916666666666667
0 0.3858333333333333 0.5041666666666667 0.023333333333333334 0.029166666666666667
0 0.45916666666666667 0.49916666666666665 0.03666666666666667 0.0325
0 0.425 0.4975 0.041666666666666664 0.020833333333333332
0 0.495 0.49666666666666665 0.03666666666666667 0.045
0 0.37416666666666665 0.49666666666666665 0.0225 0.06916666666666667
0 0.39666666666666667 0.4791666666666667 0.035833333333333335 0.035833333333333335
0 0.955 0.4775 0.03 0.07
0 0.7333333333333333 0.4766666666666667 0.02666666666666667 0.07416666666666667
0 0.43416666666666665 0.4741666666666667 0.043333333333333335 0.03333333333333333
0 0.4716666666666667 0.47 0.0325 0.0375
0 0.5091666666666667 0.45666666666666667 0.041666666666666664 0.04666666666666667
0 0.72 0.4558333333333333 0.020833333333333332 0.09
0 0.4875 0.4533333333333333 0.0325 0.03
0 0.4325 0.4508333333333333 0.0225 0.0425
0 0.3975 0.44916666666666666 0.0375 0.04583333333333333
0 0.4533333333333333 0.44666666666666666 0.03166666666666667 0.03333333333333333
0 0.4175 0.44083333333333335 0.0425 0.04583333333333333
0 0.38916666666666666 0.4375 0.03333333333333333 0.045
0 0.5283333333333333 0.435 0.043333333333333335 0.0325
0 0.5675 0.43 0.03833333333333333 0.0325
0 0.74 0.42916666666666664 0.0225 0.059166666666666666
0 0.48 0.42916666666666664 0.030833333333333334 0.03166666666666667
0 0.755 0.425 0.025 0.07916666666666666
0 0.49583333333333335 0.4241666666666667 0.03833333333333333 0.035833333333333335
0 0.455 0.42083333333333334 0.034166666666666665 0.025
0 0.5125 0.4075 0.043333333333333335 0.029166666666666667
0 0.5433333333333333 0.4041666666666667 0.04666666666666667 0.03833333333333333
0 0.415 0.4041666666666667 0.03666666666666667 0.035833333333333335
0 0.44166666666666665 0.4 0.0375 0.04083333333333333
0 0.47 0.4 0.03916666666666667 0.028333333333333332
0 0.49333333333333335 0.38166666666666665 0.03916666666666667 0.03833333333333333
0 0.545 0.37833333333333335 0.03833333333333333 0.029166666666666667
0 0.5133333333333333 0.37333333333333335 0.034166666666666665 0.03333333333333333
0 0.4633333333333333 0.3675 0.0325 0.03666666666666667
0 0.43833333333333335 0.36666666666666664 0.030833333333333334 0.0425
0 0.4191666666666667 0.36583333333333334 0.02 0.06166666666666667
0 0.48333333333333334 0.35 0.04 0.03666666666666667
0 0.4425 0.3283333333333333 0.025833333333333333 0.07
0 0.4725 0.3275 0.02666666666666667 0.05583333333333333
0 0.7116666666666667 0.3225 0.020833333333333332 0.035
0 0.4583333333333333 0.31583333333333335 0.0275 0.06166666666666667
0 0.4275 0.31416666666666665 0.034166666666666665 0.06
0 0.48083333333333333 0.2875 0.024166666666666666 0.0525
0 0.4216666666666667 0.2875 0.0375 0.04833333333333333
0 0.4975 0.28 0.024166666666666666 0.08083333333333333
0 0.4666666666666667 0.275 0.025 0.055
0 0.43916666666666665 0.23916666666666667 0.0175 0.06583333333333333
0 0.45916666666666667 0.23333333333333334 0.024166666666666666 0.07666666666666666
0 0.43 0.21416666666666667 0.0175 0.0925
0 0.415 0.21416666666666667 0.018333333333333333 0.08583333333333333
0 0.4525 0.19916666666666666 0.018333333333333333 0.08083333333333333
0 0.4375 0.175 0.0125 0.07
0 0.42583333333333334 0.1475 0.014166666666666666 0.0675
0 0.45166666666666666 0.14666666666666667 0.016666666666666666 0.06416666666666666
0 0.4116666666666667 0.12083333333333333 0.018333333333333333 0.07083333333333333
0 0.435 0.105 0.015 0.075
0 0.32416666666666666 0.845 0.020833333333333332 0.08666666666666667
0 0.4925 0.785 0.0275 0.07333333333333333
0 0.4866666666666667 0.7683333333333333 0.015 0.04666666666666667
0 0.32 0.7616666666666667 0.0225 0.07916666666666666
0 0.5133333333333333 0.7225 0.023333333333333334 0.07583333333333334
0 0.32916666666666666 0.7041666666666667 0.028333333333333332 0.056666666666666664
0 0.4741666666666667 0.695 0.03166666666666667 0.0725
0 0.355 0.6941666666666667 0.0325 0.035
0 0.5008333333333334 0.6858333333333333 0.018333333333333333 0.08083333333333333
0 0.3858333333333333 0.6841666666666667 0.0275 0.0275
0 0.5258333333333334 0.6683333333333333 0.0375 0.0475
0 0.3258333333333333 0.6675 0.0325 0.0375
0 0.3875 0.6616666666666666 0.0375 0.029166666666666667
0 0.43333333333333335 0.6508333333333334 0.03166666666666667 0.06666666666666667
0 0.3516666666666667 0.6483333333333333 0.03 0.06166666666666667
0 0.37166666666666665 0.6475 0.03833333333333333 0.04666666666666667
0 0.31083333333333335 0.6416666666666667 0.03166666666666667 0.043333333333333335
0 0.5291666666666667 0.6366666666666667 0.035833333333333335 0.06166666666666667
0 0.405 0.625 0.0375 0.04083333333333333
0 0.3416666666666667 0.6208333333333333 0.0275 0.05333333333333334
0 0.5216666666666666 0.62 0.0325 0.05583333333333333
0 0.3825 0.6158333333333333 0.035833333333333335 0.043333333333333335
0 0.5583333333333333 0.6091666666666666 0.03166666666666667 0.035
0 0.37333333333333335 0.6 0.035833333333333335 0.03166666666666667
0 0.6775 0.5908333333333333 0.03333333333333333 0.06
0 0.465 0.5875 0.03666666666666667 0.03666666666666667
0 0.43083333333333335 0.585 0.035833333333333335 0.0275
0 0.4791666666666667 0.58 0.03666666666666667 0.03166666666666667
0 0.4 0.5733333333333334 0.04416666666666667 0.028333333333333332
0 0.43833333333333335 0.5675 0.03916666666666667 0.030833333333333334
0 0.4975 0.5616666666666666 0.04083333333333333 0.035833333333333335
0 0.45916666666666667 0.555 0.04083333333333333 0.025833333333333333
0 0.38333333333333336 0.5533333333333333 0.0375 0.03833333333333333
0 0.4125 0.5525 0.035 0.029166666666666667
0 0.6858333333333333 0.5416666666666666 0.035 0.07833333333333334
0 0.36666666666666664 0.5391666666666667 0.034166666666666665 0.04666666666666667
0 0.5458333333333333 0.5375 0.019166666666666665 0.08666666666666667
0 0.4583333333333333 0.535 0.043333333333333335 0.034166666666666665