0 0.4116666666666667 0.6966666666666667 0.03833333333333333 0.06333333333333334
0 0.1475 0.7391666666666666 0.025833333333333333 0.07
0 0.42333333333333334 0.7575 0.019166666666666665 0.07
0 0.4083333333333333 0.7983333333333333 0.0225 0.07666666666666666
0 0.355 0.9616666666666667 0.058333333333333334 0.0525
0 0.18 0.9741666666666666 0.04083333333333333 0.05
0 0.49583333333333335 0.21666666666666667 0.023333333333333334 0.028333333333333332
0 0.4725 0.2225 0.024166666666666666 0.023333333333333334
0 0.48333333333333334 0.22666666666666666 0.02666666666666667 0.0175
0 0.5133333333333333 0.23916666666666667 0.035 0.030833333333333334
0 0.48083333333333333 0.24 0.029166666666666667 0.015
0 0.4583333333333333 0.24166666666666667 0.0225 0.025833333333333333
0 0.41333333333333333 0.245 0.024166666666666666 0.02666666666666667
0 0.43666666666666665 0.245 0.024166666666666666 0.024166666666666666
0 0.39916666666666667 0.24583333333333332 0.019166666666666665 0.0275
0 0.5075 0.24916666666666668 0.029166666666666667 0.035833333333333335
0 0.38 0.2525 0.020833333333333332 0.0275
0 0.4825 0.25416666666666665 0.025833333333333333 0.024166666666666666
0 0.4558333333333333 0.25666666666666665 0.015 0.03
0 0.4675 0.25833333333333336 0.016666666666666666 0.03166666666666667
0 0.44166666666666665 0.2608333333333333 0.019166666666666665 0.02
0 0.525 0.26416666666666666 0.03666666666666667 0.059166666666666666
0 0.43166666666666664 0.265 0.02 0.0325
0 0.485 0.2733333333333333 0.0225 0.023333333333333334
0 0.4058333333333333 0.2733333333333333 0.021666666666666667 0.04666666666666667
0 0.415 0.27666666666666667 0.02 0.045
0 0.47 0.2775 0.0175 0.03166666666666667
0 0.3775 0.2791666666666667 0.019166666666666665 0.04083333333333333
0 0.5191666666666667 0.28 0.034166666666666665 0.043333333333333335
0 0.39 0.28 0.02 0.05416666666666667
0 0.43666666666666665 0.2808333333333333 0.025833333333333333 0.029166666666666667
0 0.36333333333333334 0.285 0.02 0.043333333333333335
0 0.4875 0.2866666666666667 0.019166666666666665 0.025
0 0.4525 0.2866666666666667 0.021666666666666667 0.03916666666666667
0 0.5075 0.29333333333333333 0.029166666666666667 0.04083333333333333
0 0.4716666666666667 0.29833333333333334 0.0175 0.0325
0 0.43 0.3 0.021666666666666667 0.035833333333333335
0 0.4791666666666667 0.3125 0.0325 0.035833333333333335