0 0.6066666666666667 0.5391666666666667 0.030833333333333334 0.0525
0 0.9283333333333333 0.5366666666666666 0.029166666666666667 0.0725
0 0.8891666666666667 0.5341666666666667 0.025 0.06416666666666666
0 0.9316666666666666 0.5183333333333333 0.024166666666666666 0.041666666666666664
0 0.5833333333333334 0.5125 0.018333333333333333 0.07083333333333333
0 0.9008333333333334 0.5025 0.023333333333333334 0.07166666666666667
0 0.9141666666666667 0.49083333333333334 0.0175 0.07
0 0.2683333333333333 0.4875 0.04 0.051666666666666666
0 0.2816666666666667 0.4575 0.04416666666666667 0.04
0 0.8975 0.4533333333333333 0.025 0.07083333333333333
0 0.5408333333333334 0.44416666666666665 0.041666666666666664 0.03333333333333333
0 0.9166666666666666 0.43666666666666665 0.0175 0.06333333333333334
0 0.9291666666666667 0.435 0.029166666666666667 0.07916666666666666
0 0.29583333333333334 0.43166666666666664 0.0425 0.030833333333333334
0 0.1025 0.42583333333333334 0.02666666666666667 0.06333333333333334
0 0.2725 0.42583333333333334 0.0375 0.05583333333333333
0 0.8925 0.4166666666666667 0.023333333333333334 0.051666666666666666
0 0.31416666666666665 0.4141666666666667 0.0325 0.041666666666666664
0 0.1625 0.41333333333333333 0.029166666666666667 0.08083333333333333
0 0.925 0.4041666666666667 0.0175 0.058333333333333334
0 0.9116666666666666 0.3958333333333333 0.0225 0.06333333333333334
0 0.9425 0.395 0.016666666666666666 0.05333333333333334
0 0.2683333333333333 0.3933333333333333 0.04 0.0725
0 0.2783333333333333 0.3875 0.021666666666666667 0.050833333333333335
0 0.88 0.38666666666666666 0.030833333333333334 0.06833333333333333
0 0.12833333333333333 0.38416666666666666 0.0275 0.075
0 0.2975 0.3825 0.02 0.0725
0 0.8525 0.38 0.029166666666666667 0.06583333333333333
0 0.255 0.3725 0.024166666666666666 0.06916666666666667
0 0.9308333333333333 0.3725 0.019166666666666665 0.059166666666666666
0 0.9025 0.37166666666666665 0.02666666666666667 0.04833333333333333
0 0.265 0.9458333333333333 0.03833333333333333 0.05583333333333333
0 0.30666666666666664 0.3566666666666667 0.023333333333333334 0.07916666666666666
0 0.09333333333333334 0.35583333333333333 0.019166666666666665 0.0775
0 0.2808333333333333 0.34833333333333333 0.03166666666666667 0.035833333333333335
0 0.013333333333333334 0.34833333333333333 0.02666666666666667 0.04583333333333333
0 0.285 0.3475 0.03333333333333333 0.03916666666666667
0 0.9108333333333334 0.3441666666666667 0.03666666666666667 0.045
0 0.8808333333333334 0.3383333333333333 0.034166666666666665 0.05333333333333334
0 0.9491666666666667 0.9425 0.0375 0.04833333333333333
0 0.7633333333333333 0.33166666666666667 0.024166666666666666 0.07333333333333333
0 0.2791666666666667 0.3308333333333333 0.04083333333333333 0.024166666666666666
0 0.24833333333333332 0.32666666666666666 0.02666666666666667 0.075
0 0.255 0.325 0.0175 0.060833333333333336
0 0.12583333333333332 0.32083333333333336 0.025 0.06166666666666667
0 0.2816666666666667 0.31166666666666665 0.04666666666666667 0.024166666666666666
0 0.7775 0.30583333333333335 0.021666666666666667 0.06166666666666667
0 0.2841666666666667 0.29 0.05333333333333334 0.029166666666666667
0 0.255 0.2841666666666667 0.0225 0.023333333333333334
0 0.7566666666666667 0.2791666666666667 0.020833333333333332 0.0725
0 0.26916666666666667 0.2733333333333333 0.028333333333333332 0.023333333333333334
0 0.08083333333333333 0.1825 0.025 0.05416666666666667
0 0.91 0.11666666666666667 0.025 0.06916666666666667
0 0.9158333333333334 0.058333333333333334 0.03666666666666667 0.07083333333333333
0 0.9583333333333334 0.9108333333333334 0.04083333333333333 0.034166666666666665
0 0.26916666666666667 0.8958333333333334 0.03333333333333333 0.07416666666666667
0 0.76 0.8183333333333334 0.024166666666666666 0.07916666666666666
0 0.26 0.7708333333333334 0.0325 0.06666666666666667
0 0.9575 0.7175 0.029166666666666667 0.029166666666666667
0 0.9375 0.7016666666666667 0.02 0.0625
0 0.93 0.67 0.021666666666666667 0.06333333333333334
0 0.9533333333333334 0.6658333333333334 0.0225 0.08333333333333333
0 0.6783333333333333 0.6575 0.019166666666666665 0.07916666666666666
0 0.6108333333333333 0.6575 0.0275 0.075
0 0.9058333333333334 0.6391666666666667 0.035 0.06
0 0.9408333333333333 0.6375 0.018333333333333333 0.06
0 0.955 0.6325 0.021666666666666667 0.0575
0 0.9283333333333333 0.6158333333333333 0.018333333333333333 0.056666666666666664
0 0.8975 0.6091666666666666 0.028333333333333332 0.07416666666666667
0 0.94 0.5916666666666667 0.0175 0.04416666666666667
0 0.9108333333333334 0.5833333333333334 0.018333333333333333 0.07083333333333333
0 0.8908333333333334 0.5808333333333333 0.019166666666666665 0.04666666666666667
0 0.61 0.5708333333333333 0.034166666666666665 0.05
0 0.5916666666666667 0.5683333333333334 0.024166666666666666 0.043333333333333335
0 0.9233333333333333 0.5675 0.0225 0.06333333333333334
0 0.018333333333333333 0.5625 0.03666666666666667 0.051666666666666666
0 0.9041666666666667 0.55 0.016666666666666666 0.049166666666666664
0 0.15583333333333332 0.5466666666666666 0.025833333333333333 0.05583333333333333