0 0.455 0.4825 0.0375 0.0425
0 0.4475 0.5275 0.020833333333333332 0.060833333333333336
0 0.7216666666666667 0.29333333333333333 0.041666666666666664 0.034166666666666665
0 0.6891666666666667 0.31 0.03333333333333333 0.0275
0 0.4841666666666667 0.3175 0.020833333333333332 0.06416666666666666
0 0.5025 0.32666666666666666 0.0275 0.028333333333333332
0 0.7075 0.3275 0.035 0.0325
0 0.6575 0.33166666666666667 0.03833333333333333 0.03333333333333333
0 0.4841666666666667 0.3408333333333333 0.03 0.056666666666666664
0 0.615 0.3466666666666667 0.04666666666666667 0.04
0 0.5458333333333333 0.35 0.0475 0.04416666666666667
0 0.5041666666666667 0.36 0.0325 0.03666666666666667
0 0.4633333333333333 0.36 0.015833333333333335 0.06416666666666666
0 0.485 0.37416666666666665 0.030833333333333334 0.050833333333333335
0 0.45 0.38 0.016666666666666666 0.06666666666666667
0 0.5158333333333334 0.38333333333333336 0.020833333333333332 0.045
0 0.5116666666666667 0.38333333333333336 0.02666666666666667 0.05333333333333334
0 0.5283333333333333 0.3925 0.0375 0.043333333333333335
0 0.5508333333333333 0.39416666666666667 0.030833333333333334 0.05333333333333334
0 0.5666666666666667 0.395 0.0375 0.055
0 0.4741666666666667 0.40166666666666667 0.023333333333333334 0.059166666666666666
0 0.49583333333333335 0.4075 0.030833333333333334 0.03916666666666667
0 0.4708333333333333 0.43166666666666664 0.028333333333333332 0.06