0 0.5383333333333333 0.4625 0.034166666666666665 0.03
0 0.44416666666666665 0.465 0.02 0.0675
0 0.49666666666666665 0.4691666666666667 0.045 0.035
0 0.5433333333333333 0.4741666666666667 0.0475 0.0475
0 0.5708333333333333 0.4816666666666667 0.03666666666666667 0.04083333333333333
0 0.5958333333333333 0.48333333333333334 0.016666666666666666 0.060833333333333336
0 0.49166666666666664 0.4841666666666667 0.045 0.03
0 0.61 0.49583333333333335 0.0125 0.06583333333333333
0 0.5841666666666666 0.49916666666666665 0.013333333333333334 0.02666666666666667
0 0.44333333333333336 0.5033333333333333 0.023333333333333334 0.07166666666666667
0 0.54 0.5041666666666667 0.045 0.028333333333333332
0 0.49833333333333335 0.5041666666666667 0.045 0.035
0 0.5666666666666667 0.5108333333333334 0.0375 0.023333333333333334
0 0.45916666666666667 0.515 0.025 0.059166666666666666
0 0.018333333333333333 0.5216666666666666 0.03333333333333333 0.07666666666666666
0 0.5816666666666667 0.5258333333333334 0.029166666666666667 0.0325
0 0.5375 0.53 0.04 0.021666666666666667
0 0.6091666666666666 0.5366666666666666 0.0375 0.05416666666666667
0 0.5633333333333334 0.5425 0.04416666666666667 0.03
0 0.5033333333333333 0.5433333333333333 0.035 0.059166666666666666
0 0.675 0.5458333333333333 0.024166666666666666 0.08083333333333333
0 0.4608333333333333 0.55 0.025833333333333333 0.0725
0 0.6041666666666666 0.5533333333333333 0.04 0.03333333333333333
0 0.5866666666666667 0.5616666666666666 0.03 0.03333333333333333
0 0.44166666666666665 0.5675 0.0175 0.07583333333333334
0 0.4725 0.5825 0.0275 0.059166666666666666
0 0.6166666666666667 0.585 0.041666666666666664 0.035
0 0.5933333333333334 0.595 0.045 0.043333333333333335
0 0.54 0.6083333333333333 0.0475 0.04083333333333333
0 0.5808333333333333 0.6141666666666666 0.0375 0.056666666666666664
0 0.44666666666666666 0.6175 0.025 0.06583333333333333
0 0.2075 0.9341666666666667 0.03 0.07666666666666666
0 0.43416666666666665 0.375 0.043333333333333335 0.0475
0 0.43333333333333335 0.4075 0.0225 0.04083333333333333
0 0.49416666666666664 0.42333333333333334 0.04 0.051666666666666666
0 0.4525 0.42583333333333334 0.0175 0.06166666666666667
0 0.5258333333333334 0.43416666666666665 0.035 0.03666666666666667
0 0.4666666666666667 0.4483333333333333 0.0175 0.07416666666666667
0 0.5608333333333333 0.44916666666666666 0.0425 0.056666666666666664
0 0.6041666666666666 0.4525 0.03333333333333333 0.0475
0 0.5116666666666667 0.4525 0.0325 0.0475
0 0.014166666666666666 0.4575 0.0275 0.07333333333333333