0 0.4275 0.5241666666666667 0.011666666666666667 0.014166666666666666
0 0.515 0.5191666666666667 0.015833333333333335 0.0325
0 0.5325 0.495 0.015833333333333335 0.0325
0 0.5858333333333333 0.47 0.0225 0.021666666666666667
0 0.565 0.45916666666666667 0.0175 0.029166666666666667
0 0.5825 0.4533333333333333 0.0225 0.024166666666666666
0 0.7283333333333334 0.44416666666666665 0.0075 0.020833333333333332
0 0.7383333333333333 0.43333333333333335 0.0225 0.0425
0 0.21916666666666668 0.4241666666666667 0.028333333333333332 0.028333333333333332
0 0.37083333333333335 0.37166666666666665 0.015 0.0375
0 0.3675 0.3541666666666667 0.016666666666666666 0.050833333333333335
0 0.375 0.3408333333333333 0.015833333333333335 0.04
0 0.3275 0.33666666666666667 0.01 0.0325
0 0.49 0.31 0.018333333333333333 0.029166666666666667
0 0.5016666666666667 0.30833333333333335 0.021666666666666667 0.04666666666666667
0 0.5266666666666666 0.2966666666666667 0.0225 0.03166666666666667
0 0.5508333333333333 0.28583333333333333 0.021666666666666667 0.034166666666666665
0 0.565 0.2733333333333333 0.018333333333333333 0.04666666666666667
0 0.5391666666666667 0.27 0.025 0.0325
0 0.3433333333333333 0.2675 0.018333333333333333 0.04
0 0.495 0.26666666666666666 0.025833333333333333 0.03666666666666667
0 0.5966666666666667 0.245 0.021666666666666667 0.0475
0 0.5316666666666666 0.23916666666666667 0.02666666666666667 0.045
0 0.18833333333333332 0.2125 0.034166666666666665 0.04666666666666667
0 0.5016666666666667 0.1225 0.029166666666666667 0.035
0 0.3908333333333333 0.09666666666666666 0.030833333333333334 0.058333333333333334
0 0.71 0.06166666666666667 0.03666666666666667 0.0525
0 0.705 0.005833333333333334 0.02666666666666667 0.01
0 0.6691666666666667 0.8341666666666666 0.009166666666666667 0.014166666666666666
0 0.5775 0.8283333333333334 0.009166666666666667 0.013333333333333334
0 0.7083333333333334 0.8266666666666667 0.006666666666666667 0.014166666666666666
0 0.7016666666666667 0.8258333333333333 0.010833333333333334 0.015833333333333335
0 0.5675 0.8175 0.01 0.013333333333333334
0 0.7341666666666666 0.8166666666666667 0.0125 0.015833333333333335
0 0.5766666666666667 0.815 0.008333333333333333 0.014166666666666666
0 0.7425 0.815 0.01 0.014166666666666666
0 0.6708333333333333 0.7983333333333333 0.005833333333333334 0.01
0 0.6175 0.7983333333333333 0.006666666666666667 0.015833333333333335
0 0.7383333333333333 0.7941666666666667 0.01 0.023333333333333334
0 0.7033333333333334 0.7725 0.013333333333333334 0.01
0 0.6683333333333333 0.7666666666666667 0.009166666666666667 0.01
0 0.6825 0.7575 0.0125 0.016666666666666666
0 0.7175 0.7216666666666667 0.0075 0.014166666666666666
0 0.725 0.715 0.015833333333333335 0.015833333333333335
0 0.7125 0.7141666666666666 0.013333333333333334 0.025
0 0.7275 0.7058333333333333 0.018333333333333333 0.021666666666666667
0 0.6075 0.6116666666666667 0.01 0.024166666666666666
0 0.6158333333333333 0.6075 0.015 0.025
0 0.6225 0.6016666666666667 0.016666666666666666 0.025
0 0.6341666666666667 0.5966666666666667 0.0225 0.021666666666666667
0 0.5408333333333334 0.5875 0.018333333333333333 0.0175
0 0.5208333333333334 0.5866666666666667 0.02 0.025833333333333333
0 0.5583333333333333 0.5858333333333333 0.016666666666666666 0.019166666666666665
0 0.5525 0.5808333333333333 0.010833333333333334 0.016666666666666666
0 0.5683333333333334 0.5791666666666667 0.0125 0.014166666666666666
0 0.42 0.5733333333333334 0.008333333333333333 0.029166666666666667
0 0.575 0.5725 0.018333333333333333 0.013333333333333334
0 0.545 0.5716666666666667 0.0175 0.0275
0 0.5591666666666667 0.5683333333333334 0.016666666666666666 0.029166666666666667
0 0.5775 0.5616666666666666 0.02 0.025
0 0.5441666666666667 0.5583333333333333 0.006666666666666667 0.020833333333333332
0 0.5391666666666667 0.5541666666666667 0.015 0.030833333333333334