0 0.4825 0.45916666666666667 0.0275 0.08083333333333333
0 0.4058333333333333 0.45916666666666667 0.04583333333333333 0.0425
0 0.5033333333333333 0.46166666666666667 0.025833333333333333 0.08083333333333333
0 0.345 0.4708333333333333 0.018333333333333333 0.07583333333333334
0 0.36916666666666664 0.4725 0.0475 0.04083333333333333
0 0.4533333333333333 0.47583333333333333 0.04416666666666667 0.043333333333333335
0 0.40166666666666667 0.48 0.0475 0.0425
0 0.3325 0.4891666666666667 0.015 0.065
0 0.3675 0.49166666666666664 0.035 0.0375
0 0.44583333333333336 0.49416666666666664 0.049166666666666664 0.0375
0 0.405 0.4975 0.04666666666666667 0.035
0 0.9575 0.5 0.021666666666666667 0.065
0 0.48583333333333334 0.5016666666666667 0.030833333333333334 0.0725
0 0.3858333333333333 0.51 0.041666666666666664 0.030833333333333334
0 0.9316666666666666 0.5133333333333333 0.0475 0.07166666666666667
0 0.36 0.5141666666666667 0.035 0.034166666666666665
0 0.5041666666666667 0.5191666666666667 0.024166666666666666 0.09583333333333334
0 0.4175 0.52 0.03916666666666667 0.035
0 0.335 0.5241666666666667 0.0375 0.0675
0 0.45916666666666667 0.5275 0.0375 0.06
0 0.2683333333333333 0.5325 0.028333333333333332 0.085
0 0.38916666666666666 0.5333333333333333 0.043333333333333335 0.035833333333333335
0 0.44583333333333336 0.5341666666666667 0.04083333333333333 0.07666666666666666
0 0.4825 0.5366666666666666 0.0275 0.08583333333333333
0 0.3458333333333333 0.5416666666666666 0.05 0.04833333333333333
0 0.355 0.5533333333333333 0.041666666666666664 0.03666666666666667
0 0.3283333333333333 0.57 0.03916666666666667 0.0475
0 0.505 0.5733333333333334 0.023333333333333334 0.0925
0 0.4775 0.5741666666666667 0.04083333333333333 0.07166666666666667
0 0.355 0.5825 0.05 0.0575
0 0.4025 0.5941666666666666 0.050833333333333335 0.045
0 0.36333333333333334 0.6008333333333333 0.03916666666666667 0.060833333333333336
0 0.5083333333333333 0.6325 0.035833333333333335 0.10166666666666667
0 0.9708333333333333 0.83 0.0325 0.0875
0 0.985 0.13666666666666666 0.029166666666666667 0.06416666666666666
0 0.9908333333333333 0.15916666666666668 0.0175 0.0725
0 0.9866666666666667 0.23 0.025833333333333333 0.09083333333333334
0 0.9825 0.275 0.03166666666666667 0.07
0 0.51 0.365 0.04583333333333333 0.0525
0 0.5083333333333333 0.3958333333333333 0.02666666666666667 0.058333333333333334
0 0.45166666666666666 0.4116666666666667 0.04083333333333333 0.055
0 0.49166666666666664 0.4191666666666667 0.0275 0.07583333333333334
0 0.4191666666666667 0.42333333333333334 0.04666666666666667 0.05
0 0.38916666666666666 0.435 0.0375 0.05333333333333334
0 0.9675 0.435 0.03916666666666667 0.0825
0 0.42833333333333334 0.43916666666666665 0.04416666666666667 0.050833333333333335
0 0.9341666666666667 0.44416666666666665 0.030833333333333334 0.07666666666666666
0 0.36666666666666664 0.44416666666666665 0.0325 0.05583333333333333
0 0.9566666666666667 0.44666666666666666 0.025 0.065
0 0.4483333333333333 0.4525 0.04666666666666667 0.0375