0 0.8283333333333334 0.5341666666666667 0.03 0.1
0 0.3641666666666667 0.44666666666666666 0.043333333333333335 0.095
0 0.3233333333333333 0.39166666666666666 0.0575 0.0525
0 0.345 0.305 0.058333333333333334 0.051666666666666666
0 0.27416666666666667 0.26166666666666666 0 0.0008333333333333334
0 0.31916666666666665 0.24916666666666668 0.045 0.08666666666666667
0 0.20416666666666666 0.22083333333333333 0.0475 0.09
0 0.3308333333333333 0.13416666666666666 0.04833333333333333 0.08666666666666667
0 0.030833333333333334 0.12916666666666668 0.045 0.105
0 0.7991666666666667 0.09416666666666666 0.0325 0.12
0 0.8925 0.7333333333333333 0.04083333333333333 0.0675
0 0.5533333333333333 0.6208333333333333 0.0325 0.09583333333333334
0 0.6908333333333333 0.6041666666666666 0.03 0.09416666666666666
0 0.645 0.5641666666666667 0.0325 0.09916666666666667