0 0.9833333333333333 0.4766666666666667 0.0325 0.12166666666666667
0 0.3233333333333333 0.49083333333333334 0.0375 0.11166666666666666
0 0.19833333333333333 0.6658333333333334 0.043333333333333335 0.1075
0 0.021666666666666667 0.8058333333333333 0.04 0.14166666666666666
0 0.0725 0.9041666666666667 0.0675 0.14083333333333334
0 0.78 0.05583333333333333 0.03916666666666667 0.10583333333333333
0 0.10666666666666667 0.9258333333333333 0.05583333333333333 0.14083333333333334
0 0.8416666666666667 0.06416666666666666 0.0425 0.11833333333333333
0 0.8116666666666666 0.09 0.03833333333333333 0.11416666666666667
0 0.49916666666666665 0.12416666666666666 0.0425 0.12333333333333334
0 0.7691666666666667 0.17833333333333334 0.049166666666666664 0.1175
0 0.3233333333333333 0.2816666666666667 0.0325 0.11916666666666667
0 0.5658333333333333 0.29083333333333333 0.04666666666666667 0.13083333333333333
0 0.685 0.015833333333333335 0.04583333333333333 0.03166666666666667
0 0.25 0.019166666666666665 0.035 0.03833333333333333
0 0.7616666666666667 0.37 0.0425 0.13833333333333334
0 0.028333333333333332 0.37166666666666665 0.051666666666666666 0.125
0 0.98 0.38166666666666665 0.03666666666666667 0.1