0 0.2 0.5675 0.025 0.09083333333333334
0 0.29083333333333333 0.5608333333333333 0.041666666666666664 0.0425
0 0.2475 0.5483333333333333 0.041666666666666664 0.06
0 0.30583333333333335 0.5441666666666667 0.04833333333333333 0.043333333333333335
0 0.2875 0.5283333333333333 0.03666666666666667 0.04
0 0.26916666666666667 0.5266666666666666 0.03 0.06333333333333334
0 0.2225 0.5191666666666667 0.03666666666666667 0.03833333333333333
0 0.34 0.51 0.041666666666666664 0.05
0 0.30833333333333335 0.5 0.035 0.059166666666666666
0 0.22583333333333333 0.48833333333333334 0.0275 0.050833333333333335
0 0.33416666666666667 0.47333333333333333 0.04583333333333333 0.043333333333333335
0 0.2833333333333333 0.4708333333333333 0.0425 0.05333333333333334
0 0.2683333333333333 0.4083333333333333 0.04416666666666667 0.06916666666666667
0 0.4066666666666667 0.3875 0.049166666666666664 0.0475
0 0.38916666666666666 0.36916666666666664 0.035 0.050833333333333335
0 0.405 0.3625 0.04833333333333333 0.043333333333333335
0 0.3416666666666667 0.33666666666666667 0.04083333333333333 0.06416666666666666
0 0.4483333333333333 0.3283333333333333 0.05333333333333334 0.0475
0 0.32416666666666666 0.3225 0.043333333333333335 0.06666666666666667
0 0.385 0.32083333333333336 0.0525 0.0575
0 0.4241666666666667 0.9925 0.03916666666666667 0.014166666666666666
0 0.3275 0.99 0.03833333333333333 0.019166666666666665
0 0.43583333333333335 0.30333333333333334 0.045 0.04666666666666667
0 0.3283333333333333 0.2708333333333333 0.025 0.07083333333333333
0 0.365 0.25666666666666665 0.049166666666666664 0.065
0 0.31 0.24833333333333332 0.034166666666666665 0.09833333333333333
0 0.35333333333333333 0.22916666666666666 0.03333333333333333 0.08416666666666667
0 0.8266666666666667 0.19583333333333333 0.05333333333333334 0.058333333333333334
0 0.8175 0.18166666666666667 0.0475 0.06666666666666667
0 0.8033333333333333 0.18 0.029166666666666667 0.045
0 0.38916666666666666 0.9841666666666666 0.045 0.028333333333333332
0 0.3458333333333333 0.9791666666666666 0.041666666666666664 0.04083333333333333
0 0.38083333333333336 0.975 0.04 0.049166666666666664
0 0.3675 0.9766666666666667 0.035 0.043333333333333335
0 0.33916666666666667 0.975 0.03916666666666667 0.0325
0 0.30416666666666664 0.95 0.0375 0.06333333333333334
0 0.325 0.9475 0.034166666666666665 0.06833333333333333
0 0.3525 0.9458333333333333 0.043333333333333335 0.0525
0 0.8275 0.8433333333333334 0.0525 0.056666666666666664
0 0.37166666666666665 0.7933333333333333 0.035833333333333335 0.08416666666666667
0 0.34833333333333333 0.7683333333333333 0.025833333333333333 0.08666666666666667
0 0.33166666666666667 0.7608333333333334 0.019166666666666665 0.06416666666666666
0 0.31166666666666665 0.7258333333333333 0.025 0.0625
0 0.7791666666666667 0.715 0.023333333333333334 0.06916666666666667
0 0.2925 0.71 0.020833333333333332 0.08416666666666667
0 0.3233333333333333 0.71 0.029166666666666667 0.05333333333333334
0 0.7866666666666666 0.695 0.015 0.058333333333333334
0 0.2991666666666667 0.6825 0.03833333333333333 0.041666666666666664
0 0.3333333333333333 0.675 0.028333333333333332 0.07916666666666666
0 0.30416666666666664 0.665 0.03666666666666667 0.03
0 0.2683333333333333 0.6566666666666666 0.03 0.050833333333333335
0 0.7616666666666667 0.6508333333333334 0.041666666666666664 0.06833333333333333
0 0.7416666666666667 0.6483333333333333 0.049166666666666664 0.06333333333333334
0 0.2925 0.6475 0.045 0.03333333333333333
0 0.24166666666666667 0.635 0.03166666666666667 0.05583333333333333
0 0.30833333333333335 0.6341666666666667 0.0425 0.04
0 0.2841666666666667 0.6166666666666667 0.0325 0.034166666666666665
0 0.255 0.615 0.04083333333333333 0.0575
0 0.31166666666666665 0.6133333333333333 0.0475 0.03833333333333333
0 0.25666666666666665 0.5925 0.0425 0.06333333333333334
0 0.2833333333333333 0.5775 0.03833333333333333 0.051666666666666666