0 0.65 0.5216666666666666 0.0725 0.08166666666666667
0 0.5608333333333333 0.5275 0.08 0.0625
0 0.5566666666666666 0.755 0.06916666666666667 0.08416666666666667
0 0.63 0.8691666666666666 0.04416666666666667 0.1375
0 0.905 0.8875 0.05333333333333334 0.13416666666666666
0 0.15583333333333332 0.9625 0.041666666666666664 0.07166666666666667
0 0.21166666666666667 0.9825 0.09583333333333334 0.034166666666666665
0 0.81 0.3075 0.06916666666666667 0.0975
0 0.4058333333333333 0.3283333333333333 0.07083333333333333 0.10166666666666667
0 0.7483333333333333 0.3875 0.0575 0.11916666666666667
0 0.6408333333333334 0.4241666666666667 0.07333333333333333 0.08416666666666667
0 0.585 0.43916666666666665 0.0425 0.11916666666666667
0 0.8425 0.46416666666666667 0.08166666666666667 0.08416666666666667