0 0.5525 0.46416666666666667 0.019166666666666665 0.07666666666666666
0 0.5708333333333333 0.49416666666666664 0.02 0.0775
0 0.5433333333333333 0.49583333333333335 0.018333333333333333 0.08083333333333333
0 0.7683333333333333 0.5033333333333333 0.03833333333333333 0.050833333333333335
0 0.5241666666666667 0.5091666666666667 0.02 0.07166666666666667
0 0.7941666666666667 0.5125 0.035 0.04833333333333333
0 0.7341666666666666 0.5133333333333333 0.03916666666666667 0.0525
0 0.7608333333333334 0.5375 0.03666666666666667 0.03833333333333333
0 0.6458333333333334 0.5425 0.049166666666666664 0.051666666666666666
0 0.2725 0.6208333333333333 0.0175 0.08083333333333333
0 0.3675 0.6216666666666667 0.02666666666666667 0.0625
0 0.24666666666666667 0.6266666666666667 0.04 0.0325
0 0.25 0.6608333333333334 0.02 0.06166666666666667
0 0.2325 0.6716666666666666 0.0175 0.06416666666666666
0 0.26916666666666667 0.6758333333333333 0.03 0.07833333333333334
0 0.19833333333333333 0.695 0.0425 0.059166666666666666
0 0.24333333333333335 0.7033333333333334 0.021666666666666667 0.07416666666666667
0 0.205 0.7091666666666666 0.03916666666666667 0.056666666666666664
0 0.26 0.7175 0.0175 0.065
0 0.23166666666666666 0.7341666666666666 0.0225 0.0825
0 0.21833333333333332 0.74 0.0175 0.0825
0 0.8566666666666667 0.7441666666666666 0.0425 0.050833333333333335
0 0.20333333333333334 0.7558333333333334 0.025833333333333333 0.08666666666666667
0 0.8033333333333333 0.7658333333333334 0.03916666666666667 0.050833333333333335
0 0.21083333333333334 0.805 0.03 0.0675
0 0.8666666666666667 0.8266666666666667 0.035 0.08416666666666667
0 0.8441666666666666 0.905 0.051666666666666666 0.06416666666666666
0 0.5041666666666667 0.16583333333333333 0.035 0.04416666666666667
0 0.4866666666666667 0.17 0.0325 0.045
0 0.4691666666666667 0.17083333333333334 0.0275 0.0675
0 0.4975 0.20333333333333334 0.034166666666666665 0.0525
0 0.46166666666666667 0.20416666666666666 0.019166666666666665 0.0625
0 0.4675 0.23833333333333334 0.018333333333333333 0.07166666666666667
0 0.5116666666666667 0.24916666666666668 0.04583333333333333 0.045
0 0.5491666666666667 0.41 0.02666666666666667 0.07333333333333333
0 0.535 0.44333333333333336 0.019166666666666665 0.06666666666666667
0 0.5208333333333334 0.4625 0.018333333333333333 0.08083333333333333