0 0.82 0.4166666666666667 0.028333333333333332 0.056666666666666664
0 0.785 0.43166666666666664 0.024166666666666666 0.09583333333333334
0 0.8616666666666667 0.44083333333333335 0.03833333333333333 0.07166666666666667
0 0.8333333333333334 0.4425 0.018333333333333333 0.08166666666666667
0 0.8091666666666667 0.465 0.03666666666666667 0.05416666666666667
0 0.8641666666666666 0.47583333333333333 0.03166666666666667 0.09166666666666666
0 0.85 0.49 0.02666666666666667 0.08083333333333333
0 0.7966666666666666 0.5108333333333334 0.03833333333333333 0.050833333333333335
0 0.8175 0.5116666666666667 0.03 0.0675
0 0.8358333333333333 0.5125 0.028333333333333332 0.06916666666666667
0 0.8233333333333334 0.5575 0.045 0.04416666666666667
0 0.4525 0.5641666666666667 0.04 0.06583333333333333
0 0.47583333333333333 0.565 0.04083333333333333 0.04583333333333333
0 0.5033333333333333 0.5708333333333333 0.0425 0.05333333333333334
0 0.56 0.5716666666666667 0.023333333333333334 0.09166666666666666
0 0.7866666666666666 0.6016666666666667 0.025 0.09083333333333334
0 0.8258333333333333 0.6041666666666666 0.029166666666666667 0.06916666666666667
0 0.505 0.6083333333333333 0.025 0.06166666666666667
0 0.8108333333333333 0.615 0.02666666666666667 0.07583333333333334
0 0.49 0.6166666666666667 0.0275 0.07
0 0.5275 0.6316666666666667 0.028333333333333332 0.06666666666666667
0 0.82 0.6491666666666667 0.030833333333333334 0.06833333333333333
0 0.7916666666666666 0.6583333333333333 0.025 0.08416666666666667
0 0.8308333333333333 0.6791666666666667 0.021666666666666667 0.0875
0 0.8041666666666667 0.7183333333333334 0.02 0.075
0 0.8225 0.7308333333333333 0.024166666666666666 0.09083333333333334
0 0.8625 0.8041666666666667 0.024166666666666666 0.07583333333333334
0 0.4483333333333333 0.8533333333333334 0.03666666666666667 0.075
0 0.4658333333333333 0.9225 0.028333333333333332 0.085
0 0.32 0.019166666666666665 0.029166666666666667 0.03833333333333333
0 0.5766666666666667 0.955 0.024166666666666666 0.08916666666666667
0 0.6641666666666667 0.019166666666666665 0.03916666666666667 0.03833333333333333
0 0.6375 0.018333333333333333 0.0425 0.03666666666666667
0 0.5416666666666666 0.021666666666666667 0.04 0.043333333333333335
0 0.6075 0.0325 0.03 0.065
0 0.5808333333333333 0.0275 0.034166666666666665 0.043333333333333335
0 0.5641666666666667 0.035 0.024166666666666666 0.06916666666666667
0 0.6941666666666667 0.03833333333333333 0.035833333333333335 0.05416666666666667
0 0.3441666666666667 0.03916666666666667 0.023333333333333334 0.065
0 0.72 0.04083333333333333 0.03666666666666667 0.03666666666666667
0 0.6775 0.06416666666666666 0.03333333333333333 0.0775
0 0.5933333333333334 0.06833333333333333 0.0375 0.049166666666666664
0 0.725 0.07416666666666667 0.03666666666666667 0.05416666666666667
0 0.67 0.08583333333333333 0.02666666666666667 0.09416666666666666
0 0.5933333333333334 0.095 0.029166666666666667 0.07166666666666667
0 0.4058333333333333 0.1175 0.03 0.0275
0 0.445 0.12833333333333333 0.028333333333333332 0.025833333333333333
0 0.6308333333333334 0.12916666666666668 0.04416666666666667 0.05583333333333333
0 0.62 0.13 0.0325 0.06833333333333333
0 0.425 0.14416666666666667 0.0375 0.03833333333333333
0 0.5758333333333333 0.14583333333333334 0.03833333333333333 0.06
0 0.4775 0.15 0.03333333333333333 0.04666666666666667
0 0.6975 0.15166666666666667 0.019166666666666665 0.09083333333333334
0 0.4583333333333333 0.15583333333333332 0.0375 0.028333333333333332
0 0.6125 0.15916666666666668 0.025 0.06416666666666666
0 0.745 0.16583333333333333 0.034166666666666665 0.08
0 0.42833333333333334 0.17166666666666666 0.04083333333333333 0.03166666666666667
0 0.4166666666666667 0.18333333333333332 0.030833333333333334 0.05333333333333334
0 0.4683333333333333 0.18416666666666667 0.043333333333333335 0.03166666666666667
0 0.7825 0.18916666666666668 0.0325 0.03
0 0.8058333333333333 0.19083333333333333 0.0375 0.03666666666666667
0 0.7616666666666667 0.1925 0.02 0.08916666666666667
0 0.5983333333333334 0.1975 0.03666666666666667 0.06
0 0.7375 0.2 0.02 0.0775
0 0.7058333333333333 0.20583333333333334 0.020833333333333332 0.07833333333333334
0 0.455 0.21083333333333334 0.035 0.05416666666666667
0 0.6666666666666666 0.21833333333333332 0.03333333333333333 0.0725
0 0.4875 0.21916666666666668 0.03666666666666667 0.04583333333333333
0 0.7925 0.22333333333333333 0.03916666666666667 0.041666666666666664
0 0.47583333333333333 0.225 0.023333333333333334 0.056666666666666664
0 0.6316666666666667 0.2275 0.0375 0.04
0 0.8066666666666666 0.23166666666666666 0.035 0.049166666666666664
0 0.5041666666666667 0.25833333333333336 0.03 0.0525
0 0.7341666666666666 0.26 0.02 0.08083333333333333
0 0.83 0.26 0.0275 0.075
0 0.7683333333333333 0.2683333333333333 0.043333333333333335 0.045
0 0.7983333333333333 0.275 0.030833333333333334 0.06
0 0.485 0.2975 0.04833333333333333 0.041666666666666664
0 0.38916666666666666 0.2991666666666667 0.019166666666666665 0.0825
0 0.8166666666666667 0.30333333333333334 0.03 0.05333333333333334
0 0.7758333333333334 0.30416666666666664 0.018333333333333333 0.06583333333333333
0 0.7608333333333334 0.32 0.024166666666666666 0.07166666666666667
0 0.8291666666666667 0.3358333333333333 0.025 0.07
0 0.8083333333333333 0.34 0.029166666666666667 0.041666666666666664
0 0.79 0.35083333333333333 0.0325 0.0625
0 0.3883333333333333 0.36083333333333334 0.014166666666666666 0.05333333333333334
0 0.8041666666666667 0.36583333333333334 0.03 0.0475
0 0.765 0.36583333333333334 0.021666666666666667 0.07083333333333333
0 0.8316666666666667 0.3675 0.025 0.06583333333333333
0 0.4008333333333333 0.3825 0.02 0.08
0 0.8066666666666666 0.4058333333333333 0.02666666666666667 0.065