0 0.4075 0.505 0.0375 0.12916666666666668
0 0.30416666666666664 0.5966666666666667 0.06166666666666667 0.1
0 0.5408333333333334 0.6075 0.03166666666666667 0.10833333333333334
0 0.465 0.6208333333333333 0.04666666666666667 0.1
0 0.4033333333333333 0.6216666666666667 0.03 0.11416666666666667
0 0.005 0.695 0.006666666666666667 0.10666666666666667
0 0.7916666666666666 0.06666666666666667 0.0425 0.1325
0 0.43083333333333335 0.09166666666666666 0.055 0.13333333333333333
0 0.6658333333333334 0.005 0.03666666666666667 0.01
0 0.49333333333333335 0.22416666666666665 0.04083333333333333 0.11416666666666667
0 0.8633333333333333 0.018333333333333333 0.08666666666666667 0.03666666666666667
0 0.745 0.025833333333333333 0.08333333333333333 0.051666666666666666
0 0.2758333333333333 0.375 0.03666666666666667 0.1175