0 0.145 0.49333333333333335 0.03 0.06583333333333333
0 0.7966666666666666 0.5508333333333333 0.035833333333333335 0.03166666666666667
0 0.8075 0.5741666666666667 0.03833333333333333 0.030833333333333334
0 0.7941666666666667 0.5891666666666666 0.034166666666666665 0.0275
0 0.7708333333333334 0.6008333333333333 0.03333333333333333 0.03
0 0.7983333333333333 0.6125 0.03333333333333333 0.028333333333333332
0 0.8125 0.6308333333333334 0.03833333333333333 0.029166666666666667
0 0.7791666666666667 0.645 0.04 0.03
0 0.4866666666666667 0.6525 0.0008333333333333334 0.0008333333333333334
0 0.8525 0.66 0.0175 0.0375
0 0.8233333333333334 0.6675 0.02 0.059166666666666666
0 0.81 0.6716666666666666 0.0275 0.0275
0 0.8375 0.6808333333333333 0.024166666666666666 0.07833333333333334
0 0.785 0.6908333333333333 0.024166666666666666 0.0425
0 0.8441666666666666 0.7075 0.0225 0.058333333333333334
0 0.785 0.7183333333333334 0.03916666666666667 0.0575
0 0.81 0.7216666666666667 0.0325 0.04416666666666667
0 0.7083333333333334 0.7358333333333333 0.023333333333333334 0.06166666666666667
0 0.015 0.07166666666666667 0.029166666666666667 0.06166666666666667
0 0.7725 0.7616666666666667 0.023333333333333334 0.07083333333333333
0 0.8191666666666667 0.7616666666666667 0.028333333333333332 0.0525
0 0.6916666666666667 0.7625 0.023333333333333334 0.05583333333333333
0 0.8066666666666666 0.7641666666666667 0.0375 0.029166666666666667
0 0.8358333333333333 0.7666666666666667 0.0225 0.0775
0 0.7158333333333333 0.7733333333333333 0.0325 0.03916666666666667
0 0.7241666666666666 0.7875 0.030833333333333334 0.03666666666666667
0 0.7283333333333334 0.8016666666666666 0.03333333333333333 0.03666666666666667
0 0.6975 0.8116666666666666 0.03 0.043333333333333335
0 0.825 0.8141666666666667 0.0225 0.059166666666666666
0 0.8158333333333333 0.8316666666666667 0.0225 0.0625
0 0.8066666666666666 0.8633333333333333 0.029166666666666667 0.08
0 0.6808333333333333 0.8916666666666667 0.015833333333333335 0.07666666666666666
0 0.8158333333333333 0.8958333333333334 0.025 0.05333333333333334
0 0.7983333333333333 0.9283333333333333 0.024166666666666666 0.05333333333333334
0 0.7791666666666667 0.955 0.021666666666666667 0.075
0 0.2625 0.115 0.023333333333333334 0.045
0 0.22083333333333333 0.1225 0.02 0.06916666666666667
0 0.245 0.125 0.018333333333333333 0.06666666666666667
0 0.010833333333333334 0.12666666666666668 0.019166666666666665 0.06833333333333333
0 0.25416666666666665 0.15166666666666667 0.024166666666666666 0.045
0 0.26416666666666666 0.16666666666666666 0.018333333333333333 0.029166666666666667
0 0.25083333333333335 0.185 0.0325 0.0475
0 0.23083333333333333 0.18666666666666668 0.024166666666666666 0.055
0 0.7508333333333334 0.1975 0.014166666666666666 0.0275
0 0.07833333333333334 0.2 0.024166666666666666 0.07
0 0.20666666666666667 0.205 0.02 0.045
0 0.26916666666666667 0.2125 0.020833333333333332 0.028333333333333332
0 0.7533333333333333 0.22833333333333333 0.0275 0.04833333333333333
0 0.23083333333333333 0.23083333333333333 0.028333333333333332 0.07083333333333333
0 0.20416666666666666 0.23416666666666666 0.025833333333333333 0.0525
0 0.29083333333333333 0.24666666666666667 0.020833333333333332 0.058333333333333334
0 0.17 0.2475 0.018333333333333333 0.07333333333333333
0 0.76 0.25916666666666666 0.028333333333333332 0.04
0 0.7341666666666666 0.27 0.028333333333333332 0.03333333333333333
0 0.6866666666666666 0.285 0.035 0.04083333333333333
0 0.1825 0.285 0.0125 0.07916666666666666
0 0.7658333333333334 0.28583333333333333 0.0275 0.035
0 0.19333333333333333 0.2875 0.015833333333333335 0.07
0 0.7425 0.29833333333333334 0.03166666666666667 0.028333333333333332
0 0.17416666666666666 0.30916666666666665 0.0125 0.055
0 0.15666666666666668 0.315 0.025 0.06666666666666667
0 0.77 0.32083333333333336 0.028333333333333332 0.056666666666666664
0 0.7575 0.3233333333333333 0.035 0.04
0 0.20416666666666666 0.3258333333333333 0.025833333333333333 0.065
0 0.17833333333333334 0.33416666666666667 0.016666666666666666 0.04083333333333333
0 0.18333333333333332 0.35 0.018333333333333333 0.0475
0 0.20333333333333334 0.36 0.0125 0.045
0 0.505 0.3625 0.025 0.07083333333333333
0 0.16416666666666666 0.37666666666666665 0.021666666666666667 0.05416666666666667
0 0.12583333333333332 0.3883333333333333 0.019166666666666665 0.05333333333333334
0 0.18833333333333332 0.38916666666666666 0.0225 0.0675
0 0.17 0.3958333333333333 0.016666666666666666 0.06666666666666667
0 0.14083333333333334 0.3983333333333333 0.016666666666666666 0.07333333333333333
0 0.15583333333333332 0.43 0.020833333333333332 0.06333333333333334
0 0.17416666666666666 0.435 0.02 0.07583333333333334
0 0.7308333333333333 0.4583333333333333 0.028333333333333332 0.06166666666666667