0 0.5175 0.4816666666666667 0.0425 0.1225
0 0.46416666666666667 0.4866666666666667 0.0525 0.135
0 0.5266666666666666 0.6483333333333333 0.045 0.13333333333333333
0 0.93 0.7266666666666667 0.07166666666666667 0.1275
0 0.5316666666666666 0.7925 0.056666666666666664 0.12166666666666667
0 0.7033333333333334 0.8208333333333333 0.043333333333333335 0.14416666666666667
0 0.9758333333333333 0.885 0.04666666666666667 0.14083333333333334
0 0.66 0.8925 0.045 0.13833333333333334
0 0.5533333333333333 0.9266666666666666 0.06833333333333333 0.11666666666666667
0 0.4025 0.13 0.04583333333333333 0.09666666666666666
0 0.6116666666666667 0.14333333333333334 0.04 0.08583333333333333
0 0.42083333333333334 0.175 0.034166666666666665 0.0925
0 0.29583333333333334 0.21083333333333334 0.041666666666666664 0.12333333333333334
0 0.7158333333333333 0.023333333333333334 0.03833333333333333 0.04666666666666667
0 0.25333333333333335 0.305 0.03833333333333333 0.13833333333333334
0 0.9491666666666667 0.030833333333333334 0.04666666666666667 0.06166666666666667
0 0.395 0.33166666666666667 0.0325 0.12916666666666668
0 0.3283333333333333 0.034166666666666665 0.03916666666666667 0.06833333333333333
0 0.43416666666666665 0.035 0.03833333333333333 0.07
0 0.4266666666666667 0.38083333333333336 0.041666666666666664 0.12166666666666667
0 0.33166666666666667 0.38166666666666665 0.0375 0.14333333333333334
0 0.24833333333333332 0.42833333333333334 0.035833333333333335 0.125
0 0.20333333333333334 0.42916666666666664 0.04 0.13583333333333333