0 0.2833333333333333 0.5208333333333334 0.04 0.04833333333333333
0 0.25833333333333336 0.5158333333333334 0.02 0.09583333333333334
0 0.3458333333333333 0.515 0.041666666666666664 0.03333333333333333
0 0.30916666666666665 0.515 0.04583333333333333 0.045
0 0.3466666666666667 0.49333333333333335 0.0375 0.0425
0 0.38333333333333336 0.9825 0.043333333333333335 0.03166666666666667
0 0.31333333333333335 0.4825 0.04416666666666667 0.0375
0 0.28833333333333333 0.4766666666666667 0.045 0.045
0 0.35083333333333333 0.47 0.059166666666666666 0.0375
0 0.4091666666666667 0.9808333333333333 0.04833333333333333 0.035
0 0.2675 0.45916666666666667 0.0375 0.029166666666666667
0 0.4033333333333333 0.45166666666666666 0.04583333333333333 0.0375
0 0.3325 0.44583333333333336 0.03666666666666667 0.035
0 0.29083333333333333 0.44 0.03666666666666667 0.028333333333333332
0 0.2825 0.4191666666666667 0.04833333333333333 0.030833333333333334
0 0.33416666666666667 0.41833333333333333 0.04416666666666667 0.0325
0 0.3908333333333333 0.41083333333333333 0.043333333333333335 0.03666666666666667
0 0.4216666666666667 0.405 0.023333333333333334 0.065
0 0.30416666666666664 0.39416666666666667 0.049166666666666664 0.03916666666666667
0 0.25916666666666666 0.38666666666666666 0.04833333333333333 0.05
0 0.39666666666666667 0.36916666666666664 0.03666666666666667 0.0525
0 0.3433333333333333 0.9766666666666667 0.0425 0.045
0 0.37833333333333335 0.3466666666666667 0.04666666666666667 0.04416666666666667
0 0.34 0.3358333333333333 0.04083333333333333 0.0675
0 0.4166666666666667 0.3175 0.03916666666666667 0.0675
0 0.395 0.30833333333333335 0.04583333333333333 0.04666666666666667
0 0.36666666666666664 0.29583333333333334 0.03833333333333333 0.0475
0 0.39166666666666666 0.2925 0.034166666666666665 0.0475
0 0.415 0.9675 0.034166666666666665 0.030833333333333334
0 0.3475 0.255 0.03 0.08166666666666667
0 0.36916666666666664 0.9658333333333333 0.0375 0.0275
0 0.3925 0.24333333333333335 0.03833333333333333 0.051666666666666666
0 0.39666666666666667 0.21666666666666667 0.035 0.0475
0 0.8908333333333334 0.16083333333333333 0.05333333333333334 0.0475
0 0.8741666666666666 0.14083333333333334 0.028333333333333332 0.035
0 0.8908333333333334 0.13916666666666666 0.04666666666666667 0.05416666666666667
0 0.34833333333333333 0.9541666666666667 0.03333333333333333 0.029166666666666667
0 0.38 0.9533333333333334 0.03666666666666667 0.025
0 0.5141666666666667 0.04666666666666667 0.02666666666666667 0.08083333333333333
0 0.4033333333333333 0.9433333333333334 0.0325 0.041666666666666664
0 0.37083333333333335 0.9341666666666667 0.04083333333333333 0.035833333333333335
0 0.4141666666666667 0.9166666666666666 0.0425 0.041666666666666664
0 0.3675 0.9016666666666666 0.03916666666666667 0.06666666666666667
0 0.3408333333333333 0.9 0.03666666666666667 0.0475
0 0.3925 0.895 0.0425 0.055
0 0.7741666666666667 0.7633333333333333 0.058333333333333334 0.0425
0 0.8308333333333333 0.7141666666666666 0.035833333333333335 0.08666666666666667
0 0.3933333333333333 0.7025 0.019166666666666665 0.06833333333333333
0 0.4075 0.6983333333333334 0.0225 0.0725
0 0.8541666666666666 0.6833333333333333 0.019166666666666665 0.056666666666666664
0 0.36916666666666664 0.6608333333333334 0.028333333333333332 0.07333333333333333
0 0.35083333333333333 0.6475 0.025833333333333333 0.08
0 0.4325 0.9891666666666666 0.051666666666666666 0.018333333333333333
0 0.3925 0.64 0.03666666666666667 0.065
0 0.8291666666666667 0.6191666666666666 0.04 0.04666666666666667
0 0.3525 0.6116666666666667 0.04666666666666667 0.04083333333333333
0 0.39416666666666667 0.6083333333333333 0.034166666666666665 0.051666666666666666
0 0.81 0.6066666666666667 0.0525 0.0475
0 0.36583333333333334 0.6008333333333333 0.0375 0.024166666666666666
0 0.35333333333333333 0.5816666666666667 0.04833333333333333 0.034166666666666665
0 0.30416666666666664 0.5791666666666667 0.021666666666666667 0.07333333333333333
0 0.335 0.5783333333333334 0.035 0.04083333333333333
0 0.37083333333333335 0.5683333333333334 0.03916666666666667 0.041666666666666664
0 0.315 0.5491666666666667 0.025833333333333333 0.060833333333333336
0 0.35 0.5458333333333333 0.041666666666666664 0.0325