0 0.7266666666666667 0.46166666666666667 0.025 0.05
0 0.6975 0.4691666666666667 0.04083333333333333 0.029166666666666667
0 0.7258333333333333 0.49333333333333335 0.030833333333333334 0.041666666666666664
0 0.7558333333333334 0.49416666666666664 0.03666666666666667 0.0325
0 0.6975 0.49583333333333335 0.03666666666666667 0.028333333333333332
0 0.7775 0.5033333333333333 0.0225 0.08916666666666667
0 0.6983333333333334 0.5191666666666667 0.0325 0.03333333333333333
0 0.73 0.525 0.041666666666666664 0.04583333333333333
0 0.7541666666666667 0.5291666666666667 0.04 0.03833333333333333
0 0.6816666666666666 0.5308333333333334 0.043333333333333335 0.0325
0 0.7525 0.5425 0.035 0.04416666666666667
0 0.6458333333333334 0.5583333333333333 0.0425 0.03333333333333333
0 0.7025 0.5583333333333333 0.034166666666666665 0.0275
0 0.7516666666666667 0.5608333333333333 0.035 0.028333333333333332
0 0.685 0.5733333333333334 0.03833333333333333 0.03666666666666667
0 0.6033333333333334 0.05333333333333334 0.034166666666666665 0.045
0 0.74 0.5841666666666666 0.0375 0.03
0 0.6583333333333333 0.5958333333333333 0.03833333333333333 0.03
0 0.63 0.6066666666666667 0.02 0.0525
0 0.7625 0.6066666666666667 0.041666666666666664 0.0375
0 0.7208333333333333 0.6116666666666667 0.035 0.0425
0 0.6583333333333333 0.6316666666666667 0.03333333333333333 0.04833333333333333
0 0.6575 0.06 0.034166666666666665 0.0375
0 0.6691666666666667 0.6566666666666666 0.035833333333333335 0.03916666666666667
0 0.71 0.66 0.030833333333333334 0.06333333333333334
0 0.6308333333333334 0.06166666666666667 0.029166666666666667 0.04583333333333333
0 0.6341666666666667 0.6858333333333333 0.0325 0.05583333333333333
0 0.6591666666666667 0.6858333333333333 0.03833333333333333 0.050833333333333335
0 0.6858333333333333 0.7025 0.03166666666666667 0.04833333333333333
0 0.6608333333333334 0.7025 0.03333333333333333 0.04833333333333333
0 0.6941666666666667 0.06916666666666667 0.03833333333333333 0.04583333333333333
0 0.7016666666666667 0.74 0.03 0.07
0 0.66 0.7491666666666666 0.0325 0.0425
0 0.6591666666666667 0.775 0.03333333333333333 0.0575
0 0.2 0.8458333333333333 0.050833333333333335 0.049166666666666664
0 0.22 0.8666666666666667 0.0225 0.04
0 0.20166666666666666 0.8675 0.04416666666666667 0.055
0 0.6683333333333333 0.08666666666666667 0.03166666666666667 0.0275
0 0.5508333333333333 0.9416666666666667 0.025 0.085
0 0.685 0.09083333333333334 0.021666666666666667 0.034166666666666665
0 0.6591666666666667 0.09416666666666666 0.03333333333333333 0.028333333333333332
0 0.6408333333333334 0.10333333333333333 0.02666666666666667 0.0325
0 0.6658333333333334 0.11083333333333334 0.0325 0.0325
0 0.6258333333333334 0.1325 0.041666666666666664 0.04416666666666667
0 0.6725 0.1375 0.035 0.065
0 0.6983333333333334 0.14166666666666666 0.035833333333333335 0.04666666666666667
0 0.6483333333333333 0.14833333333333334 0.035833333333333335 0.050833333333333335
0 0.2325 0.2841666666666667 0.059166666666666666 0.05416666666666667
0 0.6541666666666667 0.3275 0.0175 0.058333333333333334
0 0.64 0.3283333333333333 0.020833333333333332 0.065
0 0.2375 0.36 0.025833333333333333 0.07
0 0.22583333333333333 0.36 0.014166666666666666 0.06166666666666667
0 0.6716666666666666 0.3616666666666667 0.024166666666666666 0.0675
0 0.64 0.37166666666666665 0.021666666666666667 0.04833333333333333
0 0.6925 0.37583333333333335 0.021666666666666667 0.07083333333333333
0 0.6608333333333334 0.37666666666666665 0.024166666666666666 0.050833333333333335
0 0.6916666666666667 0.4091666666666667 0.04083333333333333 0.041666666666666664
0 0.655 0.41583333333333333 0.029166666666666667 0.049166666666666664
0 0.2525 0.42 0.04 0.03916666666666667
0 0.6833333333333333 0.42333333333333334 0.0325 0.030833333333333334
0 0.2708333333333333 0.435 0.05416666666666667 0.04583333333333333
0 0.7358333333333333 0.4375 0.03 0.06166666666666667
0 0.7041666666666667 0.43916666666666665 0.03333333333333333 0.0425
0 0.6716666666666666 0.45 0.0325 0.035833333333333335