0 0.5091666666666667 0.4975 0.058333333333333334 0.0525
0 0.5225 0.5708333333333333 0.056666666666666664 0.07
0 0.5158333333333334 0.63 0.050833333333333335 0.07583333333333334
0 0.5 0.06833333333333333 0.0575 0.06666666666666667
0 0.4683333333333333 0.7391666666666666 0.059166666666666666 0.06
0 0.5075 0.014166666666666666 0.051666666666666666 0.025833333333333333
0 0.49 0.2225 0.058333333333333334 0.055
0 0.7883333333333333 0.02666666666666667 0.06333333333333334 0.049166666666666664
0 0.4825 0.27166666666666667 0.05583333333333333 0.05583333333333333
0 0.4575 0.3591666666666667 0.055 0.0525
0 0.4483333333333333 0.4141666666666667 0.056666666666666664 0.051666666666666666
0 0.49333333333333335 0.4575 0.05416666666666667 0.06666666666666667