0 0.35 0.49833333333333335 0.043333333333333335 0.0475
0 0.31416666666666665 0.5 0.03833333333333333 0.051666666666666666
0 0.6241666666666666 0.5041666666666667 0.0175 0.09333333333333334
0 0.3433333333333333 0.5208333333333334 0.041666666666666664 0.050833333333333335
0 0.4083333333333333 0.5208333333333334 0.035 0.06333333333333334
0 0.3233333333333333 0.5316666666666666 0.04 0.04583333333333333
0 0.5883333333333334 0.535 0.03916666666666667 0.0525
0 0.6475 0.5358333333333334 0.029166666666666667 0.07666666666666666
0 0.6366666666666667 0.5375 0.015833333333333335 0.06833333333333333
0 0.375 0.5383333333333333 0.03916666666666667 0.045
0 0.3475 0.5625 0.025 0.0775
0 0.4025 0.5675 0.041666666666666664 0.043333333333333335
0 0.3858333333333333 0.5725 0.041666666666666664 0.05
0 0.36666666666666664 0.5733333333333334 0.023333333333333334 0.059166666666666666
0 0.6316666666666667 0.5783333333333334 0.018333333333333333 0.08083333333333333
0 0.43083333333333335 0.6008333333333333 0.0375 0.03916666666666667
0 0.405 0.6058333333333333 0.041666666666666664 0.030833333333333334
0 0.39 0.6141666666666666 0.03166666666666667 0.06916666666666667
0 0.35 0.6175 0.025 0.07
0 0.37083333333333335 0.6341666666666667 0.02666666666666667 0.07
0 0.42083333333333334 0.635 0.035 0.03666666666666667
0 0.39416666666666667 0.6641666666666667 0.035 0.055
0 0.43666666666666665 0.665 0.035 0.03666666666666667
0 0.42583333333333334 0.6816666666666666 0.03916666666666667 0.050833333333333335
0 0.37 0.6866666666666666 0.03666666666666667 0.05
0 0.5891666666666666 0.05583333333333333 0.028333333333333332 0.0625
0 0.395 0.6975 0.034166666666666665 0.07333333333333333
0 0.7475 0.6975 0.02666666666666667 0.07916666666666666
0 0.36833333333333335 0.7141666666666666 0.025833333333333333 0.08166666666666667
0 0.38916666666666666 0.7225 0.0325 0.03833333333333333
0 0.8441666666666666 0.7333333333333333 0.03833333333333333 0.06166666666666667
0 0.3925 0.745 0.03 0.03833333333333333
0 0.4216666666666667 0.7466666666666667 0.0425 0.03916666666666667
0 0.7516666666666667 0.7541666666666667 0.02666666666666667 0.08666666666666667
0 0.4241666666666667 0.7741666666666667 0.03833333333333333 0.043333333333333335
0 0.44916666666666666 0.7783333333333333 0.03833333333333333 0.04083333333333333
0 0.4125 0.7808333333333334 0.028333333333333332 0.0475
0 0.39666666666666667 0.7816666666666666 0.03166666666666667 0.0575
0 0.385 0.7825 0.034166666666666665 0.06583333333333333
0 0.44333333333333336 0.8083333333333333 0.03916666666666667 0.035833333333333335
0 0.8033333333333333 0.8116666666666666 0.020833333333333332 0.04
0 0.8241666666666667 0.8158333333333333 0.035833333333333335 0.07666666666666666
0 0.4275 0.8208333333333333 0.030833333333333334 0.0475
0 0.4141666666666667 0.8275 0.034166666666666665 0.043333333333333335
0 0.455 0.8308333333333333 0.0375 0.035
0 0.4083333333333333 0.8566666666666667 0.0275 0.075
0 0.475 0.8616666666666667 0.04 0.041666666666666664
0 0.4483333333333333 0.865 0.030833333333333334 0.049166666666666664
0 0.8091666666666667 0.8733333333333333 0.035 0.04416666666666667
0 0.4375 0.8791666666666667 0.020833333333333332 0.08083333333333333
0 0.5675 0.07416666666666667 0.0225 0.04083333333333333
0 0.8075 0.895 0.035 0.0425
0 0.4241666666666667 0.9133333333333333 0.03 0.051666666666666666
0 0.4241666666666667 0.9308333333333333 0.0325 0.07416666666666667
0 0.7983333333333333 0.9341666666666667 0.0375 0.059166666666666666
0 0.9633333333333334 0.9758333333333333 0.03666666666666667 0.0475
0 0.4191666666666667 0.9925 0.023333333333333334 0.014166666666666666
0 0.5633333333333334 0.105 0.0275 0.06
0 0.5475 0.11416666666666667 0.02 0.05583333333333333
0 0.5625 0.14166666666666666 0.024166666666666666 0.06833333333333333
0 0.575 0.1475 0.02666666666666667 0.06833333333333333
0 0.5433333333333333 0.16416666666666666 0.024166666666666666 0.06
0 0.43583333333333335 0.1925 0.02 0.07583333333333334
0 0.6558333333333334 0.19666666666666666 0.02 0.08083333333333333
0 0.5458333333333333 0.20666666666666667 0.025833333333333333 0.06166666666666667
0 0.6658333333333334 0.20916666666666667 0.009166666666666667 0.0525
0 0.5233333333333333 0.21833333333333332 0.025 0.06583333333333333
0 0.5541666666666667 0.22 0.020833333333333332 0.07666666666666666
0 0.4525 0.22916666666666666 0.018333333333333333 0.06916666666666667
0 0.425 0.2325 0.014166666666666666 0.0825
0 0.5591666666666667 0.23833333333333334 0.021666666666666667 0.0725
0 0.4125 0.245 0.014166666666666666 0.08
0 0.5958333333333333 0.019166666666666665 0.029166666666666667 0.0375
0 0.3975 0.25166666666666665 0.025833333333333333 0.07083333333333333
0 0.5316666666666666 0.2575 0.035 0.04666666666666667
0 0.43583333333333335 0.2608333333333333 0.014166666666666666 0.07166666666666667
0 0.365 0.27416666666666667 0.034166666666666665 0.075
0 0.44333333333333336 0.2791666666666667 0.013333333333333334 0.08333333333333333
0 0.4008333333333333 0.29083333333333333 0.015 0.08333333333333333
0 0.5458333333333333 0.29583333333333334 0.035833333333333335 0.06333333333333334
0 0.5208333333333334 0.30666666666666664 0.03833333333333333 0.06833333333333333
0 0.36083333333333334 0.30916666666666665 0.018333333333333333 0.0775
0 0.43166666666666664 0.3283333333333333 0.021666666666666667 0.085
0 0.33666666666666667 0.33666666666666667 0.0275 0.08083333333333333
0 0.37666666666666665 0.3441666666666667 0.020833333333333332 0.08166666666666667
0 0.41583333333333333 0.37 0.035833333333333335 0.065
0 0.445 0.3933333333333333 0.028333333333333332 0.07416666666666667
0 0.3283333333333333 0.3983333333333333 0.015833333333333335 0.06833333333333333
0 0.6325 0.42083333333333334 0.023333333333333334 0.08083333333333333
0 0.43333333333333335 0.43333333333333335 0.018333333333333333 0.07583333333333334
0 0.35333333333333333 0.44166666666666665 0.03916666666666667 0.03666666666666667
0 0.4125 0.4475 0.04 0.05416666666666667
0 0.6625 0.4575 0.03 0.08
0 0.4058333333333333 0.46 0.04083333333333333 0.07416666666666667
0 0.33666666666666667 0.4625 0.03 0.030833333333333334
0 0.4008333333333333 0.4666666666666667 0.021666666666666667 0.08083333333333333
0 0.6416666666666667 0.4675 0.021666666666666667 0.07666666666666666