0 0.7875 0.5675 0.0375 0.030833333333333334
0 0.7575 0.5608333333333333 0.04666666666666667 0.03666666666666667
0 0.8166666666666667 0.5383333333333333 0.043333333333333335 0.06166666666666667
0 0.8466666666666667 0.5375 0.051666666666666666 0.043333333333333335
0 0.7875 0.5241666666666667 0.03916666666666667 0.05
0 0.8741666666666666 0.5225 0.023333333333333334 0.09583333333333334
0 0.765 0.49333333333333335 0.050833333333333335 0.03666666666666667
0 0.8275 0.4891666666666667 0.04083333333333333 0.05416666666666667
0 0.7791666666666667 0.4691666666666667 0.0375 0.029166666666666667
0 0.7983333333333333 0.4658333333333333 0.03666666666666667 0.05583333333333333
0 0.845 0.4633333333333333 0.0275 0.04416666666666667
0 0.7266666666666667 0.45416666666666666 0.03833333333333333 0.04416666666666667
0 0.7583333333333333 0.4475 0.03 0.050833333333333335
0 0.8408333333333333 0.4325 0.02666666666666667 0.043333333333333335
0 0.7358333333333333 0.4191666666666667 0.04666666666666667 0.03666666666666667
0 0.7841666666666667 0.4125 0.03833333333333333 0.05583333333333333
0 0.7975 0.3541666666666667 0.04 0.0725
0 0.6975 0.3458333333333333 0.030833333333333334 0.04583333333333333
0 0.745 0.3416666666666667 0.035833333333333335 0.0375
0 0.7691666666666667 0.3375 0.04 0.056666666666666664
0 0.6975 0.31833333333333336 0.045 0.0575
0 0.69 0.9958333333333333 0.035833333333333335 0.0075
0 0.7841666666666667 0.3016666666666667 0.050833333333333335 0.04583333333333333
0 0.7166666666666667 0.29 0.043333333333333335 0.060833333333333336
0 0.675 0.2775 0.051666666666666666 0.0525
0 0.7216666666666667 0.99 0.035 0.019166666666666665
0 0.74 0.2683333333333333 0.03666666666666667 0.07416666666666667
0 0.6516666666666666 0.24333333333333335 0.04416666666666667 0.03666666666666667
0 0.7458333333333333 0.225 0.02 0.06333333333333334
0 0.7683333333333333 0.21416666666666667 0.02666666666666667 0.0925
0 0.73 0.21333333333333335 0.0275 0.06416666666666666
0 0.23416666666666666 0.13333333333333333 0.051666666666666666 0.05583333333333333
0 0.24166666666666667 0.11833333333333333 0.0475 0.06833333333333333
0 0.2633333333333333 0.11666666666666667 0.021666666666666667 0.0325
0 0.6683333333333333 0.9833333333333333 0.03333333333333333 0.03
0 0.7575 0.9833333333333333 0.04 0.0325
0 0.695 0.9808333333333333 0.04666666666666667 0.035
0 0.7033333333333334 0.9766666666666667 0.04083333333333333 0.04583333333333333
0 0.7091666666666666 0.9633333333333334 0.03166666666666667 0.04666666666666667
0 0.7266666666666667 0.9625 0.04 0.06333333333333334
0 0.7433333333333333 0.9591666666666666 0.04666666666666667 0.0475
0 0.7533333333333333 0.925 0.03916666666666667 0.07083333333333333
0 0.7691666666666667 0.9241666666666667 0.03916666666666667 0.059166666666666666
0 0.7191666666666666 0.9191666666666667 0.041666666666666664 0.0475
0 0.22416666666666665 0.8058333333333333 0.056666666666666664 0.055
0 0.6991666666666667 0.7533333333333333 0.034166666666666665 0.07833333333333334
0 0.725 0.725 0.024166666666666666 0.08083333333333333
0 0.7408333333333333 0.7175 0.020833333333333332 0.06583333333333333
0 0.7591666666666667 0.68 0.025833333333333333 0.0675
0 0.7783333333333333 0.6683333333333333 0.020833333333333332 0.075
0 0.7483333333333333 0.6658333333333334 0.03 0.051666666666666666
0 0.27416666666666667 0.6641666666666667 0.023333333333333334 0.08
0 0.2658333333333333 0.65 0.0175 0.04583333333333333
0 0.7716666666666666 0.6325 0.03916666666666667 0.03666666666666667
0 0.74 0.6266666666666667 0.029166666666666667 0.06
0 0.7675 0.6166666666666667 0.035 0.024166666666666666
0 0.2925 0.6016666666666667 0.04 0.0675
0 0.31416666666666665 0.5991666666666666 0.0525 0.060833333333333336
0 0.7775 0.5958333333333333 0.04416666666666667 0.03
0 0.8075 0.5916666666666667 0.0325 0.07
0 0.8291666666666667 0.5891666666666666 0.03666666666666667 0.060833333333333336
0 0.76 0.585 0.04 0.035833333333333335