0 0.9166666666666666 0.5525 0.018333333333333333 0.041666666666666664
0 0.9016666666666666 0.5516666666666666 0.016666666666666666 0.045
0 0.545 0.5516666666666666 0.0175 0.08083333333333333
0 0.88 0.5316666666666666 0.02 0.07833333333333334
0 0.21416666666666667 0.5258333333333334 0.041666666666666664 0.051666666666666666
0 0.21666666666666667 0.9841666666666666 0.043333333333333335 0.028333333333333332
0 0.8925 0.5191666666666667 0.015 0.08166666666666667
0 0.22916666666666666 0.49416666666666664 0.05 0.0425
0 0.9 0.4875 0.023333333333333334 0.08333333333333333
0 0.8758333333333334 0.4816666666666667 0.024166666666666666 0.06333333333333334
0 0.5 0.4775 0.045 0.03666666666666667
0 0.23833333333333334 0.4633333333333333 0.03833333333333333 0.035
0 0.21833333333333332 0.4625 0.043333333333333335 0.05
0 0.045 0.4583333333333333 0.034166666666666665 0.06583333333333333
0 0.9158333333333334 0.455 0.015 0.0625
0 0.10333333333333333 0.45 0.029166666666666667 0.08416666666666667
0 0.25916666666666666 0.445 0.03833333333333333 0.0425
0 0.93 0.9833333333333333 0.04 0.03
0 0.9041666666666667 0.4425 0.018333333333333333 0.0875
0 0.8683333333333333 0.44083333333333335 0.024166666666666666 0.06583333333333333
0 0.2075 0.43 0.0325 0.06416666666666666
0 0.06666666666666667 0.4225 0.025833333333333333 0.08166666666666667
0 0.8883333333333333 0.4225 0.024166666666666666 0.06916666666666667
0 0.2275 0.4216666666666667 0.023333333333333334 0.049166666666666664
0 0.9233333333333333 0.42083333333333334 0.016666666666666666 0.0625
0 0.24333333333333335 0.4141666666666667 0.0175 0.07166666666666667
0 0.8541666666666666 0.4116666666666667 0.02666666666666667 0.07583333333333334
0 0.19833333333333333 0.41 0.028333333333333332 0.07
0 0.8241666666666667 0.4033333333333333 0.03 0.06583333333333333
0 0.8775 0.3933333333333333 0.025 0.04833333333333333
0 0.9116666666666666 0.39166666666666666 0.02 0.05583333333333333
0 0.25333333333333335 0.38916666666666666 0.025 0.08833333333333333
0 0.0325 0.38666666666666666 0.025 0.08416666666666667
0 0.2275 0.3825 0.034166666666666665 0.0425
0 0.89 0.37166666666666665 0.0325 0.04833333333333333
0 0.225 0.36583333333333334 0.04083333333333333 0.029166666666666667
0 0.06583333333333333 0.3625 0.02666666666666667 0.06666666666666667
0 0.19333333333333333 0.3625 0.03333333333333333 0.08416666666666667
0 0.8566666666666667 0.36 0.03 0.0575
0 0.7341666666666666 0.3541666666666667 0.02666666666666667 0.07833333333333334
0 0.22916666666666666 0.3425 0.05 0.028333333333333332
0 0.7466666666666667 0.3283333333333333 0.02 0.065
0 0.22916666666666666 0.31833333333333336 0.05333333333333334 0.035
0 0.1975 0.31416666666666665 0.021666666666666667 0.021666666666666667
0 0.7241666666666666 0.2991666666666667 0.015833333333333335 0.08166666666666667
0 0.21583333333333332 0.2991666666666667 0.030833333333333334 0.021666666666666667
0 0.0275 0.2525 0.029166666666666667 0.07583333333333334
0 0.8866666666666667 0.12833333333333333 0.024166666666666666 0.07166666666666667
0 0.94 0.9583333333333334 0.04416666666666667 0.03666666666666667
0 0.8925 0.07 0.035833333333333335 0.07166666666666667
0 0.22166666666666668 0.9508333333333333 0.04083333333333333 0.07583333333333334
0 0.7325 0.8633333333333333 0.02666666666666667 0.085
0 0.20833333333333334 0.82 0.03166666666666667 0.06833333333333333
0 0.94 0.7566666666666667 0.030833333333333334 0.034166666666666665
0 0.9191666666666667 0.7458333333333333 0.020833333333333332 0.065
0 0.9133333333333333 0.7133333333333334 0.019166666666666665 0.07333333333333333
0 0.9341666666666667 0.7116666666666667 0.020833333333333332 0.06916666666666667
0 0.6458333333333334 0.7 0.016666666666666666 0.085
0 0.5725 0.6975 0.02666666666666667 0.0875
0 0.8841666666666667 0.6783333333333333 0.035833333333333335 0.05583333333333333
0 0.9216666666666666 0.6783333333333333 0.023333333333333334 0.065
0 0.9375 0.6716666666666666 0.020833333333333332 0.0625
0 0.9083333333333333 0.6483333333333333 0.021666666666666667 0.058333333333333334
0 0.8766666666666667 0.6416666666666667 0.025 0.08166666666666667
0 0.9216666666666666 0.6341666666666667 0.016666666666666666 0.06166666666666667
0 0.8908333333333334 0.6183333333333333 0.018333333333333333 0.0725
0 0.8658333333333333 0.6116666666666667 0.016666666666666666 0.05583333333333333
0 0.5708333333333333 0.6108333333333333 0.0375 0.05583333333333333
0 0.5533333333333333 0.6058333333333333 0.02666666666666667 0.03833333333333333
0 0.9033333333333333 0.6033333333333334 0.021666666666666667 0.06416666666666666
0 0.09833333333333333 0.5866666666666667 0.0275 0.05583333333333333
0 0.885 0.5833333333333334 0.018333333333333333 0.049166666666666664
0 0.9133333333333333 0.5783333333333334 0.021666666666666667 0.06916666666666667
0 0.5683333333333334 0.5775 0.034166666666666665 0.06583333333333333
0 0.8658333333333333 0.5708333333333333 0.021666666666666667 0.06166666666666667