0 0.5125 0.5416666666666666 0.04583333333333333 0.03
0 0.6 0.5366666666666666 0.03166666666666667 0.08333333333333333
0 0.49666666666666665 0.5158333333333334 0.06 0.04416666666666667
0 0.6225 0.5141666666666667 0.028333333333333332 0.08833333333333333
0 0.5375 0.5133333333333333 0.055 0.0425
0 0.4675 0.5116666666666667 0.041666666666666664 0.0875
0 0.6466666666666666 0.5025 0.03166666666666667 0.07583333333333334
0 0.44166666666666665 0.4875 0.028333333333333332 0.11
0 0.5291666666666667 0.4816666666666667 0.04666666666666667 0.03833333333333333
0 0.4791666666666667 0.4708333333333333 0.04 0.07166666666666667
0 0.5125 0.45916666666666667 0.050833333333333335 0.0625
0 0.5466666666666666 0.44333333333333336 0.03916666666666667 0.060833333333333336
0 0.5025 0.42 0.0425 0.06166666666666667
0 0.4725 0.4075 0.021666666666666667 0.105
0 0.4575 0.3925 0.024166666666666666 0.10833333333333334
0 0.445 0.36666666666666664 0.0275 0.10333333333333333
0 0.45916666666666667 0.29333333333333333 0.021666666666666667 0.11333333333333333
0 0.47 0.255 0.023333333333333334 0.1025
0 0.5575 0.6558333333333334 0.03166666666666667 0.07583333333333334
0 0.5875 0.6325 0.043333333333333335 0.08416666666666667
0 0.6366666666666667 0.6283333333333333 0.05 0.045
0 0.61 0.6233333333333333 0.051666666666666666 0.060833333333333336
0 0.5591666666666667 0.6175 0.04583333333333333 0.06666666666666667
0 0.535 0.6108333333333333 0.041666666666666664 0.0775
0 0.4866666666666667 0.5916666666666667 0.0575 0.06583333333333333
0 0.5925 0.5883333333333334 0.03666666666666667 0.056666666666666664
0 0.5683333333333334 0.5858333333333333 0.03833333333333333 0.06166666666666667
0 0.65 0.585 0.03916666666666667 0.0625
0 0.6691666666666667 0.5825 0.03333333333333333 0.05583333333333333
0 0.5341666666666667 0.5783333333333334 0.03916666666666667 0.08666666666666667
0 0.6183333333333333 0.57 0.029166666666666667 0.07583333333333334
0 0.64 0.56 0.035833333333333335 0.07333333333333333
0 0.475 0.5583333333333333 0.045 0.0575