0 0.1425 0.4691666666666667 0.016666666666666666 0.07333333333333333
0 0.16333333333333333 0.47333333333333333 0.030833333333333334 0.058333333333333334
0 0.16666666666666666 0.5125 0.030833333333333334 0.05333333333333334
0 0.25 0.5266666666666666 0.029166666666666667 0.06
0 0.7283333333333334 0.5891666666666666 0.030833333333333334 0.050833333333333335
0 0.795 0.6083333333333333 0.028333333333333332 0.03916666666666667
0 0.11583333333333333 0.056666666666666664 0.025 0.09083333333333334
0 0.9183333333333333 0.6216666666666667 0.0325 0.08666666666666667
0 0.3883333333333333 0.625 0.03833333333333333 0.03666666666666667
0 0.8225 0.625 0.04083333333333333 0.06
0 0.8016666666666666 0.6291666666666667 0.035833333333333335 0.051666666666666666
0 0.4175 0.6383333333333333 0.03166666666666667 0.04833333333333333
0 0.395 0.6533333333333333 0.03666666666666667 0.04583333333333333
0 0.825 0.6583333333333333 0.030833333333333334 0.041666666666666664
0 0.36833333333333335 0.6591666666666667 0.0375 0.04416666666666667
0 0.7775 0.6633333333333333 0.025833333333333333 0.07416666666666667
0 0.8 0.6675 0.03166666666666667 0.0375
0 0.405 0.6783333333333333 0.03916666666666667 0.04416666666666667
0 0.9841666666666666 0.68 0.029166666666666667 0.05583333333333333
0 0.8066666666666666 0.6841666666666667 0.035833333333333335 0.024166666666666666
0 0.1325 0.065 0.02 0.06166666666666667
0 0.3541666666666667 0.6975 0.04083333333333333 0.04083333333333333
0 0.8116666666666666 0.7116666666666667 0.0375 0.03
0 0.9266666666666666 0.7183333333333334 0.0375 0.065
0 0.7725 0.72 0.055 0.03916666666666667
0 0.8083333333333333 0.7308333333333333 0.04083333333333333 0.021666666666666667
0 0.9825 0.7316666666666667 0.0325 0.051666666666666666
0 0.14 0.005833333333333334 0.03916666666666667 0.010833333333333334
0 0.795 0.75 0.03 0.024166666666666666
0 0.9841666666666666 0.785 0.028333333333333332 0.07
0 0.9458333333333333 0.785 0.028333333333333332 0.06583333333333333
0 0.22666666666666666 0.795 0.035 0.04666666666666667
0 0.195 0.7958333333333333 0.035833333333333335 0.04583333333333333
0 0.215 0.8333333333333334 0.030833333333333334 0.043333333333333335
0 0.21416666666666667 0.8541666666666666 0.03 0.03
0 0.15083333333333335 0.08666666666666667 0.021666666666666667 0.06416666666666666
0 0.20666666666666667 0.9291666666666667 0.0275 0.07333333333333333
0 0.975 0.9708333333333333 0.029166666666666667 0.0575
0 0.16666666666666666 0.0975 0.019166666666666665 0.049166666666666664
0 0.3575 0.11416666666666667 0.023333333333333334 0.0775
0 0.14333333333333334 0.12416666666666666 0.0175 0.056666666666666664
0 0.1625 0.15083333333333335 0.023333333333333334 0.06666666666666667
0 0.8 0.15333333333333332 0.04666666666666667 0.05333333333333334
0 0.1475 0.17083333333333334 0.016666666666666666 0.06166666666666667
0 0.7866666666666666 0.18583333333333332 0.03916666666666667 0.055
0 0.15916666666666668 0.20083333333333334 0.016666666666666666 0.056666666666666664
0 0.17833333333333334 0.21833333333333332 0.018333333333333333 0.07666666666666666
0 0.13666666666666666 0.2275 0.020833333333333332 0.0575
0 0.16666666666666666 0.2525 0.021666666666666667 0.06833333333333333
0 0.8466666666666667 0.25333333333333335 0.0375 0.07083333333333333
0 0.15 0.26416666666666666 0.021666666666666667 0.06166666666666667
0 0.1325 0.265 0.016666666666666666 0.04
0 0.17416666666666666 0.285 0.03333333333333333 0.05333333333333334
0 0.2 0.28583333333333333 0.0325 0.06416666666666666
0 0.13416666666666666 0.2891666666666667 0.025833333333333333 0.020833333333333332
0 0.42916666666666664 0.2916666666666667 0.03666666666666667 0.035
0 0.14583333333333334 0.3016666666666667 0.024166666666666666 0.0425
0 0.42583333333333334 0.30916666666666665 0.03666666666666667 0.04833333333333333
0 0.41833333333333333 0.32083333333333336 0.030833333333333334 0.060833333333333336
0 0.16416666666666666 0.32083333333333336 0.035 0.0325
0 0.13583333333333333 0.028333333333333332 0.0425 0.0425
0 0.1375 0.32666666666666666 0.0175 0.05416666666666667
0 0.1875 0.33 0.035 0.0375
0 0.14916666666666667 0.3491666666666667 0.034166666666666665 0.03916666666666667
0 0.19833333333333333 0.35 0.034166666666666665 0.0375
0 0.15583333333333332 0.36 0.0375 0.04833333333333333
0 0.44333333333333336 0.3616666666666667 0.02666666666666667 0.04833333333333333
0 0.1725 0.3725 0.0325 0.029166666666666667
0 0.435 0.37916666666666665 0.02666666666666667 0.0625
0 0.18083333333333335 0.395 0.03666666666666667 0.030833333333333334
0 0.16083333333333333 0.4033333333333333 0.028333333333333332 0.03666666666666667
0 0.1325 0.4075 0.02 0.08416666666666667
0 0.15 0.4241666666666667 0.023333333333333334 0.050833333333333335
0 0.3933333333333333 0.43166666666666664 0.0375 0.034166666666666665