0 0.335 0.5358333333333334 0.02 0.06666666666666667
0 0.315 0.5308333333333334 0.02666666666666667 0.058333333333333334
0 0.43416666666666665 0.5233333333333333 0.021666666666666667 0.07333333333333333
0 0.4925 0.5216666666666666 0.043333333333333335 0.04583333333333333
0 0.425 0.52 0.0225 0.06916666666666667
0 0.41 0.5175 0.025833333333333333 0.0725
0 0.5341666666666667 0.5133333333333333 0.03916666666666667 0.034166666666666665
0 0.5666666666666667 0.5133333333333333 0.0275 0.065
0 0.375 0.5125 0.030833333333333334 0.0575
0 0.5858333333333333 0.5125 0.029166666666666667 0.029166666666666667
0 0.30583333333333335 0.5108333333333334 0.025833333333333333 0.056666666666666664
0 0.5533333333333333 0.5083333333333333 0.03 0.060833333333333336
0 0.2833333333333333 0.505 0.043333333333333335 0.03166666666666667
0 0.38916666666666666 0.5033333333333333 0.030833333333333334 0.06416666666666666
0 0.39916666666666667 0.5008333333333334 0.0225 0.0675
0 0.3566666666666667 0.49833333333333335 0.03333333333333333 0.06666666666666667
0 0.33916666666666667 0.49666666666666665 0.029166666666666667 0.04416666666666667
0 0.325 0.49416666666666664 0.0325 0.04583333333333333
0 0.4558333333333333 0.49083333333333334 0.0275 0.0625
0 0.5258333333333334 0.4891666666666667 0.04083333333333333 0.03666666666666667
0 0.37333333333333335 0.485 0.034166666666666665 0.058333333333333334
0 0.49666666666666665 0.4841666666666667 0.04833333333333333 0.051666666666666666
0 0.325 0.4658333333333333 0.045 0.041666666666666664
0 0.3616666666666667 0.4658333333333333 0.049166666666666664 0.029166666666666667
0 0.2866666666666667 0.4658333333333333 0.024166666666666666 0.059166666666666666
0 0.2658333333333333 0.465 0.03166666666666667 0.0475
0 0.4508333333333333 0.4625 0.02666666666666667 0.06333333333333334
0 0.4275 0.45916666666666667 0.023333333333333334 0.08083333333333333
0 0.39666666666666667 0.45916666666666667 0.029166666666666667 0.06666666666666667
0 0.24583333333333332 0.4558333333333333 0.03916666666666667 0.03166666666666667
0 0.4775 0.45166666666666666 0.025 0.08583333333333333
0 0.37166666666666665 0.4425 0.03333333333333333 0.034166666666666665
0 0.5333333333333333 0.43833333333333335 0.035 0.03916666666666667
0 0.31833333333333336 0.435 0.03 0.034166666666666665
0 0.5016666666666667 0.43416666666666665 0.023333333333333334 0.07
0 0.4741666666666667 0.43416666666666665 0.03 0.06333333333333334
0 0.42 0.4325 0.03333333333333333 0.065
0 0.4483333333333333 0.42833333333333334 0.035 0.06833333333333333
0 0.3641666666666667 0.4266666666666667 0.0375 0.04666666666666667
0 0.305 0.42583333333333334 0.045 0.035
0 0.52 0.42583333333333334 0.03333333333333333 0.035833333333333335
0 0.2775 0.425 0.03 0.06166666666666667
0 0.49166666666666664 0.4241666666666667 0.0225 0.07166666666666667
0 0.56 0.42333333333333334 0.035833333333333335 0.03833333333333333
0 0.3458333333333333 0.4216666666666667 0.03666666666666667 0.041666666666666664
0 0.40166666666666667 0.4191666666666667 0.0325 0.06666666666666667
0 0.5758333333333333 0.4191666666666667 0.034166666666666665 0.049166666666666664
0 0.46166666666666667 0.4191666666666667 0.03 0.06
0 0.5391666666666667 0.4041666666666667 0.0425 0.030833333333333334
0 0.23666666666666666 0.4 0.03916666666666667 0.03
0 0.42916666666666664 0.4 0.03916666666666667 0.04833333333333333
0 0.33416666666666667 0.3983333333333333 0.030833333333333334 0.045
0 0.4841666666666667 0.395 0.03333333333333333 0.05
0 0.355 0.39416666666666667 0.0325 0.034166666666666665
0 0.5183333333333333 0.39166666666666666 0.043333333333333335 0.029166666666666667
0 0.45416666666666666 0.3908333333333333 0.03333333333333333 0.06166666666666667
0 0.37916666666666665 0.38416666666666666 0.043333333333333335 0.058333333333333334
0 0.30416666666666664 0.38333333333333336 0.03666666666666667 0.049166666666666664
0 0.4691666666666667 0.37583333333333335 0.013333333333333334 0.06
0 0.5083333333333333 0.3566666666666667 0.0275 0.060833333333333336
0 0.49833333333333335 0.355 0.035 0.0525
0 0.395 0.3525 0.03916666666666667 0.030833333333333334
0 0.4841666666666667 0.3466666666666667 0.0325 0.050833333333333335
0 0.36916666666666664 0.9858333333333333 0.045 0.025
0 0.48833333333333334 0.8058333333333333 0.0425 0.03
0 0.45666666666666667 0.7975 0.035 0.03666666666666667
0 0.4216666666666667 0.7933333333333333 0.034166666666666665 0.03
0 0.4 0.7891666666666667 0.043333333333333335 0.03833333333333333
0 0.33666666666666667 0.9783333333333334 0.04666666666666667 0.04
0 0.5258333333333334 0.7808333333333334 0.04 0.035833333333333335
0 0.4791666666666667 0.7808333333333334 0.03666666666666667 0.035833333333333335
0 0.4425 0.77 0.0475 0.03666666666666667
0 0.5175 0.76 0.02666666666666667 0.018333333333333333
0 0.4633333333333333 0.7466666666666667 0.03666666666666667 0.045
0 0.4691666666666667 0.7108333333333333 0.029166666666666667 0.07333333333333333
0 0.6875 0.6466666666666666 0.03333333333333333 0.0775
0 0.6691666666666667 0.6291666666666667 0.03166666666666667 0.06416666666666666
0 0.6491666666666667 0.6083333333333333 0.030833333333333334 0.06916666666666667
0 0.31333333333333335 0.6041666666666666 0.03333333333333333 0.06333333333333334
0 0.625 0.5808333333333333 0.028333333333333332 0.04833333333333333
0 0.4008333333333333 0.5791666666666667 0.0325 0.07333333333333333
0 0.345 0.5775 0.030833333333333334 0.06666666666666667
0 0.6033333333333334 0.5758333333333333 0.030833333333333334 0.05416666666666667
0 0.385 0.5666666666666667 0.0325 0.060833333333333336
0 0.31666666666666665 0.565 0.029166666666666667 0.06
0 0.36333333333333334 0.5558333333333333 0.029166666666666667 0.059166666666666666
0 0.5741666666666667 0.5516666666666666 0.034166666666666665 0.049166666666666664
0 0.37916666666666665 0.5458333333333333 0.028333333333333332 0.05333333333333334
0 0.605 0.5458333333333333 0.02666666666666667 0.0825
0 0.5908333333333333 0.5416666666666666 0.03166666666666667 0.050833333333333335