0 0.4558333333333333 0.46166666666666667 0.03 0.06416666666666666
0 0.42583333333333334 0.4625 0.025833333333333333 0.09
0 0.4741666666666667 0.47833333333333333 0.0325 0.07583333333333334
0 0.39166666666666666 0.0375 0.0625 0.056666666666666664
0 0.43333333333333335 0.5025 0.020833333333333332 0.095
0 0.5225 0.5125 0.04 0.03666666666666667
0 0.4075 0.5183333333333333 0.0225 0.08166666666666667
0 0.49 0.5191666666666667 0.03916666666666667 0.085
0 0.47 0.5275 0.025833333333333333 0.0825
0 0.4483333333333333 0.5433333333333333 0.023333333333333334 0.0925
0 0.4125 0.5558333333333333 0.0175 0.056666666666666664
0 0.43166666666666664 0.5608333333333333 0.015833333333333335 0.0775
0 0.425 0.5883333333333334 0.020833333333333332 0.07916666666666666
0 0.4741666666666667 0.5958333333333333 0.0225 0.09
0 0.52 0.6083333333333333 0.03 0.10416666666666667
0 0.45 0.6133333333333333 0.02666666666666667 0.07916666666666666
0 0.4575 0.6483333333333333 0.0175 0.07166666666666667
0 0.47333333333333333 0.6525 0.02666666666666667 0.06916666666666667
0 0.48833333333333334 0.685 0.055 0.0475
0 0.38 0.0575 0.0375 0.055
0 0.3383333333333333 0.0625 0.04416666666666667 0.04833333333333333
0 0.37 0.06666666666666667 0.04 0.055
0 0.39916666666666667 0.009166666666666667 0.04833333333333333 0.018333333333333333
0 0.31833333333333336 0.01 0.04833333333333333 0.02
0 0.31 0.22416666666666665 0.035 0.0875
0 0.35583333333333333 0.24833333333333332 0.055 0.05
0 0.32 0.25083333333333335 0.04 0.09833333333333333
0 0.31916666666666665 0.2925 0.0475 0.07
0 0.3541666666666667 0.3016666666666667 0.049166666666666664 0.045
0 0.3983333333333333 0.3525 0.0625 0.04666666666666667
0 0.32 0.02666666666666667 0.0525 0.03333333333333333
0 0.4683333333333333 0.4091666666666667 0.03333333333333333 0.0725
0 0.48583333333333334 0.42 0.03916666666666667 0.03666666666666667
0 0.44666666666666666 0.4241666666666667 0.020833333333333332 0.08333333333333333