0 0.8283333333333334 0.5408333333333334 0.0675 0.10666666666666667
0 0.5866666666666667 0.555 0.03666666666666667 0.10833333333333334
0 0.3375 0.04083333333333333 0.041666666666666664 0.08083333333333333
0 0.7283333333333334 0.5666666666666667 0.04 0.11583333333333333
0 0.6683333333333333 0.5791666666666667 0.04833333333333333 0.105
0 0.7008333333333333 0.05416666666666667 0.04833333333333333 0.10833333333333334
0 0.64 0.18 0.0425 0.115
0 0.3925 0.005833333333333334 0.075 0.011666666666666667
0 0.7766666666666666 0.015 0.06333333333333334 0.03
0 0.8591666666666666 0.31833333333333336 0.04 0.1175
0 0.7275 0.4533333333333333 0.043333333333333335 0.1275