0 0.4825 0.4625 0.07083333333333333 0.060833333333333336
0 0.6616666666666666 0.47 0.04 0.13333333333333333
0 0.6016666666666667 0.5166666666666667 0.06916666666666667 0.09916666666666667
0 0.6191666666666666 0.6683333333333333 0.043333333333333335 0.13333333333333333
0 0.1825 0.6941666666666667 0.07833333333333334 0.06583333333333333
0 0.65 0.7858333333333334 0.05583333333333333 0.13166666666666665
0 0.605 0.9158333333333334 0.07083333333333333 0.075
0 0.8375 0.08416666666666667 0.05416666666666667 0.11666666666666667
0 0.665 0.9566666666666667 0.07 0.085
0 0.3325 0.9583333333333334 0.07833333333333334 0.08
0 0.5 0.9883333333333333 0.056666666666666664 0.02
0 0.39416666666666667 0.09 0.060833333333333336 0.10583333333333333
0 0.075 0.09583333333333334 0.07 0.065
0 0.7658333333333334 0.14416666666666667 0.075 0.10333333333333333
0 0.023333333333333334 0.1675 0.04666666666666667 0.08
0 0.4216666666666667 0.3016666666666667 0.04583333333333333 0.09916666666666667
0 0.6316666666666667 0.3016666666666667 0.034166666666666665 0.12583333333333332
0 0.56 0.31583333333333335 0.07583333333333334 0.0625
0 0.8141666666666667 0.029166666666666667 0.08833333333333333 0.058333333333333334
0 0.45 0.3441666666666667 0.06 0.06583333333333333
0 0.4633333333333333 0.38916666666666666 0.06833333333333333 0.05333333333333334
0 0.5933333333333334 0.4175 0.07333333333333333 0.0825