0 0.6091666666666666 0.485 0.03833333333333333 0.03
0 0.5766666666666667 0.48583333333333334 0.0425 0.035833333333333335
0 0.6783333333333333 0.49083333333333334 0.035 0.041666666666666664
0 0.6991666666666667 0.4925 0.03916666666666667 0.0475
0 0.7275 0.49583333333333335 0.0325 0.04666666666666667
0 0.3416666666666667 0.49666666666666665 0.04 0.08333333333333333
0 0.6525 0.5041666666666667 0.04083333333333333 0.059166666666666666
0 0.7283333333333334 0.5075 0.049166666666666664 0.06166666666666667
0 0.6008333333333333 0.5108333333333334 0.04083333333333333 0.034166666666666665
0 0.6325 0.5116666666666667 0.03666666666666667 0.051666666666666666
0 0.09166666666666666 0.5175 0.050833333333333335 0.06416666666666666
0 0.675 0.53 0.0425 0.04083333333333333
0 0.06333333333333334 0.5366666666666666 0.04083333333333333 0.060833333333333336
0 0.73 0.54 0.034166666666666665 0.051666666666666666
0 0.575 0.5425 0.04666666666666667 0.041666666666666664
0 0.29583333333333334 0.5433333333333333 0.03 0.08666666666666667
0 0.6308333333333334 0.5458333333333333 0.045 0.035833333333333335
0 0.7066666666666667 0.5475 0.04 0.0375
0 0.6741666666666667 0.5583333333333333 0.030833333333333334 0.029166666666666667
0 0.6525 0.5591666666666667 0.035833333333333335 0.034166666666666665
0 0.6983333333333334 0.5833333333333334 0.041666666666666664 0.0475
0 0.67 0.5841666666666666 0.04083333333333333 0.04083333333333333
0 0.5975 0.585 0.0425 0.04
0 0.30333333333333334 0.585 0.0225 0.09416666666666666
0 0.6066666666666667 0.5983333333333334 0.03833333333333333 0.04583333333333333
0 0.6466666666666666 0.6075 0.043333333333333335 0.03166666666666667
0 0.2866666666666667 0.6116666666666667 0.02 0.07583333333333334
0 0.5725 0.615 0.041666666666666664 0.034166666666666665
0 0.2683333333333333 0.6216666666666667 0.034166666666666665 0.08083333333333333
0 0.5491666666666667 0.6233333333333333 0.04083333333333333 0.0375
0 0.5958333333333333 0.6266666666666667 0.0425 0.0475
0 0.6191666666666666 0.6333333333333333 0.0375 0.045
0 0.66 0.6341666666666667 0.0375 0.055
0 0.6366666666666667 0.6383333333333333 0.03833333333333333 0.0375
0 0.5425 0.6483333333333333 0.04833333333333333 0.035833333333333335
0 0.6641666666666667 0.6633333333333333 0.0225 0.06666666666666667
0 0.6283333333333333 0.6633333333333333 0.04083333333333333 0.0275
0 0.5833333333333334 0.6683333333333333 0.04583333333333333 0.0375
0 0.6441666666666667 0.6825 0.03 0.05333333333333334
0 0.6208333333333333 0.6858333333333333 0.0375 0.03
0 0.5583333333333333 0.6933333333333334 0.03833333333333333 0.035833333333333335
0 0.5741666666666667 0.7025 0.045 0.043333333333333335
0 0.6008333333333333 0.71 0.03916666666666667 0.04083333333333333
0 0.6075 0.7233333333333334 0.035833333333333335 0.043333333333333335
0 0.6441666666666667 0.725 0.028333333333333332 0.059166666666666666
0 0.6283333333333333 0.7266666666666667 0.035 0.05
0 0.31166666666666665 0.7316666666666667 0.0275 0.0325
0 0.5708333333333333 0.7325 0.041666666666666664 0.030833333333333334
0 0.004166666666666667 0.7483333333333333 0.005 0.05333333333333334
0 0.6 0.7566666666666667 0.035 0.0375
0 0.5725 0.7616666666666667 0.03666666666666667 0.049166666666666664
0 0.6291666666666667 0.7708333333333334 0.0325 0.060833333333333336
0 0.6091666666666666 0.7816666666666666 0.034166666666666665 0.06916666666666667
0 0.5841666666666666 0.8108333333333333 0.03666666666666667 0.08
0 0.6266666666666667 0.8308333333333333 0.018333333333333333 0.0875
0 0.6083333333333333 0.8341666666666666 0.0175 0.06583333333333333
0 0.59 0.8441666666666666 0.0175 0.08166666666666667
0 0.6008333333333333 0.875 0.015 0.06166666666666667
0 0.6133333333333333 0.9125 0.018333333333333333 0.08416666666666667
0 0.5891666666666666 0.915 0.016666666666666666 0.07833333333333334
0 0.5816666666666667 0.93 0.03166666666666667 0.07833333333333334
0 0.6316666666666667 0.945 0.0225 0.07916666666666666
0 0.6025 0.9483333333333334 0.015833333333333335 0.08916666666666667
0 0.7241666666666666 0.1425 0.03166666666666667 0.08333333333333333
0 0.725 0.18416666666666667 0.03 0.07666666666666666
0 0.5608333333333333 0.2125 0.035833333333333335 0.07083333333333333
0 0.7241666666666666 0.2175 0.02 0.06333333333333334
0 0.5575 0.23833333333333334 0.025 0.050833333333333335
0 0.7116666666666667 0.245 0.0175 0.08
0 0.735 0.27416666666666667 0.016666666666666666 0.06416666666666666
0 0.7241666666666666 0.2916666666666667 0.0175 0.09416666666666666
0 0.5291666666666667 0.30416666666666664 0.024166666666666666 0.08333333333333333
0 0.6708333333333333 0.32166666666666666 0.0425 0.060833333333333336
0 0.6975 0.32416666666666666 0.03666666666666667 0.060833333333333336
0 0.5358333333333334 0.3416666666666667 0.02 0.08583333333333333
0 0.5641666666666667 0.35083333333333333 0.030833333333333334 0.08833333333333333
0 0.7375 0.35583333333333333 0.03666666666666667 0.041666666666666664
0 0.6816666666666666 0.3625 0.04583333333333333 0.04
0 0.5125 0.365 0.03833333333333333 0.0475
0 0.5433333333333333 0.36833333333333335 0.021666666666666667 0.08333333333333333
0 0.6975 0.38 0.034166666666666665 0.034166666666666665
0 0.7233333333333334 0.3875 0.0375 0.03166666666666667
0 0.5083333333333333 0.3983333333333333 0.04 0.06
0 0.6625 0.3983333333333333 0.03916666666666667 0.03916666666666667
0 0.7516666666666667 0.4033333333333333 0.0325 0.059166666666666666
0 0.7191666666666666 0.4083333333333333 0.03666666666666667 0.0425
0 0.6841666666666667 0.41083333333333333 0.04583333333333333 0.034166666666666665
0 0.7183333333333334 0.42083333333333334 0.041666666666666664 0.058333333333333334
0 0.6475 0.42583333333333334 0.04416666666666667 0.034166666666666665
0 0.475 0.43083333333333335 0.034166666666666665 0.035
0 0.5033333333333333 0.43333333333333335 0.03833333333333333 0.06833333333333333
0 0.6825 0.43583333333333335 0.04 0.0275
0 0.35333333333333333 0.44166666666666665 0.03666666666666667 0.06666666666666667
0 0.7233333333333334 0.44416666666666665 0.03333333333333333 0.06416666666666666
0 0.6316666666666667 0.45916666666666667 0.043333333333333335 0.03166666666666667
0 0.31916666666666665 0.4608333333333333 0.025833333333333333 0.07666666666666666
0 0.6858333333333333 0.4625 0.049166666666666664 0.0325
0 0.7341666666666666 0.4633333333333333 0.029166666666666667 0.06916666666666667
0 0.5825 0.465 0.034166666666666665 0.04416666666666667
0 0.6483333333333333 0.4683333333333333 0.03666666666666667 0.043333333333333335