0 0.6166666666666667 0.7358333333333333 0.0475 0.13083333333333333
0 0.35333333333333333 0.7708333333333334 0.03916666666666667 0.1575
0 0.3958333333333333 0.9233333333333333 0.043333333333333335 0.13666666666666666
0 0.03833333333333333 0.9816666666666667 0.035 0.035833333333333335
0 0.6916666666666667 0.08833333333333333 0.050833333333333335 0.13416666666666666
0 0.4708333333333333 0.14416666666666667 0.0575 0.11083333333333334
0 0.4191666666666667 0.155 0.04583333333333333 0.12833333333333333
0 0.6175 0.23 0.03666666666666667 0.14083333333333334
0 0.5675 0.24666666666666667 0.035833333333333335 0.12416666666666666
0 0.4666666666666667 0.26666666666666666 0.0375 0.1375
0 0.6591666666666667 0.39666666666666667 0.0575 0.11166666666666666