0 0.6233333333333333 0.52 0.025833333333333333 0.08083333333333333
0 0.6866666666666666 0.5191666666666667 0.030833333333333334 0.08166666666666667
0 0.4175 0.5166666666666667 0.0275 0.049166666666666664
0 0.5833333333333334 0.5125 0.050833333333333335 0.03833333333333333
0 0.6 0.5075 0.0375 0.06666666666666667
0 0.5408333333333334 0.48833333333333334 0.03833333333333333 0.056666666666666664
0 0.5608333333333333 0.4825 0.03833333333333333 0.035833333333333335
0 0.6541666666666667 0.48083333333333333 0.029166666666666667 0.08
0 0.6358333333333334 0.4741666666666667 0.035 0.075
0 0.6141666666666666 0.4683333333333333 0.03666666666666667 0.0725
0 0.305 0.4658333333333333 0.0225 0.0875
0 0.5908333333333333 0.4625 0.04083333333333333 0.05416666666666667
0 0.5633333333333334 0.46 0.0375 0.056666666666666664
0 0.6741666666666667 0.4558333333333333 0.035833333333333335 0.06916666666666667
0 0.5358333333333334 0.4508333333333333 0.0375 0.0425
0 0.7241666666666666 0.4508333333333333 0.03916666666666667 0.045
0 0.6975 0.44416666666666665 0.0425 0.06583333333333333
0 0.6666666666666666 0.44083333333333335 0.043333333333333335 0.09
0 0.2775 0.4375 0.0375 0.06
0 0.2525 0.41583333333333333 0.0375 0.0525
0 0.6608333333333334 0.41583333333333333 0.04083333333333333 0.05333333333333334
0 0.2966666666666667 0.4083333333333333 0.025 0.08083333333333333
0 0.2625 0.40166666666666667 0.021666666666666667 0.06333333333333334
0 0.2808333333333333 0.3975 0.021666666666666667 0.065
0 0.24333333333333335 0.36083333333333334 0.02 0.08916666666666667
0 0.28 0.3591666666666667 0.0225 0.06583333333333333
0 0.22416666666666665 0.3466666666666667 0.030833333333333334 0.08666666666666667
0 0.2575 0.3358333333333333 0.0225 0.08333333333333333
0 0.24416666666666667 0.30333333333333334 0.0325 0.07
0 0.22166666666666668 0.2875 0.02 0.0675
0 0.23166666666666666 0.2675 0.030833333333333334 0.06666666666666667
0 0.8816666666666667 0.23 0.035833333333333335 0.04833333333333333
0 0.8433333333333334 0.2075 0.03166666666666667 0.06416666666666666
0 0.5141666666666667 0.7583333333333333 0.0225 0.08333333333333333
0 0.4975 0.7208333333333333 0.020833333333333332 0.07583333333333334
0 0.4791666666666667 0.69 0.0275 0.07416666666666667