0 0.37416666666666665 0.4683333333333333 0.035 0.03833333333333333
0 0.6641666666666667 0.4741666666666667 0.02666666666666667 0.07
0 0.6458333333333334 0.47583333333333333 0.0225 0.075
0 0.36583333333333334 0.48083333333333333 0.03166666666666667 0.0325
0 0.6166666666666667 0.4825 0.0275 0.06333333333333334
0 0.4033333333333333 0.49 0.03833333333333333 0.03333333333333333
0 0.6725 0.495 0.024166666666666666 0.060833333333333336
0 0.6883333333333334 0.505 0.03333333333333333 0.0675
0 0.3883333333333333 0.5075 0.025 0.060833333333333336
0 0.40166666666666667 0.5091666666666667 0.030833333333333334 0.041666666666666664
0 0.5966666666666667 0.51 0.020833333333333332 0.06916666666666667
0 0.4508333333333333 0.5166666666666667 0.045 0.035
0 0.4866666666666667 0.5258333333333334 0.041666666666666664 0.03916666666666667
0 0.5641666666666667 0.5258333333333334 0.029166666666666667 0.0625
0 0.4241666666666667 0.5308333333333334 0.029166666666666667 0.05583333333333333
0 0.6533333333333333 0.5325 0.025833333333333333 0.06
0 0.43666666666666665 0.5333333333333333 0.03333333333333333 0.059166666666666666
0 0.73 0.5391666666666667 0.025 0.059166666666666666
0 0.6291666666666667 0.5391666666666667 0.016666666666666666 0.08
0 0.40166666666666667 0.5416666666666666 0.030833333333333334 0.03
0 0.5691666666666667 0.5416666666666666 0.021666666666666667 0.06416666666666666
0 0.64 0.545 0.023333333333333334 0.07833333333333334
0 0.6033333333333334 0.03333333333333333 0.03833333333333333 0.049166666666666664
0 0.46416666666666667 0.5475 0.03166666666666667 0.035833333333333335
0 0.7075 0.5483333333333333 0.03333333333333333 0.06
0 0.5783333333333334 0.555 0.02 0.06666666666666667
0 0.6808333333333333 0.555 0.043333333333333335 0.03333333333333333
0 0.58 0.035 0.03916666666666667 0.04833333333333333
0 0.59 0.5608333333333333 0.020833333333333332 0.05583333333333333
0 0.545 0.5608333333333333 0.016666666666666666 0.06
0 0.48 0.5666666666666667 0.041666666666666664 0.03666666666666667
0 0.7091666666666666 0.5675 0.035 0.05583333333333333
0 0.6533333333333333 0.5741666666666667 0.021666666666666667 0.07416666666666667
0 0.7541666666666667 0.58 0.03666666666666667 0.03833333333333333
0 0.5275 0.5816666666666667 0.016666666666666666 0.06666666666666667
0 0.5591666666666667 0.5858333333333333 0.016666666666666666 0.059166666666666666
0 0.6366666666666667 0.5941666666666666 0.0175 0.058333333333333334
0 0.6675 0.595 0.023333333333333334 0.060833333333333336
0 0.595 0.5958333333333333 0.021666666666666667 0.065
0 0.4741666666666667 0.5966666666666667 0.0475 0.04583333333333333
0 0.49083333333333334 0.6066666666666667 0.02666666666666667 0.0525
0 0.3925 0.6075 0.03833333333333333 0.0275
0 0.6175 0.6091666666666666 0.02 0.06
0 0.5133333333333333 0.6108333333333333 0.02 0.06416666666666666
0 0.4708333333333333 0.6116666666666667 0.034166666666666665 0.025833333333333333
0 0.5775 0.6125 0.019166666666666665 0.06333333333333334
0 0.5683333333333334 0.6141666666666666 0.015 0.06166666666666667
0 0.685 0.6141666666666666 0.0375 0.04833333333333333
0 0.4325 0.62 0.03916666666666667 0.029166666666666667
0 0.645 0.6225 0.03166666666666667 0.05583333333333333
0 0.49666666666666665 0.6291666666666667 0.025 0.06666666666666667
0 0.535 0.6291666666666667 0.021666666666666667 0.058333333333333334
0 0.45916666666666667 0.635 0.04 0.030833333333333334
0 0.6266666666666667 0.6375 0.020833333333333332 0.0475
0 0.5533333333333333 0.6416666666666667 0.015833333333333335 0.085
0 0.6075 0.6425 0.035 0.05333333333333334
0 0.3975 0.6433333333333333 0.035 0.0425
0 0.5158333333333334 0.6433333333333333 0.025 0.06833333333333333
0 0.4741666666666667 0.6441666666666667 0.041666666666666664 0.03166666666666667
0 0.5925 0.6458333333333334 0.020833333333333332 0.05416666666666667
0 0.43333333333333335 0.6516666666666666 0.035833333333333335 0.03666666666666667
0 0.5725 0.66 0.021666666666666667 0.060833333333333336
0 0.5425 0.66 0.019166666666666665 0.06833333333333333
0 0.6358333333333334 0.6616666666666666 0.03166666666666667 0.041666666666666664
0 0.5316666666666666 0.6641666666666667 0.020833333333333332 0.075
0 0.5608333333333333 0.6666666666666666 0.023333333333333334 0.06166666666666667
0 0.515 0.67 0.019166666666666665 0.050833333333333335
0 0.49083333333333334 0.6766666666666666 0.03166666666666667 0.065
0 0.4666666666666667 0.6791666666666667 0.03916666666666667 0.03333333333333333
0 0.61 0.6808333333333333 0.0275 0.05583333333333333
0 0.5908333333333333 0.6875 0.0325 0.05583333333333333
0 0.575 0.6908333333333333 0.028333333333333332 0.060833333333333336
0 0.515 0.6941666666666667 0.020833333333333332 0.0425
0 0.49333333333333335 0.7016666666666667 0.035833333333333335 0.051666666666666666
0 0.5525 0.7108333333333333 0.0325 0.04416666666666667
0 0.49166666666666664 0.7233333333333334 0.03166666666666667 0.05
0 0.47583333333333333 0.23833333333333334 0.03916666666666667 0.029166666666666667
0 0.5041666666666667 0.24083333333333334 0.035833333333333335 0.04833333333333333
0 0.5258333333333334 0.245 0.03 0.0225
0 0.5525 0.24583333333333332 0.03833333333333333 0.0425
0 0.4775 0.2608333333333333 0.04083333333333333 0.030833333333333334
0 0.43416666666666665 0.2625 0.04 0.0425
0 0.5175 0.27 0.03833333333333333 0.03166666666666667
0 0.45 0.2833333333333333 0.023333333333333334 0.020833333333333332
0 0.4875 0.2841666666666667 0.0425 0.029166666666666667
0 0.5108333333333334 0.31833333333333336 0.025833333333333333 0.058333333333333334
0 0.67 0.3975 0.021666666666666667 0.06333333333333334
0 0.2725 0.4058333333333333 0.03916666666666667 0.0425
0 0.305 0.4325 0.035833333333333335 0.0525
0 0.6633333333333333 0.44083333333333335 0.0225 0.059166666666666666
0 0.33166666666666667 0.45 0.034166666666666665 0.059166666666666666