0 0.5933333333333334 0.5225 0.03833333333333333 0.05583333333333333
0 0.8625 0.5216666666666666 0.030833333333333334 0.051666666666666666
0 0.9016666666666666 0.5191666666666667 0.014166666666666666 0.0575
0 0.5708333333333333 0.5166666666666667 0.023333333333333334 0.025833333333333333
0 0.8841666666666667 0.515 0.024166666666666666 0.04
0 0.855 0.49833333333333335 0.029166666666666667 0.0225
0 0.89 0.49416666666666664 0.019166666666666665 0.0275
0 0.555 0.4791666666666667 0.03166666666666667 0.034166666666666665
0 0.8633333333333333 0.4775 0.03333333333333333 0.03666666666666667
0 0.9141666666666667 0.4775 0.024166666666666666 0.065
0 0.58 0.4741666666666667 0.03833333333333333 0.065
0 0.8616666666666667 0.45416666666666666 0.045 0.051666666666666666
0 0.6066666666666667 0.44583333333333336 0.021666666666666667 0.07916666666666666
0 0.8833333333333333 0.445 0.04083333333333333 0.05333333333333334
0 0.9275 0.43666666666666665 0.024166666666666666 0.08416666666666667
0 0.8858333333333334 0.4075 0.0225 0.05333333333333334
0 0.9041666666666667 0.4066666666666667 0.0275 0.06166666666666667
0 0.9158333333333334 0.35583333333333333 0.018333333333333333 0.06916666666666667
0 0.8916666666666667 0.3466666666666667 0.029166666666666667 0.07083333333333333
0 0.7925 0.30416666666666664 0.0325 0.06666666666666667
0 0.885 0.2916666666666667 0.034166666666666665 0.05333333333333334
0 0.5633333333333334 0.2725 0.0425 0.05416666666666667
0 0.16666666666666666 0.2575 0.03666666666666667 0.030833333333333334
0 0.25666666666666665 0.25666666666666665 0.028333333333333332 0.04083333333333333
0 0.045 0.23333333333333334 0.03166666666666667 0.0825
0 0.5933333333333334 0.2225 0.03916666666666667 0.05333333333333334
0 0.5583333333333333 0.22083333333333333 0.0325 0.06166666666666667
0 0.17583333333333334 0.22083333333333333 0.0325 0.05583333333333333
0 0.15833333333333333 0.22083333333333333 0.05 0.06333333333333334
0 0.5766666666666667 0.2175 0.0325 0.05416666666666667
0 0.54 0.215 0.03916666666666667 0.06
0 0.20166666666666666 0.195 0.0325 0.085
0 0.1475 0.18833333333333332 0.0275 0.05416666666666667
0 0.6058333333333333 0.17083333333333334 0.0375 0.05583333333333333
0 0.18083333333333335 0.17 0.04083333333333333 0.04666666666666667
0 0.1675 0.15583333333333332 0.0375 0.0225
0 0.19 0.14 0.05583333333333333 0.0325
0 0.0375 0.13 0.04666666666666667 0.06166666666666667
0 0.16 0.1275 0.04416666666666667 0.03666666666666667
0 0.19916666666666666 0.11083333333333334 0.05583333333333333 0.03833333333333333
0 0.15416666666666667 0.105 0.03666666666666667 0.025833333333333333
0 0.17666666666666667 0.08333333333333333 0.03166666666666667 0.029166666666666667
0 0.014166666666666666 0.06916666666666667 0.028333333333333332 0.07166666666666667
0 0.8016666666666666 0.035833333333333335 0.043333333333333335 0.07083333333333333
0 0.8625 0.03666666666666667 0.0225 0.0725
0 0.8075 0.0075 0.025833333333333333 0.013333333333333334
0 0.9183333333333333 0.9008333333333334 0.045 0.04833333333333333
0 0.9275 0.8516666666666667 0.03666666666666667 0.07333333333333333
0 0.9083333333333333 0.8216666666666667 0.029166666666666667 0.075
0 0.9275 0.7975 0.029166666666666667 0.0675
0 0.6825 0.7766666666666666 0.024166666666666666 0.09416666666666666
0 0.16 0.77 0.035 0.06666666666666667
0 0.8958333333333334 0.7516666666666667 0.035 0.08083333333333333
0 0.9233333333333333 0.7516666666666667 0.024166666666666666 0.06
0 0.17166666666666666 0.715 0.03833333333333333 0.05
0 0.9158333333333334 0.6991666666666667 0.019166666666666665 0.065
0 0.9008333333333334 0.6841666666666667 0.021666666666666667 0.07083333333333333
0 0.8825 0.6525 0.023333333333333334 0.075
0 0.12916666666666668 0.6441666666666667 0.035833333333333335 0.06916666666666667
0 0.9275 0.6175 0.0325 0.0925
0 0.9125 0.6125 0.021666666666666667 0.08416666666666667
0 0.8933333333333333 0.6108333333333333 0.019166666666666665 0.0675
0 0.8733333333333333 0.5983333333333334 0.019166666666666665 0.06916666666666667
0 0.8908333333333334 0.5683333333333334 0.0175 0.058333333333333334
0 0.8583333333333333 0.5675 0.02666666666666667 0.06916666666666667
0 0.8366666666666667 0.5633333333333334 0.03166666666666667 0.0775
0 0.59 0.55 0.041666666666666664 0.03666666666666667
0 0.88 0.5475 0.025 0.035833333333333335
0 0.9083333333333333 0.5341666666666667 0.0275 0.07333333333333333