0 0.8358333333333333 0.4375 0.023333333333333334 0.05333333333333334
0 0.8658333333333333 0.44416666666666665 0.02666666666666667 0.07333333333333333
0 0.8175 0.44916666666666666 0.018333333333333333 0.06666666666666667
0 0.5008333333333334 0.465 0.016666666666666666 0.06333333333333334
0 0.8516666666666667 0.465 0.015833333333333335 0.049166666666666664
0 0.18 0.4741666666666667 0.04 0.050833333333333335
0 0.8266666666666667 0.475 0.0275 0.07
0 0.8425 0.49916666666666665 0.018333333333333333 0.08416666666666667
0 0.18833333333333332 0.5025 0.043333333333333335 0.03916666666666667
0 0.175 0.5258333333333334 0.035 0.050833333333333335
0 0.8525 0.5266666666666666 0.019166666666666665 0.06833333333333333
0 0.455 0.5291666666666667 0.045 0.035833333333333335
0 0.20166666666666666 0.53 0.03833333333333333 0.034166666666666665
0 0.010833333333333334 0.5333333333333333 0.021666666666666667 0.06583333333333333
0 0.8266666666666667 0.5383333333333333 0.025833333333333333 0.07833333333333334
0 0.14333333333333334 0.5383333333333333 0.0325 0.05
0 0.035833333333333335 0.5383333333333333 0.02 0.07833333333333334
0 0.06833333333333333 0.5433333333333333 0.025 0.07083333333333333
0 0.22083333333333333 0.5516666666666666 0.03166666666666667 0.04583333333333333
0 0.19166666666666668 0.5625 0.03333333333333333 0.04666666666666667
0 0.8608333333333333 0.5666666666666667 0.0175 0.0675
0 0.8183333333333334 0.5716666666666667 0.020833333333333332 0.059166666666666666
0 0.17583333333333334 0.5716666666666667 0.03833333333333333 0.04083333333333333
0 0.1375 0.5775 0.0275 0.035
0 0.20416666666666666 0.5783333333333334 0.02 0.06583333333333333
0 0.15416666666666667 0.5816666666666667 0.03916666666666667 0.060833333333333336
0 0.8491666666666666 0.5858333333333333 0.016666666666666666 0.06833333333333333
0 0.8741666666666666 0.5966666666666667 0.015833333333333335 0.06166666666666667
0 0.8041666666666667 0.5983333333333334 0.0225 0.06416666666666666
0 0.8358333333333333 0.5983333333333334 0.020833333333333332 0.07666666666666666
0 0.7825 0.6 0.018333333333333333 0.07416666666666667
0 0.005 0.6025 0.01 0.07583333333333334
0 0.18833333333333332 0.605 0.0375 0.03333333333333333
0 0.21416666666666667 0.61 0.0225 0.08416666666666667
0 0.1775 0.0175 0.03166666666666667 0.034166666666666665
0 0.8191666666666667 0.6191666666666666 0.019166666666666665 0.06416666666666666
0 0.03166666666666667 0.6225 0.023333333333333334 0.07166666666666667
0 0.1875 0.6233333333333333 0.03333333333333333 0.0275
0 0.8533333333333334 0.6241666666666666 0.023333333333333334 0.05333333333333334
0 0.17583333333333334 0.6308333333333334 0.0475 0.04083333333333333
0 0.805 0.6475 0.0225 0.06166666666666667
0 0.6858333333333333 0.6508333333333334 0.018333333333333333 0.06583333333333333
0 0.8283333333333334 0.6508333333333334 0.0275 0.051666666666666666
0 0.17666666666666667 0.6591666666666667 0.04833333333333333 0.035833333333333335
0 0.16166666666666665 0.675 0.025 0.023333333333333334
0 0.7025 0.6833333333333333 0.02 0.0675
0 0.17583333333333334 0.6875 0.03 0.028333333333333332
0 0.0033333333333333335 0.7033333333333334 0.006666666666666667 0.05416666666666667
0 0.6766666666666666 0.7066666666666667 0.0175 0.075
0 0.8866666666666667 0.025833333333333333 0.03833333333333333 0.04083333333333333
0 0.8308333333333333 0.88 0.025 0.06666666666666667
0 0.8416666666666667 0.9291666666666667 0.03 0.06916666666666667
0 0.18416666666666667 0.0425 0.04583333333333333 0.06166666666666667
0 0.8933333333333333 0.059166666666666666 0.03833333333333333 0.04
0 0.6891666666666667 0.155 0.024166666666666666 0.08333333333333333
0 0.17416666666666666 0.18083333333333335 0.030833333333333334 0.07083333333333333
0 0.8783333333333333 0.2675 0.019166666666666665 0.06
0 0.8925 0.28583333333333333 0.02 0.04666666666666667
0 0.5975 0.30416666666666664 0.019166666666666665 0.08166666666666667
0 0.8666666666666667 0.30916666666666665 0.025833333333333333 0.07416666666666667
0 0.5308333333333334 0.31 0.0275 0.08333333333333333
0 0.8858333333333334 0.31083333333333335 0.020833333333333332 0.07583333333333334
0 0.875 0.3408333333333333 0.0225 0.06833333333333333
0 0.8383333333333334 0.3408333333333333 0.034166666666666665 0.058333333333333334
0 0.8908333333333334 0.3458333333333333 0.0225 0.07
0 0.86 0.3675 0.0175 0.06333333333333334
0 0.8283333333333334 0.37583333333333335 0.028333333333333332 0.08166666666666667
0 0.875 0.3908333333333333 0.02 0.04416666666666667
0 0.8425 0.39916666666666667 0.018333333333333333 0.07416666666666667
0 0.5233333333333333 0.4025 0.03333333333333333 0.06166666666666667
0 0.8208333333333333 0.4041666666666667 0.02 0.0425
0 0.06333333333333334 0.4066666666666667 0.02666666666666667 0.0575
0 0.4975 0.4125 0.028333333333333332 0.045
0 0.8533333333333334 0.415 0.021666666666666667 0.065
0 0.5225 0.42833333333333334 0.03666666666666667 0.07