0 0.44666666666666666 0.8491666666666666 0.03916666666666667 0.06166666666666667
0 0.635 0.81 0.051666666666666666 0.07
0 0.4483333333333333 0.795 0.029166666666666667 0.0675
0 0.6658333333333334 0.7641666666666667 0.043333333333333335 0.05
0 0.5 0.7633333333333333 0.04083333333333333 0.03666666666666667
0 0.6916666666666667 0.7625 0.04583333333333333 0.04666666666666667
0 0.43833333333333335 0.7541666666666667 0.019166666666666665 0.08333333333333333
0 0.45916666666666667 0.7416666666666667 0.03333333333333333 0.043333333333333335
0 0.74 0.7383333333333333 0.051666666666666666 0.05416666666666667
0 0.4775 0.7358333333333333 0.050833333333333335 0.04666666666666667
0 0.4058333333333333 0.7141666666666666 0.043333333333333335 0.058333333333333334
0 0.6975 0.7108333333333333 0.03666666666666667 0.05416666666666667
0 0.5575 0.7041666666666667 0.03666666666666667 0.0675
0 0.6441666666666667 0.6575 0.021666666666666667 0.07916666666666666
0 0.6208333333333333 0.6433333333333333 0.015833333333333335 0.05583333333333333
0 0.6125 0.6341666666666667 0.02 0.08166666666666667
0 0.9925 0.5733333333333334 0.014166666666666666 0.0825