0 0.7583333333333333 0.5233333333333333 0.034166666666666665 0.03916666666666667
0 0.8116666666666666 0.5183333333333333 0.018333333333333333 0.08
0 0.79 0.5108333333333334 0.02666666666666667 0.06833333333333333
0 0.7558333333333334 0.5041666666666667 0.0375 0.0475
0 0.31333333333333335 0.9525 0.020833333333333332 0.0375
0 0.7341666666666666 0.4225 0.02 0.07333333333333333
0 0.7008333333333333 0.37583333333333335 0.02 0.04583333333333333
0 0.2891666666666667 0.9416666666666667 0.028333333333333332 0.05333333333333334
0 0.7175 0.3566666666666667 0.015833333333333335 0.0625
0 0.76 0.3383333333333333 0.04 0.060833333333333336
0 0.6883333333333334 0.3325 0.021666666666666667 0.07666666666666666
0 0.7033333333333334 0.32083333333333336 0.014166666666666666 0.08083333333333333
0 0.7275 0.30583333333333335 0.021666666666666667 0.07583333333333334
0 0.7125 0.30583333333333335 0.016666666666666666 0.0675
0 0.6858333333333333 0.2916666666666667 0.020833333333333332 0.07333333333333333
0 0.6766666666666666 0.28 0.020833333333333332 0.07166666666666667
0 0.7016666666666667 0.25833333333333336 0.016666666666666666 0.06833333333333333
0 0.6691666666666667 0.2375 0.014166666666666666 0.0675
0 0.695 0.2375 0.016666666666666666 0.041666666666666664
0 0.66 0.23083333333333333 0.018333333333333333 0.0475
0 0.6875 0.22083333333333333 0.020833333333333332 0.06583333333333333
0 0.6775 0.19833333333333333 0.020833333333333332 0.0325
0 0.665 0.19416666666666665 0.035833333333333335 0.04416666666666667
0 0.5108333333333334 0.18666666666666668 0.034166666666666665 0.043333333333333335
0 0.5333333333333333 0.18083333333333335 0.03166666666666667 0.03916666666666667
0 0.5458333333333333 0.155 0.04083333333333333 0.0325
0 0.2916666666666667 0.9166666666666666 0.03666666666666667 0.07
0 0.5366666666666666 0.12416666666666666 0.04 0.045
0 0.23583333333333334 0.9158333333333334 0.03833333333333333 0.04083333333333333
0 0.6616666666666666 0.1 0.03833333333333333 0.0425
0 0.6241666666666666 0.09916666666666667 0.04583333333333333 0.03833333333333333
0 0.6833333333333333 0.095 0.0375 0.043333333333333335
0 0.5991666666666666 0.08666666666666667 0.0475 0.034166666666666665
0 0.6383333333333333 0.07583333333333334 0.03333333333333333 0.035833333333333335
0 0.5658333333333333 0.065 0.0425 0.035833333333333335
0 0.6483333333333333 0.0625 0.035 0.0375
0 0.6158333333333333 0.056666666666666664 0.043333333333333335 0.02666666666666667
0 0.6591666666666667 0.05416666666666667 0.03916666666666667 0.034166666666666665
0 0.2608333333333333 0.9091666666666667 0.029166666666666667 0.04666666666666667
0 0.6608333333333334 0.0325 0.03916666666666667 0.03
0 0.675 0.021666666666666667 0.03333333333333333 0.03
0 0.6491666666666667 0.009166666666666667 0.03166666666666667 0.016666666666666666
0 0.21916666666666668 0.8925 0.02 0.07416666666666667
0 0.27416666666666667 0.9883333333333333 0.015833333333333335 0.0225
0 0.24166666666666667 0.87 0.018333333333333333 0.085
0 0.21083333333333334 0.8608333333333333 0.015833333333333335 0.07166666666666667
0 0.3491666666666667 0.8383333333333334 0.021666666666666667 0.07
0 0.2225 0.8166666666666667 0.021666666666666667 0.0825
0 0.30083333333333334 0.9808333333333333 0.020833333333333332 0.0375
0 0.42 0.7908333333333334 0.0225 0.041666666666666664
0 0.31916666666666665 0.9783333333333334 0.03833333333333333 0.04
0 0.425 0.7525 0.021666666666666667 0.045
0 0.41 0.7525 0.03333333333333333 0.06416666666666666
0 0.28583333333333333 0.9716666666666667 0.025 0.05333333333333334
0 0.24916666666666668 0.9666666666666667 0.019166666666666665 0.058333333333333334
0 0.8266666666666667 0.615 0.018333333333333333 0.07583333333333334
0 0.5475 0.5925 0.020833333333333332 0.0725
0 0.8366666666666667 0.5875 0.025833333333333333 0.07916666666666666
0 0.8158333333333333 0.5708333333333333 0.020833333333333332 0.06
0 0.2658333333333333 0.96 0.0175 0.05583333333333333
0 0.23333333333333334 0.96 0.014166666666666666 0.05416666666666667
0 0.22166666666666668 0.9583333333333334 0.0175 0.059166666666666666
0 0.7983333333333333 0.5416666666666666 0.021666666666666667 0.05583333333333333