0 0.5425 0.5433333333333333 0.043333333333333335 0.07833333333333334
0 0.6091666666666666 0.35333333333333333 0.025 0.1125
0 0.7725 0.33 0.03833333333333333 0.060833333333333336
0 0.5566666666666666 0.32916666666666666 0.023333333333333334 0.059166666666666666
0 0.5583333333333333 0.27166666666666667 0.025 0.105
0 0.15333333333333332 0.20833333333333334 0.051666666666666666 0.10916666666666666
0 0.6783333333333333 0.8591666666666666 0.028333333333333332 0.075
0 0.6666666666666666 0.8166666666666667 0.0175 0.07166666666666667
0 0.6491666666666667 0.7783333333333333 0.019166666666666665 0.07583333333333334
0 0.5558333333333333 0.7358333333333333 0.0375 0.035
0 0.6433333333333333 0.7233333333333334 0.025833333333333333 0.08166666666666667
0 0.525 0.7208333333333333 0.0475 0.05333333333333334
0 0.5841666666666666 0.7041666666666667 0.03666666666666667 0.05333333333333334
0 0.5441666666666667 0.7033333333333334 0.0525 0.0425
0 0.57 0.6691666666666667 0.0475 0.05
0 0.5233333333333333 0.665 0.03666666666666667 0.065
0 0.6525 0.6558333333333334 0.021666666666666667 0.07
0 0.5983333333333334 0.6475 0.024166666666666666 0.07916666666666666
0 0.5725 0.6283333333333333 0.03 0.0875
0 0.5433333333333333 0.6141666666666666 0.04833333333333333 0.056666666666666664
0 0.49666666666666665 0.575 0.03166666666666667 0.11833333333333333