0 0.0875 0.49333333333333335 0.06416666666666666 0.09
0 0.56 0.54 0.04583333333333333 0.12083333333333333
0 0.14333333333333334 0.555 0.03666666666666667 0.11833333333333333
0 0.056666666666666664 0.5575 0.07583333333333334 0.058333333333333334
0 0.09583333333333334 0.6258333333333334 0.085 0.06833333333333333
0 0.24416666666666667 0.7125 0.043333333333333335 0.11583333333333333
0 0.2633333333333333 0.8166666666666667 0.07666666666666666 0.06416666666666666
0 0.23666666666666666 0.8741666666666666 0.059166666666666666 0.07166666666666667
0 0.44416666666666665 0.8925 0.04 0.11916666666666667
0 0.6975 0.945 0.06416666666666666 0.07666666666666666
0 0.765 0.9583333333333334 0.03333333333333333 0.08166666666666667
0 0.8175 0.14666666666666667 0.056666666666666664 0.1025
0 0.1425 0.45166666666666666 0.06333333333333334 0.1025