0 0.4083333333333333 0.5416666666666666 0.019166666666666665 0.07083333333333333
0 0.5641666666666667 0.5358333333333334 0.034166666666666665 0.075
0 0.5225 0.5341666666666667 0.04583333333333333 0.03666666666666667
0 0.4425 0.5275 0.03833333333333333 0.049166666666666664
0 0.42916666666666664 0.525 0.035 0.0525
0 0.4658333333333333 0.5216666666666666 0.034166666666666665 0.049166666666666664
0 0.5066666666666667 0.5116666666666667 0.050833333333333335 0.030833333333333334
0 0.435 0.49333333333333335 0.041666666666666664 0.030833333333333334
0 0.3975 0.49333333333333335 0.03916666666666667 0.043333333333333335
0 0.6083333333333333 0.49083333333333334 0.028333333333333332 0.0625
0 0.5925 0.4891666666666667 0.03833333333333333 0.04083333333333333
0 0.505 0.4866666666666667 0.04083333333333333 0.035833333333333335
0 0.5383333333333333 0.485 0.030833333333333334 0.050833333333333335
0 0.4725 0.4775 0.04083333333333333 0.05583333333333333
0 0.495 0.4725 0.0375 0.05416666666666667
0 0.3883333333333333 0.46416666666666667 0.03916666666666667 0.045
0 0.43666666666666665 0.46416666666666667 0.04083333333333333 0.0475
0 0.45416666666666666 0.4625 0.03666666666666667 0.03916666666666667
0 0.3333333333333333 0.4583333333333333 0.03833333333333333 0.05416666666666667
0 0.54 0.45666666666666667 0.03166666666666667 0.03
0 0.42333333333333334 0.4525 0.035833333333333335 0.04
0 0.56 0.445 0.04416666666666667 0.049166666666666664
0 0.36333333333333334 0.445 0.0375 0.04
0 0.3883333333333333 0.44333333333333336 0.03833333333333333 0.04083333333333333
0 0.315 0.43416666666666665 0.043333333333333335 0.041666666666666664
0 0.47833333333333333 0.43333333333333335 0.0325 0.045
0 0.5066666666666667 0.42583333333333334 0.041666666666666664 0.04
0 0.5583333333333333 0.42333333333333334 0.04416666666666667 0.049166666666666664
0 0.4583333333333333 0.42333333333333334 0.045 0.043333333333333335
0 0.43583333333333335 0.4216666666666667 0.04583333333333333 0.049166666666666664
0 0.4225 0.4166666666666667 0.034166666666666665 0.051666666666666666
0 0.4116666666666667 0.41333333333333333 0.03666666666666667 0.04666666666666667
0 0.3933333333333333 0.41 0.0325 0.03666666666666667
0 0.32166666666666666 0.4041666666666667 0.034166666666666665 0.035833333333333335
0 0.5291666666666667 0.4025 0.0375 0.030833333333333334
0 0.49333333333333335 0.4025 0.030833333333333334 0.025
0 0.3491666666666667 0.3933333333333333 0.034166666666666665 0.05416666666666667
0 0.5658333333333333 0.39 0.04083333333333333 0.024166666666666666
0 0.515 0.38 0.034166666666666665 0.03
0 0.4033333333333333 0.37833333333333335 0.043333333333333335 0.03916666666666667
0 0.42916666666666664 0.37666666666666665 0.03666666666666667 0.03916666666666667
0 0.45416666666666666 0.37583333333333335 0.041666666666666664 0.04666666666666667
0 0.5516666666666666 0.37333333333333335 0.041666666666666664 0.028333333333333332
0 0.49416666666666664 0.37166666666666665 0.04416666666666667 0.03166666666666667
0 0.3825 0.37083333333333335 0.0425 0.050833333333333335
0 0.33166666666666667 0.37083333333333335 0.035833333333333335 0.0375
0 0.5408333333333334 0.3525 0.04083333333333333 0.028333333333333332
0 0.36833333333333335 0.3516666666666667 0.03666666666666667 0.03333333333333333
0 0.32666666666666666 0.3466666666666667 0.03166666666666667 0.04
0 0.4675 0.3458333333333333 0.04083333333333333 0.03
0 0.43166666666666664 0.3416666666666667 0.034166666666666665 0.04833333333333333
0 0.3908333333333333 0.3416666666666667 0.03916666666666667 0.0375
0 0.3516666666666667 0.3375 0.03333333333333333 0.0375
0 0.40166666666666667 0.33166666666666667 0.03 0.03666666666666667
0 0.3725 0.31166666666666665 0.03916666666666667 0.028333333333333332
0 0.3416666666666667 0.31083333333333335 0.043333333333333335 0.049166666666666664
0 0.32166666666666666 0.30666666666666664 0.0375 0.045
0 0.4125 0.30666666666666664 0.03916666666666667 0.029166666666666667
0 0.38416666666666666 0.295 0.035 0.028333333333333332
0 0.43583333333333335 0.2891666666666667 0.041666666666666664 0.03666666666666667
0 0.29083333333333333 0.2841666666666667 0.035833333333333335 0.049166666666666664
0 0.36333333333333334 0.2775 0.035 0.03
0 0.4 0.2733333333333333 0.03916666666666667 0.030833333333333334
0 0.3675 0.25583333333333336 0.034166666666666665 0.03916666666666667
0 0.3425 0.25333333333333335 0.034166666666666665 0.03166666666666667
0 0.295 0.24916666666666668 0.0425 0.035
0 0.31833333333333336 0.2375 0.04583333333333333 0.03333333333333333
0 0.36333333333333334 0.21166666666666667 0.04083333333333333 0.034166666666666665
0 0.2816666666666667 0.2075 0.0325 0.06333333333333334
0 0.2891666666666667 0.1625 0.04083333333333333 0.0425
0 0.215 0.885 0.0325 0.06583333333333333
0 0.17666666666666667 0.8566666666666667 0.050833333333333335 0.049166666666666664
0 0.24916666666666668 0.8508333333333333 0.04833333333333333 0.029166666666666667
0 0.6575 0.8241666666666667 0.018333333333333333 0.08083333333333333
0 0.23083333333333333 0.8216666666666667 0.049166666666666664 0.035833333333333335
0 0.1625 0.8075 0.03666666666666667 0.06333333333333334
0 0.11916666666666667 0.7991666666666667 0.05 0.05
0 0.4625 0.7983333333333333 0.0425 0.04833333333333333
0 0.13583333333333333 0.7891666666666667 0.0275 0.050833333333333335
0 0.4225 0.7816666666666666 0.04 0.04833333333333333
0 0.6425 0.7775 0.02 0.08583333333333333
0 0.46416666666666667 0.7758333333333334 0.03166666666666667 0.0375
0 0.42 0.7625 0.0325 0.060833333333333336
0 0.6275 0.7508333333333334 0.021666666666666667 0.0775
0 0.385 0.7383333333333333 0.04416666666666667 0.03666666666666667
0 0.3416666666666667 0.7166666666666667 0.04 0.03333333333333333
0 0.41583333333333333 0.7125 0.02666666666666667 0.06
0 0.38416666666666666 0.705 0.04666666666666667 0.035833333333333335
0 0.43416666666666665 0.6958333333333333 0.0275 0.0725
0 0.115 0.695 0.02 0.0525
0 0.6091666666666666 0.6858333333333333 0.023333333333333334 0.056666666666666664
0 0.35083333333333333 0.6858333333333333 0.05 0.0325
0 0.595 0.6783333333333333 0.024166666666666666 0.08
0 0.5983333333333334 0.6266666666666667 0.021666666666666667 0.0775
0 0.565 0.5966666666666667 0.0375 0.0475
0 0.5558333333333333 0.565 0.043333333333333335 0.04666666666666667
0 0.5825 0.5616666666666666 0.020833333333333332 0.058333333333333334