0 0.4816666666666667 0.5416666666666666 0.0225 0.0675
0 0.44166666666666665 0.5316666666666666 0.019166666666666665 0.08
0 0.39166666666666666 0.5258333333333334 0.016666666666666666 0.07333333333333333
0 0.28583333333333333 0.5225 0.025833333333333333 0.0775
0 0.4533333333333333 0.5091666666666667 0.015833333333333335 0.06833333333333333
0 0.2625 0.5075 0.030833333333333334 0.06166666666666667
0 0.3541666666666667 0.505 0.016666666666666666 0.0625
0 0.36666666666666664 0.5 0.016666666666666666 0.06333333333333334
0 0.38166666666666665 0.49666666666666665 0.015 0.065
0 0.24416666666666667 0.49666666666666665 0.025 0.06166666666666667
0 0.3333333333333333 0.4875 0.020833333333333332 0.060833333333333336
0 0.2625 0.4666666666666667 0.030833333333333334 0.07166666666666667
0 0.36333333333333334 0.4575 0.021666666666666667 0.06583333333333333
0 0.5091666666666667 0.4575 0.019166666666666665 0.0775
0 0.3358333333333333 0.4525 0.03 0.055
0 0.3491666666666667 0.44083333333333335 0.0275 0.06583333333333333
0 0.39416666666666667 0.43833333333333335 0.035 0.059166666666666666
0 0.27166666666666667 0.43583333333333335 0.024166666666666666 0.075
0 0.535 0.43083333333333335 0.0125 0.06
0 0.36916666666666664 0.42833333333333334 0.035833333333333335 0.059166666666666666
0 0.49666666666666665 0.4275 0.0175 0.0825
0 0.5216666666666666 0.42083333333333334 0.015 0.0825
0 0.5108333333333334 0.415 0.019166666666666665 0.08666666666666667
0 0.3025 0.4141666666666667 0.011666666666666667 0.055
0 0.535 0.4091666666666667 0.015833333333333335 0.06416666666666666
0 0.3325 0.3975 0.018333333333333333 0.07666666666666666
0 0.4766666666666667 0.38666666666666666 0.019166666666666665 0.06333333333333334
0 0.3675 0.37583333333333335 0.015833333333333335 0.06333333333333334
0 0.5416666666666666 0.3725 0.020833333333333332 0.07416666666666667
0 0.49083333333333334 0.36083333333333334 0.023333333333333334 0.08083333333333333
0 0.52 0.3566666666666667 0.0175 0.075
0 0.3575 0.3425 0.019166666666666665 0.0925
0 0.5308333333333334 0.3425 0.014166666666666666 0.0775
0 0.5 0.3358333333333333 0.015833333333333335 0.08666666666666667
0 0.5108333333333334 0.3258333333333333 0.014166666666666666 0.08583333333333333
0 0.545 0.3233333333333333 0.018333333333333333 0.0525
0 0.5708333333333333 0.32166666666666666 0.019166666666666665 0.08333333333333333
0 0.3416666666666667 0.30833333333333335 0.019166666666666665 0.08583333333333333
0 0.4766666666666667 0.30666666666666664 0.034166666666666665 0.045
0 0.38 0.30083333333333334 0.03666666666666667 0.06416666666666666
0 0.5241666666666667 0.2925 0.015833333333333335 0.06416666666666666
0 0.58 0.2875 0.016666666666666666 0.08916666666666667
0 0.4875 0.2866666666666667 0.018333333333333333 0.06416666666666666
0 0.32916666666666666 0.2808333333333333 0.023333333333333334 0.0875
0 0.5983333333333334 0.2783333333333333 0.0175 0.08166666666666667
0 0.4683333333333333 0.2775 0.020833333333333332 0.045
0 0.5583333333333333 0.26166666666666666 0.016666666666666666 0.08
0 0.5716666666666667 0.23916666666666667 0.018333333333333333 0.08416666666666667
0 0.5416666666666666 0.23416666666666666 0.018333333333333333 0.07583333333333334
0 0.6041666666666666 0.21416666666666667 0.019166666666666665 0.06916666666666667
0 0.5875 0.20666666666666667 0.019166666666666665 0.08333333333333333
0 0.5691666666666667 0.19166666666666668 0.020833333333333332 0.07666666666666666
0 0.5558333333333333 0.18083333333333335 0.015 0.0775
0 0.5791666666666667 0.12583333333333332 0.03 0.0625
0 0.1 0.06333333333333334 0.04083333333333333 0.07
0 0.0675 0.0375 0.043333333333333335 0.07166666666666667
0 0.5008333333333334 0.8325 0.02666666666666667 0.07
0 0.5266666666666666 0.8191666666666667 0.028333333333333332 0.0725
0 0.57 0.7958333333333333 0.034166666666666665 0.04416666666666667
0 0.4825 0.7775 0.0425 0.049166666666666664
0 0.5883333333333334 0.7733333333333333 0.034166666666666665 0.02666666666666667
0 0.5808333333333333 0.7525 0.041666666666666664 0.035
0 0.44916666666666666 0.7516666666666667 0.04666666666666667 0.03916666666666667
0 0.6041666666666666 0.7483333333333333 0.03833333333333333 0.03833333333333333
0 0.62 0.7458333333333333 0.04083333333333333 0.04416666666666667
0 0.5108333333333334 0.7383333333333333 0.045 0.03666666666666667
0 0.5516666666666666 0.7316666666666667 0.04 0.03
0 0.6341666666666667 0.7308333333333333 0.04083333333333333 0.051666666666666666
0 0.425 0.73 0.03666666666666667 0.0325
0 0.47 0.7216666666666667 0.03916666666666667 0.035833333333333335
0 0.5783333333333334 0.7208333333333333 0.041666666666666664 0.028333333333333332
0 0.6466666666666666 0.7166666666666667 0.0275 0.06333333333333334
0 0.43583333333333335 0.7141666666666666 0.043333333333333335 0.03333333333333333
0 0.6266666666666667 0.7091666666666666 0.035 0.0375
0 0.5375 0.7083333333333334 0.043333333333333335 0.035833333333333335
0 0.5933333333333334 0.7075 0.03666666666666667 0.03166666666666667
0 0.5958333333333333 0.6883333333333334 0.03333333333333333 0.035
0 0.5633333333333334 0.6875 0.03833333333333333 0.0325
0 0.39 0.6775 0.03666666666666667 0.05583333333333333
0 0.4091666666666667 0.6741666666666667 0.035833333333333335 0.04666666666666667
0 0.4425 0.6608333333333334 0.0275 0.06333333333333334
0 0.43083333333333335 0.6508333333333334 0.043333333333333335 0.04833333333333333
0 0.38083333333333336 0.6375 0.024166666666666666 0.0475
0 0.4166666666666667 0.6358333333333334 0.035833333333333335 0.0275
0 0.4716666666666667 0.6291666666666667 0.030833333333333334 0.08
0 0.4066666666666667 0.6216666666666667 0.03166666666666667 0.025833333333333333
0 0.36083333333333334 0.6216666666666667 0.021666666666666667 0.05333333333333334
0 0.38416666666666666 0.6216666666666667 0.0275 0.05416666666666667
0 0.44333333333333336 0.6108333333333333 0.04416666666666667 0.04666666666666667
0 0.41583333333333333 0.5916666666666667 0.035 0.03833333333333333
0 0.39916666666666667 0.5916666666666667 0.03833333333333333 0.0475
0 0.06916666666666667 0.5841666666666666 0.03666666666666667 0.08166666666666667
0 0.43583333333333335 0.5816666666666667 0.0425 0.043333333333333335
0 0.3575 0.5775 0.030833333333333334 0.08083333333333333
0 0.285 0.5733333333333334 0.03166666666666667 0.0725
0 0.4633333333333333 0.5708333333333333 0.029166666666666667 0.0675
0 0.37166666666666665 0.5683333333333334 0.029166666666666667 0.07583333333333334
0 0.4008333333333333 0.5558333333333333 0.020833333333333332 0.06416666666666666
0 0.041666666666666664 0.55 0.024166666666666666 0.06666666666666667
0 0.26416666666666666 0.5483333333333333 0.034166666666666665 0.07583333333333334
0 0.37833333333333335 0.5466666666666666 0.0175 0.06916666666666667