0 0.0375 0.060833333333333336 0.056666666666666664 0.07166666666666667
0 0.8641666666666666 0.6575 0.050833333333333335 0.08416666666666667
0 0.9316666666666666 0.6991666666666667 0.05583333333333333 0.06166666666666667
0 0.8741666666666666 0.7025 0.05416666666666667 0.08
0 0.8258333333333333 0.7325 0.04833333333333333 0.09583333333333334
0 0.8858333333333334 0.785 0.03916666666666667 0.11
0 0.25 0.7991666666666667 0.065 0.06416666666666666
0 0.52 0.8033333333333333 0.06583333333333333 0.06583333333333333
0 0.8025 0.8091666666666667 0.065 0.06583333333333333
0 0.205 0.8266666666666667 0.07083333333333333 0.05333333333333334
0 0.885 0.86 0.06416666666666666 0.049166666666666664
0 0.8108333333333333 0.20416666666666666 0.059166666666666666 0.07
0 0.985 0.21916666666666668 0.029166666666666667 0.049166666666666664
0 0.07166666666666667 0.025 0.045 0.049166666666666664
0 0.6216666666666667 0.31833333333333336 0.06166666666666667 0.0925