0 0.32416666666666666 0.46416666666666667 0.03166666666666667 0.05583333333333333
0 0.4425 0.4825 0.04 0.0625
0 0.465 0.4825 0.035833333333333335 0.059166666666666666
0 0.5533333333333333 0.485 0.05333333333333334 0.07
0 0.5091666666666667 0.5066666666666667 0.035833333333333335 0.075
0 0.48583333333333334 0.51 0.0325 0.06666666666666667
0 0.5375 0.5125 0.045 0.059166666666666666
0 0.4658333333333333 0.5183333333333333 0.034166666666666665 0.056666666666666664
0 0.5091666666666667 0.55 0.051666666666666666 0.04833333333333333
0 0.485 0.3358333333333333 0.04583333333333333 0.06
0 0.5175 0.3408333333333333 0.03833333333333333 0.06
0 0.41583333333333333 0.35833333333333334 0.05583333333333333 0.04
0 0.5008333333333334 0.3616666666666667 0.04083333333333333 0.035833333333333335
0 0.4625 0.3858333333333333 0.0425 0.049166666666666664
0 0.5458333333333333 0.38666666666666666 0.045 0.04
0 0.43666666666666665 0.3883333333333333 0.03833333333333333 0.04416666666666667
0 0.36583333333333334 0.38916666666666666 0.0475 0.06166666666666667
0 0.49333333333333335 0.3925 0.049166666666666664 0.035
0 0.41333333333333333 0.3933333333333333 0.04666666666666667 0.05416666666666667
0 0.5275 0.4033333333333333 0.03666666666666667 0.059166666666666666
0 0.56 0.41833333333333333 0.04666666666666667 0.06
0 0.49583333333333335 0.42583333333333334 0.041666666666666664 0.06666666666666667
0 0.4583333333333333 0.4275 0.0275 0.06
0 0.4775 0.4275 0.03166666666666667 0.058333333333333334
0 0.43583333333333335 0.44166666666666665 0.03 0.06916666666666667
0 0.3491666666666667 0.445 0.041666666666666664 0.0875
0 0.41833333333333333 0.44666666666666666 0.0325 0.08166666666666667
0 0.37416666666666665 0.44916666666666666 0.04583333333333333 0.07333333333333333
0 0.565 0.45416666666666666 0.04666666666666667 0.07166666666666667
0 0.395 0.45666666666666667 0.035833333333333335 0.06916666666666667
0 0.52 0.4583333333333333 0.04083333333333333 0.0425
0 0.495 0.46166666666666667 0.03833333333333333 0.06416666666666666