0 0.7066666666666667 0.4683333333333333 0.018333333333333333 0.043333333333333335
0 0.7608333333333334 0.47333333333333333 0.025 0.060833333333333336
0 0.6808333333333333 0.49 0.014166666666666666 0.06166666666666667
0 0.6941666666666667 0.4925 0.0175 0.06166666666666667
0 0.7508333333333334 0.49333333333333335 0.0175 0.056666666666666664
0 0.7275 0.5033333333333333 0.010833333333333334 0.04083333333333333
0 0.7183333333333334 0.5041666666666667 0.018333333333333333 0.0425
0 0.7116666666666667 0.515 0.023333333333333334 0.0675
0 0.6608333333333334 0.5208333333333334 0.025 0.06333333333333334
0 0.685 0.5233333333333333 0.015833333333333335 0.0525
0 0.5483333333333333 0.5241666666666667 0.0225 0.06333333333333334
0 0.6983333333333334 0.5466666666666666 0.015 0.058333333333333334
0 0.565 0.5516666666666666 0.018333333333333333 0.05333333333333334
0 0.7091666666666666 0.5533333333333333 0.0125 0.043333333333333335
0 0.5425 0.5666666666666667 0.016666666666666666 0.065
0 0.7208333333333333 0.5683333333333334 0.013333333333333334 0.0275
0 0.6841666666666667 0.57 0.019166666666666665 0.056666666666666664
0 0.6641666666666667 0.575 0.018333333333333333 0.065
0 0.5308333333333334 0.5783333333333334 0.015833333333333335 0.05416666666666667
0 0.5783333333333334 0.5808333333333333 0.010833333333333334 0.04
0 0.5508333333333333 0.5866666666666667 0.015 0.07166666666666667
0 0.4825 0.5933333333333334 0.02 0.059166666666666666
0 0.515 0.5941666666666666 0.020833333333333332 0.06583333333333333
0 0.5658333333333333 0.5966666666666667 0.02 0.07583333333333334
0 0.7108333333333333 0.5983333333333334 0.024166666666666666 0.06166666666666667
0 0.6866666666666666 0.6025 0.019166666666666665 0.06416666666666666
0 0.5875 0.6025 0.015833333333333335 0.07416666666666667
0 0.5283333333333333 0.6175 0.023333333333333334 0.058333333333333334
0 0.5566666666666666 0.6216666666666667 0.015 0.06166666666666667
0 0.6983333333333334 0.625 0.015833333333333335 0.06416666666666666
0 0.47333333333333333 0.6325 0.015833333333333335 0.058333333333333334
0 0.575 0.6358333333333334 0.0175 0.06
0 0.5316666666666666 0.6366666666666667 0.016666666666666666 0.06166666666666667
0 0.5125 0.6391666666666667 0.015 0.05333333333333334
0 0.7125 0.6516666666666666 0.015833333333333335 0.06333333333333334
0 0.4841666666666667 0.6533333333333333 0.020833333333333332 0.06416666666666666
0 0.5916666666666667 0.6625 0.020833333333333332 0.06333333333333334
0 0.495 0.6683333333333333 0.02 0.065
0 0.5191666666666667 0.6716666666666666 0.015833333333333335 0.06333333333333334
0 0.46 0.6725 0.019166666666666665 0.0675
0 0.5391666666666667 0.675 0.0175 0.0575
0 0.5766666666666667 0.6808333333333333 0.016666666666666666 0.041666666666666664
0 0.69 0.6891666666666667 0.018333333333333333 0.0675
0 0.7158333333333333 0.6933333333333334 0.025833333333333333 0.07
0 0.5033333333333333 0.7016666666666667 0.015833333333333335 0.08
0 0.46416666666666667 0.7058333333333333 0.02 0.07583333333333334
0 0.525 0.7066666666666667 0.02 0.06
0 0.475 0.7116666666666667 0.019166666666666665 0.06166666666666667
0 0.45166666666666666 0.7241666666666666 0.0175 0.06166666666666667
0 0.4891666666666667 0.7241666666666666 0.018333333333333333 0.06
0 0.45666666666666667 0.7825 0.02 0.075
0 0.9408333333333333 0.8133333333333334 0.04 0.05583333333333333
0 0.9616666666666667 0.82 0.0325 0.051666666666666666
0 0.8883333333333333 0.9208333333333333 0.041666666666666664 0.03833333333333333
0 0.5508333333333333 0.17166666666666666 0.0175 0.0425
0 0.53 0.17666666666666667 0.025833333333333333 0.0475
0 0.5491666666666667 0.20166666666666666 0.029166666666666667 0.023333333333333334
0 0.5283333333333333 0.20833333333333334 0.019166666666666665 0.0225
0 0.5841666666666666 0.22416666666666665 0.03 0.025
0 0.5466666666666666 0.225 0.029166666666666667 0.0225
0 0.5241666666666667 0.22666666666666666 0.0275 0.028333333333333332
0 0.4975 0.22833333333333333 0.02666666666666667 0.0225
0 0.5983333333333334 0.23166666666666666 0.028333333333333332 0.029166666666666667
0 0.48333333333333334 0.235 0.025 0.023333333333333334
0 0.5608333333333333 0.2425 0.030833333333333334 0.028333333333333332
0 0.47333333333333333 0.245 0.025 0.030833333333333334
0 0.6166666666666667 0.24666666666666667 0.029166666666666667 0.021666666666666667
0 0.5825 0.24916666666666668 0.035 0.02666666666666667
0 0.5 0.24916666666666668 0.0325 0.02666666666666667
0 0.45166666666666666 0.25 0.034166666666666665 0.029166666666666667
0 0.5283333333333333 0.25333333333333335 0.03166666666666667 0.0275
0 0.48 0.26416666666666666 0.023333333333333334 0.03333333333333333
0 0.6033333333333334 0.265 0.025833333333333333 0.02666666666666667
0 0.4583333333333333 0.2658333333333333 0.025833333333333333 0.028333333333333332
0 0.625 0.2658333333333333 0.0275 0.025833333333333333
0 0.5016666666666667 0.2708333333333333 0.03166666666666667 0.0325
0 0.5825 0.2891666666666667 0.016666666666666666 0.06583333333333333
0 0.6075 0.29 0.03833333333333333 0.03
0 0.6316666666666667 0.2925 0.029166666666666667 0.045
0 0.6533333333333333 0.3025 0.023333333333333334 0.04833333333333333
0 0.6241666666666666 0.31916666666666665 0.03166666666666667 0.035
0 0.6433333333333333 0.34 0.028333333333333332 0.03166666666666667
0 0.665 0.3575 0.024166666666666666 0.056666666666666664
0 0.6366666666666667 0.37 0.029166666666666667 0.030833333333333334
0 0.66 0.37833333333333335 0.029166666666666667 0.0525
0 0.9183333333333333 0.38 0.035 0.0625
0 0.5808333333333333 0.38166666666666665 0.019166666666666665 0.055
0 0.7408333333333333 0.3875 0.020833333333333332 0.05333333333333334
0 0.5991666666666666 0.4033333333333333 0.016666666666666666 0.05333333333333334
0 0.9458333333333333 0.405 0.024166666666666666 0.06
0 0.6591666666666667 0.405 0.0125 0.050833333333333335
0 0.7575 0.4066666666666667 0.019166666666666665 0.04666666666666667
0 0.6433333333333333 0.4091666666666667 0.019166666666666665 0.05583333333333333
0 0.7383333333333333 0.4241666666666667 0.025 0.06
0 0.6683333333333333 0.43 0.0175 0.050833333333333335
0 0.7758333333333334 0.43583333333333335 0.020833333333333332 0.050833333333333335
0 0.6866666666666666 0.44 0.019166666666666665 0.049166666666666664
0 0.7591666666666667 0.44166666666666665 0.021666666666666667 0.049166666666666664
0 0.6533333333333333 0.445 0.015 0.05583333333333333
0 0.5983333333333334 0.46166666666666667 0.02 0.07583333333333334
0 0.665 0.46166666666666667 0.014166666666666666 0.0575