0 0.7808333333333334 0.505 0.04583333333333333 0.1275
0 0.42916666666666664 0.6908333333333333 0.07416666666666667 0.058333333333333334
0 0.92 0.07083333333333333 0.04 0.14
0 0.87 0.7425 0.06 0.1025
0 0.9825 0.7641666666666667 0.03166666666666667 0.13166666666666665
0 0.3016666666666667 0.9408333333333333 0.07833333333333334 0.065
0 0.845 0.9775 0.056666666666666664 0.043333333333333335
0 0.1675 0.9833333333333333 0.07 0.0325
0 0.8741666666666666 0.12166666666666667 0.04416666666666667 0.13
0 0.3825 0.18666666666666668 0.058333333333333334 0.10333333333333333
0 0.31416666666666665 0.205 0.06 0.085
0 0.43416666666666665 0.23833333333333334 0.075 0.06833333333333333
0 0.9108333333333334 0.275 0.049166666666666664 0.125
0 0.2975 0.2825 0.07666666666666666 0.06333333333333334
0 0.4091666666666667 0.30583333333333335 0.06916666666666667 0.08833333333333333
0 0.4175 0.3525 0.0775 0.05583333333333333
0 0.3383333333333333 0.355 0.07583333333333334 0.07083333333333333
0 0.7633333333333333 0.35833333333333334 0.059166666666666666 0.1125