0 0.6858333333333333 0.48583333333333334 0.018333333333333333 0.08666666666666667
0 0.6733333333333333 0.48833333333333334 0.020833333333333332 0.06666666666666667
0 0.6316666666666667 0.49166666666666664 0.02666666666666667 0.07
0 0.6408333333333334 0.49333333333333335 0.0325 0.08666666666666667
0 0.6191666666666666 0.49583333333333335 0.014166666666666666 0.03
0 0.7 0.5091666666666667 0.016666666666666666 0.065
0 0.6666666666666666 0.52 0.0275 0.08333333333333333
0 0.6366666666666667 0.5258333333333334 0.0275 0.05333333333333334
0 0.6616666666666666 0.5491666666666667 0.019166666666666665 0.060833333333333336
0 0.6983333333333334 0.5516666666666666 0.03333333333333333 0.051666666666666666
0 0.6416666666666667 0.5683333333333334 0.029166666666666667 0.051666666666666666
0 0.6958333333333333 0.5858333333333333 0.035 0.056666666666666664
0 0.7208333333333333 0.59 0.018333333333333333 0.07083333333333333
0 0.68 0.59 0.019166666666666665 0.0625
0 0.7308333333333333 0.6008333333333333 0.029166666666666667 0.07916666666666666
0 0.6766666666666666 0.6291666666666667 0.024166666666666666 0.08916666666666667
0 0.7175 0.635 0.019166666666666665 0.056666666666666664
0 0.7 0.6383333333333333 0.025833333333333333 0.059166666666666666
0 0.6966666666666667 0.6608333333333334 0.023333333333333334 0.05583333333333333
0 0.7316666666666667 0.6675 0.0225 0.06
0 0.7225 0.6925 0.019166666666666665 0.065
0 0.69 0.6983333333333334 0.0175 0.065
0 0.7333333333333333 0.7183333333333334 0.01 0.028333333333333332
0 0.7091666666666666 0.7241666666666666 0.021666666666666667 0.060833333333333336
0 0.6883333333333334 0.7458333333333333 0.0225 0.07333333333333333
0 0.705 0.765 0.015 0.0625
0 0.09833333333333333 0.9466666666666667 0.0375 0.10333333333333333
0 0.14833333333333334 0.9841666666666666 0.04083333333333333 0.030833333333333334
0 0.6316666666666667 0.2225 0.025833333333333333 0.07916666666666666
0 0.6633333333333333 0.25666666666666665 0.02 0.07583333333333334
0 0.6566666666666666 0.26416666666666666 0.025 0.08166666666666667
0 0.6425 0.29083333333333333 0.024166666666666666 0.06916666666666667
0 0.6616666666666666 0.3416666666666667 0.018333333333333333 0.06583333333333333
0 0.6491666666666667 0.35583333333333333 0.018333333333333333 0.07
0 0.6858333333333333 0.36583333333333334 0.021666666666666667 0.07916666666666666
0 0.7058333333333333 0.38916666666666666 0.021666666666666667 0.0675
0 0.6575 0.3908333333333333 0.0175 0.055
0 0.6725 0.41583333333333333 0.019166666666666665 0.08583333333333333
0 0.6466666666666666 0.4175 0.018333333333333333 0.049166666666666664
0 0.6908333333333333 0.43166666666666664 0.016666666666666666 0.0525
0 0.7016666666666667 0.44 0.0175 0.06333333333333334
0 0.6408333333333334 0.4475 0.029166666666666667 0.08166666666666667
0 0.6616666666666666 0.4525 0.018333333333333333 0.07583333333333334