0 0.3983333333333333 0.49416666666666664 0.04833333333333333 0.10666666666666667
0 0.9233333333333333 0.4575 0.07 0.11916666666666667
0 0.34833333333333333 0.4575 0.0475 0.1225
0 0.44333333333333336 0.45666666666666667 0.0625 0.105
0 0.9783333333333334 0.42833333333333334 0.04 0.09666666666666666
0 0.8691666666666666 0.4091666666666667 0.085 0.09666666666666666
0 0.18583333333333332 0.4033333333333333 0.050833333333333335 0.12666666666666668
0 0.25416666666666665 0.38166666666666665 0.0375 0.13333333333333333
0 0.37666666666666665 0.37083333333333335 0.056666666666666664 0.11666666666666667
0 0.8966666666666666 0.3325 0.085 0.08416666666666667
0 0.20916666666666667 0.2975 0.04 0.14833333333333334
0 0.5183333333333333 0.285 0.04583333333333333 0.12333333333333334
0 0.88 0.27416666666666667 0.08916666666666667 0.0625
0 0.96 0.2725 0.07666666666666666 0.07833333333333334
0 0.49833333333333335 0.12 0.0425 0.13166666666666665
0 0.45166666666666666 0.7516666666666667 0.06583333333333333 0.07416666666666667