0 0.6766666666666666 0.495 0.06666666666666667 0.10666666666666667
0 0.29583333333333334 0.37833333333333335 0.0725 0.07333333333333333
0 0.9808333333333333 0.3566666666666667 0.0375 0.06833333333333333
0 0.26916666666666667 0.30416666666666664 0.07083333333333333 0.08916666666666667
0 0.98 0.29833333333333334 0.03916666666666667 0.06416666666666666
0 0.34833333333333333 0.2866666666666667 0.0725 0.0675
0 0.31416666666666665 0.23583333333333334 0.06833333333333333 0.06916666666666667
0 0.3441666666666667 0.16583333333333333 0.06916666666666667 0.1075
0 0.30333333333333334 0.15333333333333332 0.045 0.12583333333333332
0 0.9283333333333333 0.9125 0.07416666666666667 0.0975
0 0.36916666666666664 0.11833333333333333 0.07416666666666667 0.10583333333333333
0 0.6791666666666667 0.91 0.06833333333333333 0.08833333333333333
0 0.5941666666666666 0.0525 0.0775 0.07833333333333334
0 0.6466666666666666 0.8516666666666667 0.06666666666666667 0.07583333333333334
0 0.7258333333333333 0.8441666666666666 0.08166666666666667 0.07583333333333334
0 0.59 0.8075 0.075 0.07166666666666667
0 0.34833333333333333 0.705 0.04666666666666667 0.1225
0 0.7 0.6425 0.0675 0.08083333333333333
0 0.91 0.6266666666666667 0.07 0.09916666666666667
0 0.7241666666666666 0.9583333333333334 0.06833333333333333 0.08