0 0.37166666666666665 0.45666666666666667 0.013333333333333334 0.058333333333333334
0 0.9875 0.45916666666666667 0.021666666666666667 0.045
0 0.3491666666666667 0.46166666666666667 0.013333333333333334 0.05583333333333333
0 0.20083333333333334 0.4633333333333333 0.019166666666666665 0.0525
0 0.31083333333333335 0.4658333333333333 0.015833333333333335 0.06833333333333333
0 0.17583333333333334 0.4708333333333333 0.0275 0.0625
0 0.36333333333333334 0.475 0.010833333333333334 0.05
0 0.2625 0.47583333333333333 0.0225 0.04833333333333333
0 0.3875 0.47583333333333333 0.013333333333333334 0.055
0 0.7091666666666666 0.4816666666666667 0.018333333333333333 0.06
0 0.215 0.4825 0.025 0.0675
0 0.32416666666666666 0.49166666666666664 0.015833333333333335 0.050833333333333335
0 0.3458333333333333 0.49333333333333335 0.0125 0.04
0 0.3566666666666667 0.49916666666666665 0.010833333333333334 0.056666666666666664
0 0.33666666666666667 0.5016666666666667 0.013333333333333334 0.065
0 0.23333333333333334 0.5058333333333334 0.025833333333333333 0.06
0 0.37416666666666665 0.5083333333333333 0.013333333333333334 0.07833333333333334
0 0.7025 0.5091666666666667 0.023333333333333334 0.045
0 0.72 0.5141666666666667 0.014166666666666666 0.059166666666666666
0 0.2625 0.515 0.020833333333333332 0.04833333333333333
0 0.9783333333333334 0.5166666666666667 0.03916666666666667 0.059166666666666666
0 0.21333333333333335 0.5166666666666667 0.0375 0.0375
0 0.28 0.5216666666666666 0.018333333333333333 0.06333333333333334
0 0.35 0.5325 0.018333333333333333 0.043333333333333335
0 0.37166666666666665 0.535 0.025 0.06916666666666667
0 0.3025 0.5383333333333333 0.029166666666666667 0.0675
0 0.32916666666666666 0.5391666666666667 0.0225 0.050833333333333335
0 0.7008333333333333 0.54 0.020833333333333332 0.06
0 0.9883333333333333 0.5416666666666666 0.0225 0.06416666666666666
0 0.25833333333333336 0.5475 0.018333333333333333 0.04416666666666667
0 0.9725 0.5525 0.030833333333333334 0.06583333333333333
0 0.7433333333333333 0.555 0.019166666666666665 0.04083333333333333
0 0.2225 0.5558333333333333 0.04083333333333333 0.0375
0 0.7325 0.5583333333333333 0.02666666666666667 0.04666666666666667
0 0.24583333333333332 0.5625 0.029166666666666667 0.060833333333333336
0 0.3516666666666667 0.5633333333333334 0.025 0.045
0 0.2758333333333333 0.565 0.030833333333333334 0.055
0 0.37 0.5658333333333333 0.02666666666666667 0.051666666666666666
0 0.7633333333333333 0.5658333333333333 0.020833333333333332 0.05
0 0.29583333333333334 0.5666666666666667 0.025833333333333333 0.06416666666666666
0 0.72 0.5691666666666667 0.020833333333333332 0.051666666666666666
0 0.9458333333333333 0.5766666666666667 0.035833333333333335 0.06166666666666667
0 0.7816666666666666 0.5783333333333334 0.021666666666666667 0.034166666666666665
0 0.26666666666666666 0.5833333333333334 0.0325 0.035
0 0.7608333333333334 0.5908333333333333 0.025 0.04083333333333333
0 0.37333333333333335 0.5991666666666666 0.028333333333333332 0.025
0 0.745 0.6 0.029166666666666667 0.03666666666666667
0 0.36 0.605 0.02666666666666667 0.0275
0 0.785 0.6108333333333333 0.023333333333333334 0.0525
0 0.7391666666666666 0.6175 0.03333333333333333 0.035
0 0.945 0.6275 0.02666666666666667 0.06583333333333333
0 0.7708333333333334 0.6341666666666667 0.028333333333333332 0.035833333333333335
0 0.7841666666666667 0.6358333333333334 0.02666666666666667 0.04583333333333333
0 0.8091666666666667 0.6383333333333333 0.021666666666666667 0.07166666666666667
0 0.7508333333333334 0.655 0.03166666666666667 0.04666666666666667
0 0.825 0.6583333333333333 0.015 0.023333333333333334
0 0.7816666666666666 0.6675 0.03 0.03666666666666667
0 0.8308333333333333 0.6875 0.0225 0.04416666666666667
0 0.8083333333333333 0.6875 0.023333333333333334 0.043333333333333335
0 0.8283333333333334 0.7116666666666667 0.0225 0.05333333333333334
0 0.8058333333333333 0.7241666666666666 0.029166666666666667 0.058333333333333334
0 0.8308333333333333 0.7591666666666667 0.0225 0.05333333333333334
0 0.8125 0.7725 0.029166666666666667 0.035833333333333335
0 0.8441666666666666 0.7758333333333334 0.014166666666666666 0.051666666666666666
0 0.825 0.81 0.0325 0.04083333333333333
0 0.8408333333333333 0.8141666666666667 0.020833333333333332 0.056666666666666664
0 0.8575 0.8283333333333334 0.0175 0.050833333333333335
0 0.8183333333333334 0.8308333333333333 0.0225 0.035833333333333335
0 0.8725 0.8391666666666666 0.024166666666666666 0.04
0 0.84 0.8425 0.0225 0.0275
0 0.8183333333333334 0.8525 0.029166666666666667 0.04583333333333333
0 0.8483333333333334 0.8733333333333333 0.035833333333333335 0.045
0 0.84 0.8775 0.0225 0.029166666666666667
0 0.8683333333333333 0.8825 0.024166666666666666 0.050833333333333335
0 0.8825 0.8908333333333334 0.024166666666666666 0.060833333333333336
0 0.9958333333333333 0.1325 0.005 0.025
0 0.9408333333333333 0.006666666666666667 0.013333333333333334 0.013333333333333334
0 0.985 0.17083333333333334 0.02666666666666667 0.06166666666666667
0 0.9841666666666666 0.2225 0.028333333333333332 0.041666666666666664
0 0.9891666666666666 0.23833333333333334 0.020833333333333332 0.0375
0 0.9683333333333334 0.2525 0.04416666666666667 0.04
0 0.35083333333333333 0.3416666666666667 0.02 0.051666666666666666
0 0.37583333333333335 0.3475 0.018333333333333333 0.07083333333333333
0 0.15333333333333332 0.35833333333333334 0.03 0.03916666666666667
0 0.37 0.37333333333333335 0.013333333333333334 0.06916666666666667
0 0.8541666666666666 0.3883333333333333 0.025833333333333333 0.06166666666666667
0 0.3591666666666667 0.38916666666666666 0.0125 0.059166666666666666
0 0.3333333333333333 0.39416666666666667 0.015833333333333335 0.05333333333333334
0 0.3858333333333333 0.39666666666666667 0.018333333333333333 0.06916666666666667
0 0.16666666666666666 0.39666666666666667 0.023333333333333334 0.049166666666666664
0 0.18916666666666668 0.4041666666666667 0.0275 0.06416666666666666
0 0.35 0.4191666666666667 0.014166666666666666 0.05416666666666667
0 0.4075 0.42333333333333334 0.03166666666666667 0.030833333333333334
0 0.32083333333333336 0.43 0.013333333333333334 0.065
0 0.33916666666666667 0.43166666666666664 0.0125 0.06166666666666667
0 0.3625 0.43666666666666665 0.015833333333333335 0.05333333333333334
0 0.17083333333333334 0.43666666666666665 0.035 0.051666666666666666
0 0.185 0.43833333333333335 0.019166666666666665 0.051666666666666666
0 0.385 0.44583333333333336 0.013333333333333334 0.0575
0 0.1575 0.4483333333333333 0.015833333333333335 0.0475
0 0.2991666666666667 0.45 0.014166666666666666 0.0725
0 0.33 0.455 0.013333333333333334 0.055