0 0.505 0.4141666666666667 0.043333333333333335 0.06
0 0.5333333333333333 0.4033333333333333 0.03666666666666667 0.06166666666666667
0 0.4975 0.37833333333333335 0.025833333333333333 0.09333333333333334
0 0.5275 0.3616666666666667 0.02666666666666667 0.05583333333333333
0 0.545 0.36083333333333334 0.03333333333333333 0.05416666666666667
0 0.5166666666666667 0.3591666666666667 0.021666666666666667 0.06833333333333333
0 0.785 0.3358333333333333 0.04083333333333333 0.07416666666666667
0 0.8191666666666667 0.325 0.023333333333333334 0.085
0 0.5125 0.3075 0.0225 0.06583333333333333
0 0.7825 0.305 0.02666666666666667 0.08666666666666667
0 0.795 0.2783333333333333 0.030833333333333334 0.07
0 0.4075 0.275 0.028333333333333332 0.08666666666666667
0 0.7233333333333334 0.23333333333333334 0.045 0.0675
0 0.9233333333333333 0.1775 0.04 0.065
0 0.9425 0.16 0.03916666666666667 0.06166666666666667
0 0.265 0.15916666666666668 0.02 0.08666666666666667
0 0.2375 0.10083333333333333 0.034166666666666665 0.06916666666666667
0 0.2575 0.10083333333333333 0.0225 0.0925
0 0.29 0.10083333333333333 0.03333333333333333 0.035
0 0.22416666666666665 0.07916666666666666 0.03 0.056666666666666664
0 0.4866666666666667 0.915 0.04416666666666667 0.0475
0 0.2425 0.04 0.025833333333333333 0.07083333333333333
0 0.1925 0.04 0.04666666666666667 0.04416666666666667
0 0.22583333333333333 0.03 0.0275 0.059166666666666666
0 0.16666666666666666 0.0225 0.03833333333333333 0.04083333333333333
0 0.18333333333333332 0.015 0.03333333333333333 0.02666666666666667
0 0.20916666666666667 0.011666666666666667 0.03166666666666667 0.02
0 0.55 0.8908333333333334 0.025 0.07666666666666666
0 0.485 0.8883333333333333 0.04083333333333333 0.05
0 0.45666666666666667 0.8666666666666667 0.028333333333333332 0.0675
0 0.48333333333333334 0.8525 0.023333333333333334 0.07416666666666667
0 0.45666666666666667 0.8391666666666666 0.0275 0.07083333333333333
0 0.43333333333333335 0.8308333333333333 0.023333333333333334 0.0775
0 0.44916666666666666 0.78 0.02 0.115
0 0.43666666666666665 0.7766666666666666 0.020833333333333332 0.1