0 0.99 0.4875 0.016666666666666666 0.085
0 0.5091666666666667 0.5091666666666667 0.05416666666666667 0.14166666666666666
0 0.8608333333333333 0.6058333333333333 0.055 0.13666666666666666
0 0.845 0.7075 0.07 0.13416666666666666
0 0.905 0.8016666666666666 0.07 0.11666666666666667
0 0.6366666666666667 0.8058333333333333 0.04583333333333333 0.14166666666666666
0 0.38 0.8466666666666667 0.07 0.08833333333333333
0 0.29333333333333333 0.91 0.0475 0.145
0 0.32083333333333336 0.07666666666666666 0.055 0.15333333333333332
0 0.27166666666666667 0.09583333333333334 0.05333333333333334 0.15583333333333332
0 0.9716666666666667 0.2891666666666667 0.05333333333333334 0.11833333333333333
0 0.2833333333333333 0.31916666666666665 0.06166666666666667 0.13333333333333333
0 0.9725 0.38916666666666666 0.051666666666666666 0.095
0 0.5525 0.43916666666666665 0.04583333333333333 0.13416666666666666