0 0.2708333333333333 0.515 0.025 0.0625
0 0.6625 0.9666666666666667 0.020833333333333332 0.04833333333333333
0 0.74 0.9633333333333334 0.018333333333333333 0.0725
0 0.2683333333333333 0.4666666666666667 0.023333333333333334 0.055
0 0.285 0.44916666666666666 0.025 0.06166666666666667
0 0.21333333333333335 0.4216666666666667 0.043333333333333335 0.0675
0 0.25583333333333336 0.4091666666666667 0.015 0.0825
0 0.26916666666666667 0.4083333333333333 0.018333333333333333 0.07416666666666667
0 0.2875 0.4075 0.034166666666666665 0.065
0 0.7008333333333333 0.9583333333333334 0.02 0.05416666666666667
0 0.295 0.37166666666666665 0.025833333333333333 0.08083333333333333
0 0.31166666666666665 0.35083333333333333 0.024166666666666666 0.060833333333333336
0 0.27 0.3441666666666667 0.0225 0.07333333333333333
0 0.275 0.3358333333333333 0.014166666666666666 0.04666666666666667
0 0.2991666666666667 0.33 0.016666666666666666 0.0675
0 0.31416666666666665 0.30916666666666665 0.028333333333333332 0.0725
0 0.2816666666666667 0.2941666666666667 0.0225 0.075
0 0.6833333333333333 0.9466666666666667 0.018333333333333333 0.05333333333333334
0 0.4558333333333333 0.26416666666666666 0.035833333333333335 0.0475
0 0.7358333333333333 0.9441666666666667 0.021666666666666667 0.0525
0 0.43583333333333335 0.25833333333333336 0.03166666666666667 0.0375
0 0.425 0.23166666666666666 0.03333333333333333 0.03333333333333333
0 0.445 0.225 0.034166666666666665 0.03666666666666667
0 0.4608333333333333 0.22083333333333333 0.0275 0.04
0 0.47833333333333333 0.21416666666666667 0.03166666666666667 0.05416666666666667
0 0.5108333333333334 0.20416666666666666 0.03916666666666667 0.06583333333333333
0 0.4375 0.19583333333333333 0.029166666666666667 0.03333333333333333
0 0.4166666666666667 0.1925 0.03166666666666667 0.05416666666666667
0 0.7158333333333333 0.9366666666666666 0.015833333333333335 0.08333333333333333
0 0.44666666666666666 0.18416666666666667 0.03166666666666667 0.04
0 0.48 0.1775 0.018333333333333333 0.06833333333333333
0 0.4166666666666667 0.17083333333333334 0.0275 0.041666666666666664
0 0.4375 0.14833333333333334 0.030833333333333334 0.0475
0 0.4633333333333333 0.145 0.025833333333333333 0.0725
0 0.415 0.13916666666666666 0.030833333333333334 0.059166666666666666
0 0.44916666666666666 0.13833333333333334 0.03 0.035833333333333335
0 0.73 0.9108333333333334 0.016666666666666666 0.05583333333333333
0 0.7333333333333333 0.895 0.021666666666666667 0.07583333333333334
0 0.665 0.9958333333333333 0.016666666666666666 0.0075
0 0.6191666666666666 0.8783333333333333 0.025 0.0725
0 0.5683333333333334 0.87 0.0325 0.03
0 0.5425 0.8575 0.025 0.07833333333333334
0 0.6441666666666667 0.9925 0.025 0.011666666666666667
0 0.5375 0.8433333333333334 0.013333333333333334 0.025833333333333333
0 0.68 0.99 0.0175 0.019166666666666665
0 0.16166666666666665 0.7266666666666667 0.016666666666666666 0.0625
0 0.6725 0.9883333333333333 0.018333333333333333 0.0225
0 0.43916666666666665 0.7141666666666666 0.028333333333333332 0.09416666666666666
0 0.1725 0.6958333333333333 0.023333333333333334 0.07
0 0.7 0.9783333333333334 0.02 0.0425
0 0.6566666666666666 0.9833333333333333 0.015833333333333335 0.024166666666666666
0 0.185 0.6425 0.016666666666666666 0.0675
0 0.175 0.6241666666666666 0.02666666666666667 0.08833333333333333
0 0.2025 0.6191666666666666 0.023333333333333334 0.085
0 0.2325 0.5941666666666666 0.029166666666666667 0.04416666666666667
0 0.2783333333333333 0.5891666666666666 0.03 0.08083333333333333
0 0.25333333333333335 0.565 0.021666666666666667 0.0825