0 0.20166666666666666 0.9541666666666667 0.030833333333333334 0.058333333333333334
0 0.22666666666666666 0.9541666666666667 0.0225 0.0725
0 0.18083333333333335 0.9391666666666667 0.018333333333333333 0.05
0 0.20916666666666667 0.9383333333333334 0.018333333333333333 0.06
0 0.23666666666666666 0.9325 0.025 0.06
0 0.195 0.9066666666666666 0.016666666666666666 0.045
0 0.20916666666666667 0.8925 0.021666666666666667 0.06416666666666666
0 0.24 0.8841666666666667 0.019166666666666665 0.05416666666666667
0 0.23083333333333333 0.8808333333333334 0.023333333333333334 0.07166666666666667
0 0.255 0.87 0.016666666666666666 0.06583333333333333
0 0.17916666666666667 0.8358333333333333 0.0375 0.035
0 0.23583333333333334 0.8275 0.019166666666666665 0.060833333333333336
0 0.20916666666666667 0.8183333333333334 0.0425 0.030833333333333334
0 0.21083333333333334 0.9825 0.025 0.03166666666666667
0 0.18416666666666667 0.9808333333333333 0.018333333333333333 0.035
0 0.1775 0.7916666666666666 0.03833333333333333 0.04083333333333333