0 0.7075 0.4608333333333333 0.035833333333333335 0.043333333333333335
0 0.20083333333333334 0.4675 0.03166666666666667 0.060833333333333336
0 0.4483333333333333 0.4708333333333333 0.0425 0.05333333333333334
0 0.7525 0.48 0.035833333333333335 0.07083333333333333
0 0.7091666666666666 0.485 0.03916666666666667 0.06416666666666666
0 0.6783333333333333 0.5016666666666667 0.025833333333333333 0.0825
0 0.6083333333333333 0.5041666666666667 0.0325 0.07333333333333333
0 0.7158333333333333 0.5083333333333333 0.02 0.0825
0 0.7 0.5441666666666667 0.016666666666666666 0.07416666666666667
0 0.685 0.5691666666666667 0.020833333333333332 0.07833333333333334
0 0.7275 0.5808333333333333 0.0225 0.08166666666666667
0 0.71 0.5858333333333333 0.0175 0.06333333333333334
0 0.5775 0.5875 0.020833333333333332 0.08666666666666667
0 0.67 0.6033333333333334 0.023333333333333334 0.075
0 0.72 0.6091666666666666 0.020833333333333332 0.08333333333333333
0 0.5633333333333334 0.6108333333333333 0.021666666666666667 0.07666666666666666
0 0.7016666666666667 0.6191666666666666 0.02 0.07666666666666666
0 0.685 0.6258333333333334 0.018333333333333333 0.06166666666666667
0 0.7341666666666666 0.635 0.019166666666666665 0.0725
0 0.5766666666666667 0.6441666666666667 0.03 0.08666666666666667
0 0.2708333333333333 0.6483333333333333 0.041666666666666664 0.065
0 0.6975 0.67 0.025 0.07916666666666666
0 0.7283333333333334 0.6775 0.0225 0.07666666666666666
0 0.715 0.6908333333333333 0.025 0.06833333333333333
0 0.4866666666666667 0.6966666666666667 0.03 0.07666666666666666
0 0.2425 0.8858333333333334 0.029166666666666667 0.06833333333333333
0 0.22833333333333333 0.9008333333333334 0.0325 0.07833333333333334
0 0.2725 0.9283333333333333 0.03833333333333333 0.055
0 0.15833333333333333 0.07583333333333334 0.019166666666666665 0.07333333333333333
0 0.31416666666666665 0.9408333333333333 0.03833333333333333 0.0575
0 0.25 0.9516666666666667 0.02 0.07583333333333334
0 0.275 0.9566666666666667 0.03 0.0575
0 0.27666666666666667 0.9758333333333333 0.035833333333333335 0.0475
0 0.18166666666666667 0.11833333333333333 0.025833333333333333 0.0775
0 0.15916666666666668 0.1325 0.02666666666666667 0.059166666666666666
0 0.2125 0.1475 0.02666666666666667 0.06333333333333334
0 0.22666666666666666 0.15916666666666668 0.028333333333333332 0.07416666666666667
0 0.19666666666666666 0.1775 0.0225 0.04666666666666667
0 0.1675 0.18333333333333332 0.025 0.05333333333333334
0 0.2425 0.19666666666666666 0.019166666666666665 0.075
0 0.2075 0.2175 0.0225 0.07
0 0.2658333333333333 0.225 0.02666666666666667 0.08083333333333333
0 0.195 0.225 0.015833333333333335 0.0625
0 0.7675 0.23666666666666666 0.03916666666666667 0.0475
0 0.25916666666666666 0.23666666666666666 0.02666666666666667 0.09083333333333334
0 0.17416666666666666 0.23833333333333334 0.024166666666666666 0.06666666666666667
0 0.29 0.2625 0.0325 0.035833333333333335
0 0.20333333333333334 0.2675 0.0325 0.065
0 0.7733333333333333 0.27416666666666667 0.03 0.06833333333333333
0 0.22833333333333333 0.2808333333333333 0.016666666666666666 0.08166666666666667
0 0.7058333333333333 0.2841666666666667 0.028333333333333332 0.07833333333333334
0 0.2941666666666667 0.2925 0.04583333333333333 0.045
0 0.335 0.29583333333333334 0.041666666666666664 0.041666666666666664
0 0.21166666666666667 0.30333333333333334 0.021666666666666667 0.07666666666666666
0 0.7683333333333333 0.3075 0.034166666666666665 0.07833333333333334
0 0.7141666666666666 0.3125 0.03 0.07333333333333333
0 0.7525 0.31583333333333335 0.025833333333333333 0.051666666666666666
0 0.32916666666666666 0.31833333333333336 0.0325 0.05583333333333333
0 0.73 0.32666666666666666 0.021666666666666667 0.08583333333333333
0 0.23083333333333333 0.3333333333333333 0.028333333333333332 0.06333333333333334
0 0.1925 0.335 0.025 0.07666666666666666
0 0.25416666666666665 0.33916666666666667 0.02666666666666667 0.05583333333333333
0 0.36333333333333334 0.3441666666666667 0.041666666666666664 0.04833333333333333
0 0.755 0.3475 0.021666666666666667 0.065
0 0.7175 0.3491666666666667 0.025833333333333333 0.07
0 0.18083333333333335 0.36 0.025 0.075
0 0.2825 0.36 0.03666666666666667 0.065
0 0.76 0.3641666666666667 0.0325 0.075
0 0.7325 0.37916666666666665 0.03333333333333333 0.06333333333333334
0 0.3933333333333333 0.38083333333333336 0.029166666666666667 0.0775
0 0.695 0.3975 0.029166666666666667 0.04833333333333333
0 0.29833333333333334 0.4058333333333333 0.0425 0.034166666666666665
0 0.225 0.4075 0.03916666666666667 0.049166666666666664
0 0.285 0.4141666666666667 0.04 0.050833333333333335
0 0.19583333333333333 0.415 0.021666666666666667 0.07166666666666667
0 0.7608333333333334 0.42 0.024166666666666666 0.07833333333333334
0 0.7233333333333334 0.42083333333333334 0.03666666666666667 0.0525
0 0.735 0.4266666666666667 0.02666666666666667 0.0675
0 0.6991666666666667 0.43083333333333335 0.03666666666666667 0.058333333333333334
0 0.21166666666666667 0.44166666666666665 0.0225 0.06833333333333333