0 0.7466666666666667 0.5208333333333334 0.034166666666666665 0.0675
0 0.8075 0.6241666666666666 0.04583333333333333 0.035833333333333335
0 0.8208333333333333 0.65 0.041666666666666664 0.0325
0 0.8083333333333333 0.6641666666666667 0.0375 0.030833333333333334
0 0.7766666666666666 0.6758333333333333 0.0425 0.04416666666666667
0 0.8358333333333333 0.68 0.0225 0.0375
0 0.8125 0.685 0.03833333333333333 0.029166666666666667
0 0.775 0.6983333333333334 0.043333333333333335 0.035833333333333335
0 0.8283333333333334 0.7175 0.04583333333333333 0.05
0 0.7783333333333333 0.7233333333333334 0.035 0.035833333333333335
0 0.7508333333333334 0.73 0.0225 0.08416666666666667
0 0.8125 0.7316666666666667 0.04 0.034166666666666665
0 0.8258333333333333 0.7508333333333334 0.035833333333333335 0.024166666666666666
0 0.77 0.7558333333333334 0.028333333333333332 0.058333333333333334
0 0.86 0.7583333333333333 0.025833333333333333 0.06666666666666667
0 0.7916666666666666 0.7608333333333334 0.03333333333333333 0.034166666666666665
0 0.7691666666666667 0.795 0.043333333333333335 0.03333333333333333
0 0.8066666666666666 0.7975 0.043333333333333335 0.051666666666666666
0 0.7183333333333334 0.8166666666666667 0.025 0.06666666666666667
0 0.8558333333333333 0.8191666666666667 0.025 0.085
0 0.7733333333333333 0.8233333333333334 0.04833333333333333 0.034166666666666665
0 0.8183333333333334 0.8341666666666666 0.04666666666666667 0.058333333333333334
0 0.7041666666666667 0.8441666666666666 0.030833333333333334 0.05333333333333334
0 0.7208333333333333 0.8575 0.03666666666666667 0.0475
0 0.685 0.8641666666666666 0.045 0.0475
0 0.82 0.8641666666666666 0.04416666666666667 0.05333333333333334
0 0.735 0.8708333333333333 0.035 0.03666666666666667
0 0.8533333333333334 0.89 0.02666666666666667 0.06416666666666666
0 0.7358333333333333 0.8941666666666667 0.04083333333333333 0.04416666666666667
0 0.81 0.8941666666666667 0.04083333333333333 0.07166666666666667
0 0.705 0.8991666666666667 0.03166666666666667 0.05
0 0.8416666666666667 0.915 0.025833333333333333 0.06583333333333333
0 0.8308333333333333 0.955 0.025833333333333333 0.08916666666666667
0 0.2608333333333333 0.12916666666666668 0.025833333333333333 0.0425
0 0.21666666666666667 0.13166666666666665 0.0225 0.07083333333333333
0 0.24416666666666667 0.13833333333333334 0.02 0.07083333333333333
0 0.23 0.16166666666666665 0.0175 0.04666666666666667
0 0.25 0.1675 0.02666666666666667 0.05
0 0.21666666666666667 0.1725 0.015 0.0525
0 0.26166666666666666 0.18333333333333332 0.019166666666666665 0.03166666666666667
0 0.2275 0.20083333333333334 0.024166666666666666 0.051666666666666666
0 0.24666666666666667 0.2025 0.0325 0.050833333333333335
0 0.2608333333333333 0.2275 0.025833333333333333 0.03333333333333333
0 0.19333333333333333 0.22833333333333333 0.024166666666666666 0.060833333333333336
0 0.20666666666666667 0.22916666666666666 0.0225 0.07166666666666667
0 0.22416666666666665 0.24 0.034166666666666665 0.056666666666666664
0 0.7725 0.24333333333333335 0.015 0.029166666666666667
0 0.16166666666666665 0.25916666666666666 0.018333333333333333 0.07083333333333333
0 0.17333333333333334 0.2608333333333333 0.0125 0.05333333333333334
0 0.2875 0.27 0.023333333333333334 0.06583333333333333
0 0.7716666666666666 0.2708333333333333 0.024166666666666666 0.05583333333333333
0 0.185 0.27666666666666667 0.02 0.06333333333333334
0 0.20916666666666667 0.29583333333333334 0.02 0.07416666666666667
0 0.7725 0.30083333333333334 0.035 0.05
0 0.17166666666666666 0.30333333333333334 0.020833333333333332 0.043333333333333335
0 0.7525 0.32 0.028333333333333332 0.041666666666666664
0 0.15666666666666668 0.32083333333333336 0.014166666666666666 0.07833333333333334
0 0.7066666666666667 0.3308333333333333 0.0275 0.058333333333333334
0 0.2941666666666667 0.03 0.024166666666666666 0.059166666666666666
0 0.185 0.335 0.025833333333333333 0.06583333333333333
0 0.7825 0.33666666666666667 0.03333333333333333 0.043333333333333335
0 0.16666666666666666 0.3425 0.019166666666666665 0.04833333333333333
0 0.7575 0.3475 0.0425 0.03916666666666667
0 0.14166666666666666 0.35 0.020833333333333332 0.07666666666666666
0 0.7891666666666667 0.36583333333333334 0.03333333333333333 0.05333333333333334
0 0.7483333333333333 0.37416666666666665 0.03916666666666667 0.045
0 0.19666666666666666 0.375 0.016666666666666666 0.051666666666666666
0 0.165 0.38916666666666666 0.023333333333333334 0.06333333333333334
0 0.15333333333333332 0.3908333333333333 0.013333333333333334 0.0425
0 0.18416666666666667 0.3925 0.02 0.08333333333333333
0 0.12083333333333333 0.3983333333333333 0.025 0.060833333333333336
0 0.5091666666666667 0.405 0.025833333333333333 0.07916666666666666
0 0.14583333333333334 0.4166666666666667 0.021666666666666667 0.05583333333333333
0 0.16666666666666666 0.43333333333333335 0.020833333333333332 0.07833333333333334
0 0.14333333333333334 0.4625 0.03 0.075