0 0.43 0.3375 0.03916666666666667 0.06416666666666666
0 0.16083333333333333 0.2941666666666667 0.025833333333333333 0.07166666666666667
0 0.44166666666666665 0.2758333333333333 0.019166666666666665 0.07166666666666667
0 0.4266666666666667 0.23416666666666666 0.023333333333333334 0.0775
0 0.3725 0.0675 0.059166666666666666 0.05333333333333334
0 0.19416666666666665 0.04083333333333333 0.041666666666666664 0.08
0 0.5158333333333334 0.8266666666666667 0.024166666666666666 0.028333333333333332
0 0.4925 0.8208333333333333 0.024166666666666666 0.024166666666666666
0 0.5033333333333333 0.8158333333333333 0.0275 0.0175
0 0.5333333333333333 0.8033333333333333 0.035 0.03166666666666667
0 0.5 0.8025 0.03 0.015
0 0.4775 0.8008333333333333 0.023333333333333334 0.025833333333333333
0 0.43166666666666664 0.7975 0.025 0.0275
0 0.455 0.7975 0.024166666666666666 0.024166666666666666
0 0.4166666666666667 0.7966666666666666 0.019166666666666665 0.0275
0 0.5275 0.7933333333333333 0.029166666666666667 0.03666666666666667
0 0.3983333333333333 0.79 0.020833333333333332 0.0275
0 0.5016666666666667 0.7883333333333333 0.02666666666666667 0.024166666666666666
0 0.475 0.7858333333333334 0.015 0.03
0 0.4866666666666667 0.7841666666666667 0.016666666666666666 0.0325
0 0.4608333333333333 0.7816666666666666 0.019166666666666665 0.02
0 0.5458333333333333 0.7775 0.0375 0.06
0 0.4508333333333333 0.7775 0.02 0.0325
0 0.505 0.7691666666666667 0.0225 0.024166666666666666
0 0.4241666666666667 0.7683333333333333 0.021666666666666667 0.0475
0 0.43333333333333335 0.7658333333333334 0.020833333333333332 0.04583333333333333
0 0.49 0.765 0.018333333333333333 0.0325
0 0.395 0.7625 0.019166666666666665 0.041666666666666664
0 0.54 0.7625 0.035 0.04416666666666667
0 0.4075 0.7616666666666667 0.02 0.055
0 0.4558333333333333 0.7608333333333334 0.02666666666666667 0.03
0 0.38083333333333336 0.7575 0.02 0.04416666666666667
0 0.5075 0.755 0.019166666666666665 0.025
0 0.4716666666666667 0.755 0.0225 0.04
0 0.5275 0.7483333333333333 0.03 0.041666666666666664
0 0.49083333333333334 0.7425 0.0175 0.03333333333333333
0 0.44916666666666666 0.7416666666666667 0.021666666666666667 0.03666666666666667
0 0.49916666666666665 0.7291666666666666 0.03333333333333333 0.03666666666666667