0 0.2608333333333333 0.5175 0.024166666666666666 0.0625
0 0.24166666666666667 0.43166666666666664 0.028333333333333332 0.08166666666666667
0 0.3125 0.023333333333333334 0.028333333333333332 0.04583333333333333
0 0.9125 0.8725 0.04833333333333333 0.08166666666666667
0 0.985 0.9825 0.02666666666666667 0.03166666666666667
0 0.8775 0.8116666666666666 0.0425 0.08416666666666667
0 0.7058333333333333 0.7716666666666666 0.0525 0.043333333333333335
0 0.8325 0.7683333333333333 0.05333333333333334 0.0475
0 0.3983333333333333 0.76 0.050833333333333335 0.05416666666666667
0 0.3275 0.7466666666666667 0.04666666666666667 0.05333333333333334
0 0.29083333333333333 0.7383333333333333 0.050833333333333335 0.04666666666666667
0 0.6441666666666667 0.7383333333333333 0.059166666666666666 0.0575
0 0.38166666666666665 0.735 0.05333333333333334 0.049166666666666664
0 0.3525 0.7333333333333333 0.041666666666666664 0.060833333333333336
0 0.43 0.7016666666666667 0.0475 0.08
0 0.30083333333333334 0.6891666666666667 0.0425 0.06583333333333333
0 0.5133333333333333 0.675 0.05 0.035
0 0.5491666666666667 0.6716666666666666 0.04833333333333333 0.055
0 0.5758333333333333 0.67 0.05416666666666667 0.056666666666666664
0 0.51 0.6508333333333334 0.0425 0.03666666666666667
0 0.49083333333333334 0.6416666666666667 0.05416666666666667 0.0575
0 0.4483333333333333 0.6366666666666667 0.049166666666666664 0.05
0 0.235 0.5416666666666666 0.03666666666666667 0.06416666666666666
0 0.2725 0.5333333333333333 0.03166666666666667 0.08333333333333333