0 0.2675 0.5033333333333333 0.035833333333333335 0.07083333333333333
0 0.8108333333333333 0.5016666666666667 0.0275 0.08416666666666667
0 0.715 0.5016666666666667 0.03166666666666667 0.08083333333333333
0 0.305 0.49333333333333335 0.024166666666666666 0.07416666666666667
0 0.3258333333333333 0.49083333333333334 0.0225 0.07833333333333334
0 0.2866666666666667 0.47333333333333333 0.018333333333333333 0.058333333333333334
0 0.3375 0.4633333333333333 0.035833333333333335 0.08416666666666667
0 0.7166666666666667 0.45 0.029166666666666667 0.059166666666666666
0 0.3075 0.4425 0.0275 0.08416666666666667
0 0.7391666666666666 0.4266666666666667 0.02 0.075
0 0.7241666666666666 0.4041666666666667 0.0225 0.04666666666666667
0 0.31166666666666665 0.3858333333333333 0.021666666666666667 0.08916666666666667
0 0.3883333333333333 0.37166666666666665 0.024166666666666666 0.059166666666666666
0 0.295 0.36833333333333335 0.018333333333333333 0.08583333333333333
0 0.7266666666666667 0.3641666666666667 0.025833333333333333 0.07666666666666666
0 0.745 0.355 0.019166666666666665 0.07333333333333333
0 0.2991666666666667 0.30666666666666664 0.0225 0.07416666666666667
0 0.7541666666666667 0.3016666666666667 0.043333333333333335 0.05583333333333333
0 0.5816666666666667 0.2816666666666667 0.024166666666666666 0.0925
0 0.2833333333333333 0.2608333333333333 0.0275 0.08583333333333333
0 0.3875 0.24583333333333332 0.025 0.08083333333333333
0 0.5883333333333334 0.1975 0.015 0.065
0 0.45166666666666666 0.1875 0.021666666666666667 0.09333333333333334
0 0.6016666666666667 0.18416666666666667 0.020833333333333332 0.08833333333333333
0 0.39416666666666667 0.17833333333333334 0.035 0.07416666666666667
0 0.43083333333333335 0.1375 0.035833333333333335 0.075
0 0.6016666666666667 0.13 0.034166666666666665 0.07833333333333334
0 0.4225 0.09833333333333333 0.0275 0.06916666666666667
0 0.4558333333333333 0.08666666666666667 0.025 0.10083333333333333
0 0.415 0.06833333333333333 0.025833333333333333 0.08666666666666667
0 0.6083333333333333 0.06 0.020833333333333332 0.08916666666666667
0 0.43583333333333335 0.04416666666666667 0.019166666666666665 0.0875
0 0.45666666666666667 0.03666666666666667 0.0225 0.07166666666666667
0 0.4025 0.024166666666666666 0.015833333333333335 0.04666666666666667
0 0.6325 0.029166666666666667 0.030833333333333334 0.056666666666666664
0 0.4483333333333333 0.015833333333333335 0.025 0.030833333333333334
0 0.2841666666666667 0.7391666666666666 0.023333333333333334 0.059166666666666666
0 0.29333333333333333 0.7166666666666667 0.023333333333333334 0.08583333333333333
0 0.8866666666666667 0.695 0.011666666666666667 0.035
0 0.8733333333333333 0.6841666666666667 0.023333333333333334 0.08583333333333333
0 0.2775 0.6825 0.019166666666666665 0.059166666666666666
0 0.2225 0.6733333333333333 0.03166666666666667 0.06583333333333333
0 0.8275 0.6691666666666667 0.020833333333333332 0.09333333333333334
0 0.24416666666666667 0.6691666666666667 0.035 0.075
0 0.30333333333333334 0.6683333333333333 0.0225 0.065
0 0.2658333333333333 0.645 0.0175 0.08916666666666667
0 0.8316666666666667 0.6291666666666667 0.025833333333333333 0.0725
0 0.27666666666666667 0.6225 0.0175 0.0475
0 0.2891666666666667 0.6208333333333333 0.02666666666666667 0.0975
0 0.30666666666666664 0.6108333333333333 0.023333333333333334 0.08083333333333333
0 0.2808333333333333 0.58 0.03166666666666667 0.0675
0 0.8125 0.5591666666666667 0.034166666666666665 0.08083333333333333
0 0.25333333333333335 0.555 0.0225 0.09166666666666666
0 0.30083333333333334 0.5458333333333333 0.028333333333333332 0.08583333333333333
0 0.33916666666666667 0.54 0.015 0.049166666666666664
0 0.3491666666666667 0.5325 0.023333333333333334 0.08583333333333333
0 0.325 0.5308333333333334 0.023333333333333334 0.0925
0 0.23416666666666666 0.515 0.0175 0.0725