0 0.3466666666666667 0.51 0.05333333333333334 0.14083333333333334
0 0.39416666666666667 0.045 0.03666666666666667 0.08916666666666667
0 0.615 0.6241666666666666 0.041666666666666664 0.13166666666666665
0 0.49333333333333335 0.056666666666666664 0.03666666666666667 0.1125
0 0.5658333333333333 0.6983333333333334 0.050833333333333335 0.1375
0 0.9275 0.805 0.05333333333333334 0.15166666666666667
0 0.9066666666666666 0.8975 0.0675 0.1375
0 0.6983333333333334 0.9633333333333334 0.04083333333333333 0.0725
0 0.9658333333333333 0.9725 0.065 0.055
0 0.3616666666666667 0.17416666666666666 0.045 0.16083333333333333
0 0.31666666666666665 0.22 0.06 0.12916666666666668