0 0.71 0.5116666666666667 0.0425 0.07583333333333334
0 0.9816666666666667 0.49833333333333335 0.0275 0.08083333333333333
0 0.7433333333333333 0.49833333333333335 0.03666666666666667 0.051666666666666666
0 0.7375 0.4791666666666667 0.025 0.05583333333333333
0 0.7683333333333333 0.47 0.0175 0.058333333333333334
0 0.3641666666666667 0.4625 0.028333333333333332 0.05333333333333334
0 0.33666666666666667 0.4558333333333333 0.015833333333333335 0.041666666666666664
0 0.7566666666666667 0.4508333333333333 0.016666666666666666 0.055
0 0.7441666666666666 0.435 0.025 0.051666666666666666
0 0.3541666666666667 0.43333333333333335 0.016666666666666666 0.05583333333333333
0 0.8058333333333333 0.42833333333333334 0.049166666666666664 0.0575
0 0.36666666666666664 0.42833333333333334 0.024166666666666666 0.06583333333333333
0 0.7783333333333333 0.4166666666666667 0.03 0.035833333333333335
0 0.3858333333333333 0.4125 0.015833333333333335 0.06
0 0.3325 0.39916666666666667 0.0175 0.0575
0 0.29333333333333333 0.39916666666666667 0.025833333333333333 0.07166666666666667
0 0.35333333333333333 0.3983333333333333 0.018333333333333333 0.05333333333333334
0 0.7808333333333334 0.3925 0.035 0.03333333333333333
0 0.8341666666666666 0.3908333333333333 0.03 0.0225
0 0.9808333333333333 0.9466666666666667 0.035 0.06333333333333334
0 0.7591666666666667 0.38416666666666666 0.034166666666666665 0.03333333333333333
0 0.36833333333333335 0.38333333333333336 0.015 0.06
0 0.3958333333333333 0.38083333333333336 0.02 0.0575
0 0.8625 0.38 0.03166666666666667 0.035833333333333335
0 0.8083333333333333 0.38 0.025833333333333333 0.041666666666666664
0 0.85 0.36583333333333334 0.03333333333333333 0.035
0 0.79 0.3625 0.04583333333333333 0.02666666666666667
0 0.3275 0.3616666666666667 0.015833333333333335 0.05333333333333334
0 0.38166666666666665 0.3566666666666667 0.015 0.05583333333333333
0 0.13166666666666665 0.3541666666666667 0.0375 0.07333333333333333
0 0.3475 0.3525 0.014166666666666666 0.05583333333333333
0 0.8416666666666667 0.35 0.018333333333333333 0.02666666666666667
0 0.36 0.3458333333333333 0.015833333333333335 0.0575
0 0.31666666666666665 0.3441666666666667 0.023333333333333334 0.07
0 0.8166666666666667 0.3416666666666667 0.041666666666666664 0.025
0 0.39916666666666667 0.335 0.015833333333333335 0.05416666666666667
0 0.8766666666666667 0.3325 0.025833333333333333 0.05416666666666667
0 0.37416666666666665 0.32666666666666666 0.013333333333333334 0.05
0 0.33916666666666667 0.32666666666666666 0.015833333333333335 0.05416666666666667
0 0.17916666666666667 0.325 0.025833333333333333 0.04583333333333333
0 0.8658333333333333 0.31833333333333336 0.03 0.05333333333333334
0 0.845 0.31 0.043333333333333335 0.04416666666666667
0 0.16583333333333333 0.30916666666666665 0.03333333333333333 0.05583333333333333
0 0.20083333333333334 0.305 0.0225 0.058333333333333334
0 0.13916666666666666 0.30333333333333334 0.025833333333333333 0.035833333333333335
0 0.3908333333333333 0.30083333333333334 0.015 0.06166666666666667
0 0.36083333333333334 0.2966666666666667 0.011666666666666667 0.035833333333333335
0 0.3358333333333333 0.29333333333333333 0.019166666666666665 0.05
0 0.26166666666666666 0.2891666666666667 0.030833333333333334 0.0375
0 0.37333333333333335 0.28583333333333333 0.016666666666666666 0.05583333333333333
0 0.35083333333333333 0.2841666666666667 0.014166666666666666 0.05333333333333334
0 0.4033333333333333 0.2791666666666667 0.015833333333333335 0.04083333333333333
0 0.30916666666666665 0.2783333333333333 0.025 0.03333333333333333
0 0.1975 0.26916666666666667 0.030833333333333334 0.04083333333333333
0 0.16416666666666666 0.26666666666666666 0.04083333333333333 0.0375
0 0.8925 0.265 0.024166666666666666 0.051666666666666666
0 0.365 0.25916666666666666 0.03166666666666667 0.029166666666666667
0 0.22916666666666666 0.25833333333333336 0.04083333333333333 0.0825
0 0.3975 0.25583333333333336 0.0325 0.03333333333333333
0 0.91 0.25416666666666665 0.021666666666666667 0.03916666666666667
0 0.28833333333333333 0.25333333333333335 0.0225 0.05583333333333333
0 0.26916666666666667 0.25333333333333335 0.030833333333333334 0.041666666666666664
0 0.8791666666666667 0.2525 0.04583333333333333 0.06583333333333333
0 0.3491666666666667 0.23666666666666666 0.02666666666666667 0.0375
0 0.395 0.23416666666666666 0.03 0.035833333333333335
0 0.31833333333333336 0.23083333333333333 0.0325 0.05
0 0.37333333333333335 0.22416666666666665 0.028333333333333332 0.03333333333333333
0 0.875 0.2225 0.04083333333333333 0.058333333333333334
0 0.22166666666666668 0.21333333333333335 0.02666666666666667 0.0375
0 0.9191666666666667 0.2125 0.0325 0.04416666666666667
0 0.315 0.2075 0.0225 0.051666666666666666
0 0.2941666666666667 0.20583333333333334 0.03333333333333333 0.04416666666666667
0 0.39666666666666667 0.20333333333333334 0.03 0.024166666666666666
0 0.2833333333333333 0.2 0.035833333333333335 0.035833333333333335
0 0.26666666666666666 0.1925 0.03166666666666667 0.03916666666666667
0 0.25083333333333335 0.18833333333333332 0.03 0.04583333333333333
0 0.23166666666666666 0.18083333333333335 0.0275 0.030833333333333334
0 0.9633333333333334 0.8658333333333333 0.0425 0.04416666666666667
0 0.97 0.9758333333333333 0.056666666666666664 0.045
0 0.6825 0.7141666666666666 0.016666666666666666 0.0875
0 0.6983333333333334 0.7033333333333334 0.0225 0.085
0 0.7066666666666667 0.6783333333333333 0.021666666666666667 0.08916666666666667
0 0.9908333333333333 0.675 0.0175 0.060833333333333336
0 0.8525 0.6733333333333333 0.0225 0.06833333333333333
0 0.9933333333333333 0.6225 0.0125 0.06166666666666667
0 0.6808333333333333 0.6158333333333333 0.023333333333333334 0.0725
0 0.6958333333333333 0.61 0.014166666666666666 0.07833333333333334
0 0.7166666666666667 0.6 0.013333333333333334 0.0825
0 0.9925 0.5975 0.011666666666666667 0.09166666666666666
0 0.7066666666666667 0.5966666666666667 0.015 0.07
0 0.98 0.5616666666666666 0.0225 0.06416666666666666
0 0.7275 0.5583333333333333 0.021666666666666667 0.0725
0 0.7458333333333333 0.5333333333333333 0.020833333333333332 0.043333333333333335
0 0.995 0.9608333333333333 0.006666666666666667 0.045