0 0.5433333333333333 0.4725 0.021666666666666667 0.07583333333333334
0 0.515 0.4725 0.041666666666666664 0.07833333333333334
0 0.5608333333333333 0.4775 0.0225 0.07416666666666667
0 0.49166666666666664 0.4891666666666667 0.0425 0.0475
0 0.43916666666666665 0.49083333333333334 0.04 0.043333333333333335
0 0.4791666666666667 0.49583333333333335 0.051666666666666666 0.0425
0 0.5775 0.5008333333333334 0.023333333333333334 0.08083333333333333
0 0.5983333333333334 0.5091666666666667 0.03666666666666667 0.07916666666666666
0 0.46166666666666667 0.51 0.0425 0.043333333333333335
0 0.41 0.515 0.020833333333333332 0.095
0 0.5508333333333333 0.5183333333333333 0.035833333333333335 0.07
0 0.5325 0.535 0.0425 0.0775
0 0.4275 0.5358333333333334 0.024166666666666666 0.07333333333333333
0 0.44333333333333336 0.545 0.0375 0.06583333333333333
0 0.5083333333333333 0.56 0.03666666666666667 0.06916666666666667
0 0.4891666666666667 0.56 0.03916666666666667 0.06666666666666667
0 0.4625 0.5683333333333334 0.041666666666666664 0.0475
0 0.4375 0.6758333333333333 0.04083333333333333 0.08416666666666667
0 0.5166666666666667 0.38166666666666665 0.0375 0.075
0 0.5683333333333334 0.3975 0.0475 0.060833333333333336
0 0.5466666666666666 0.3983333333333333 0.0425 0.07666666666666666
0 0.5991666666666666 0.4025 0.056666666666666664 0.041666666666666664
0 0.4608333333333333 0.4083333333333333 0.05583333333333333 0.05583333333333333
0 0.48333333333333334 0.425 0.0475 0.04583333333333333
0 0.5275 0.4275 0.03916666666666667 0.05
0 0.5491666666666667 0.43166666666666664 0.03166666666666667 0.05
0 0.6058333333333333 0.44 0.03916666666666667 0.0625
0 0.5191666666666667 0.4425 0.03333333333333333 0.0775
0 0.575 0.4475 0.03166666666666667 0.06166666666666667
0 0.5966666666666667 0.4533333333333333 0.03333333333333333 0.06583333333333333
0 0.6333333333333333 0.45666666666666667 0.035833333333333335 0.041666666666666664
0 0.45166666666666666 0.4583333333333333 0.049166666666666664 0.03833333333333333
0 0.425 0.4625 0.05 0.0625