0 0.4141666666666667 0.5166666666666667 0.03 0.04
0 0.4225 0.535 0.025833333333333333 0.0275
0 0.7083333333333334 0.5491666666666667 0.0225 0.0725
0 0.435 0.5541666666666667 0.041666666666666664 0.030833333333333334
0 0.3983333333333333 0.555 0.03166666666666667 0.023333333333333334
0 0.6875 0.5558333333333333 0.035833333333333335 0.04666666666666667
0 0.37166666666666665 0.5683333333333334 0.025833333333333333 0.0575
0 0.43 0.57 0.029166666666666667 0.024166666666666666
0 0.4666666666666667 0.5733333333333334 0.03333333333333333 0.028333333333333332
0 0.4091666666666667 0.5791666666666667 0.03666666666666667 0.03333333333333333
0 0.43916666666666665 0.5925 0.035 0.025
0 0.4058333333333333 0.595 0.04 0.03833333333333333
0 0.685 0.6066666666666667 0.023333333333333334 0.055
0 0.595 0.6075 0.029166666666666667 0.0725
0 0.36833333333333335 0.6083333333333333 0.029166666666666667 0.04833333333333333
0 0.3883333333333333 0.6091666666666666 0.025 0.0275
0 0.4225 0.6216666666666667 0.030833333333333334 0.0275
0 0.3925 0.63 0.030833333333333334 0.03
0 0.36333333333333334 0.6341666666666667 0.035833333333333335 0.034166666666666665
0 0.36083333333333334 0.6633333333333333 0.035833333333333335 0.03916666666666667
0 0.38166666666666665 0.6641666666666667 0.03916666666666667 0.04083333333333333