0 0.6266666666666667 0.5466666666666666 0.034166666666666665 0.0775
0 0.6066666666666667 0.5391666666666667 0.04 0.0375
0 0.7958333333333333 0.5175 0.018333333333333333 0.060833333333333336
0 0.6891666666666667 0.5141666666666667 0.04 0.04083333333333333
0 0.18 0.5041666666666667 0.028333333333333332 0.08
0 0.66 0.495 0.016666666666666666 0.06416666666666666
0 0.725 0.4925 0.0425 0.035833333333333335
0 0.76 0.4891666666666667 0.04583333333333333 0.03833333333333333
0 0.16083333333333333 0.4875 0.02 0.0625
0 0.7075 0.4841666666666667 0.035 0.041666666666666664
0 0.6366666666666667 0.4708333333333333 0.02666666666666667 0.085
0 0.7866666666666666 0.4691666666666667 0.03666666666666667 0.06
0 0.6483333333333333 0.4675 0.0225 0.08166666666666667
0 0.7375 0.46416666666666667 0.043333333333333335 0.035
0 0.6958333333333333 0.4625 0.034166666666666665 0.03
0 0.675 0.4625 0.03 0.0525
0 0.7541666666666667 0.45666666666666667 0.0375 0.03833333333333333
0 0.7041666666666667 0.44583333333333336 0.04583333333333333 0.029166666666666667
0 0.7941666666666667 0.43666666666666665 0.018333333333333333 0.08416666666666667
0 0.85 0.43583333333333335 0.035 0.050833333333333335
0 0.73 0.43416666666666665 0.03666666666666667 0.035
0 0.7591666666666667 0.42916666666666664 0.03666666666666667 0.0375
0 0.08083333333333333 0.9658333333333333 0.028333333333333332 0.065
0 0.15833333333333333 0.4216666666666667 0.019166666666666665 0.06833333333333333
0 0.7683333333333333 0.4141666666666667 0.03916666666666667 0.03666666666666667
0 0.18166666666666667 0.4083333333333333 0.03666666666666667 0.0675
0 0.0625 0.9716666666666667 0.018333333333333333 0.05583333333333333
0 0.6683333333333333 0.4075 0.028333333333333332 0.075
0 0.6891666666666667 0.4058333333333333 0.0275 0.06166666666666667
0 0.7108333333333333 0.3958333333333333 0.043333333333333335 0.04833333333333333
0 0.8108333333333333 0.3958333333333333 0.03166666666666667 0.05
0 0.74 0.39416666666666667 0.03 0.0375
0 0.78 0.39416666666666667 0.04 0.03166666666666667
0 0.8725 0.3775 0.03166666666666667 0.07
0 0.8525 0.37666666666666665 0.0325 0.04
0 0.8308333333333333 0.37583333333333335 0.0375 0.05416666666666667
0 0.795 0.36916666666666664 0.043333333333333335 0.029166666666666667
0 0.6741666666666667 0.35333333333333333 0.03333333333333333 0.06333333333333334
0 0.8608333333333333 0.3475 0.03666666666666667 0.035833333333333335
0 0.6491666666666667 0.3458333333333333 0.03916666666666667 0.06333333333333334
0 0.7991666666666667 0.3441666666666667 0.041666666666666664 0.03
0 0.8283333333333334 0.33916666666666667 0.0375 0.0375
0 0.7483333333333333 0.31166666666666665 0.05416666666666667 0.051666666666666666
0 0.8 0.30916666666666665 0.04666666666666667 0.035833333333333335
0 0.05583333333333333 0.9583333333333334 0.020833333333333332 0.056666666666666664
0 0.38416666666666666 0.014166666666666666 0.029166666666666667 0.0275
0 0.09083333333333334 0.925 0.019166666666666665 0.08666666666666667
0 0.07083333333333333 0.915 0.019166666666666665 0.07666666666666666
0 0.060833333333333336 0.915 0.0175 0.06666666666666667
0 0.05583333333333333 0.9025 0.025 0.07833333333333334
0 0.08583333333333333 0.8716666666666667 0.021666666666666667 0.07583333333333334
0 0.058333333333333334 0.8483333333333334 0.024166666666666666 0.06333333333333334
0 0.10583333333333333 0.8441666666666666 0.035833333333333335 0.07666666666666666
0 0.08083333333333333 0.8416666666666667 0.030833333333333334 0.075
0 0.07583333333333334 0.8233333333333334 0.0275 0.06583333333333333
0 0.07666666666666666 0.9925 0.023333333333333334 0.011666666666666667
0 0.105 0.765 0.03 0.07166666666666667
0 0.5883333333333334 0.6083333333333333 0.03666666666666667 0.0775
0 0.13666666666666666 0.5591666666666667 0.0325 0.0775
0 0.645 0.5575 0.03166666666666667 0.07833333333333334