0 0.8591666666666666 0.5275 0.0275 0.043333333333333335
0 0.8891666666666667 0.5241666666666667 0.020833333333333332 0.08
0 0.8691666666666666 0.5008333333333334 0.025 0.05333333333333334
0 0.6133333333333333 0.49916666666666665 0.04083333333333333 0.043333333333333335
0 0.8591666666666666 0.455 0.035833333333333335 0.06333333333333334
0 0.8775 0.4533333333333333 0.016666666666666666 0.0625
0 0.8525 0.4075 0.03 0.050833333333333335
0 0.76 0.39416666666666667 0.0375 0.07666666666666666
0 0.8725 0.9508333333333333 0.04 0.05
0 0.1975 0.33166666666666667 0.03916666666666667 0.028333333333333332
0 0.26666666666666666 0.33 0.03666666666666667 0.0525
0 0.0675 0.305 0.03916666666666667 0.09416666666666666
0 0.6175 0.2941666666666667 0.04416666666666667 0.04416666666666667
0 0.1875 0.2941666666666667 0.035 0.0525
0 0.16916666666666666 0.2941666666666667 0.043333333333333335 0.058333333333333334
0 0.5866666666666667 0.2783333333333333 0.029166666666666667 0.056666666666666664
0 0.6075 0.27 0.030833333333333334 0.049166666666666664
0 0.010833333333333334 0.26916666666666667 0.021666666666666667 0.06833333333333333
0 0.21583333333333332 0.26666666666666666 0.04 0.08666666666666667
0 0.16333333333333333 0.2633333333333333 0.0325 0.0425
0 0.635 0.2575 0.041666666666666664 0.04666666666666667
0 0.19583333333333333 0.24833333333333332 0.045 0.05333333333333334
0 0.6041666666666666 0.23416666666666666 0.043333333333333335 0.04583333333333333
0 0.18583333333333332 0.23166666666666666 0.03833333333333333 0.0275
0 0.6433333333333333 0.22416666666666665 0.04416666666666667 0.03666666666666667
0 0.17583333333333334 0.20666666666666667 0.04083333333333333 0.03666666666666667
0 0.06 0.19666666666666666 0.04833333333333333 0.075
0 0.0075 0.19666666666666666 0.014166666666666666 0.06583333333333333
0 0.21833333333333332 0.19583333333333333 0.059166666666666666 0.041666666666666664
0 0.18083333333333335 0.18583333333333332 0.04583333333333333 0.024166666666666666
0 0.19333333333333333 0.16583333333333333 0.03333333333333333 0.025
0 0.005833333333333334 0.13 0.011666666666666667 0.07333333333333333
0 0.03666666666666667 0.12916666666666668 0.03166666666666667 0.06666666666666667
0 0.7841666666666667 0.11666666666666667 0.04416666666666667 0.055
0 0.8216666666666667 0.11083333333333334 0.0375 0.050833333333333335
0 0.8016666666666666 0.07416666666666667 0.04 0.041666666666666664
0 0.8008333333333333 0.04833333333333333 0.0375 0.030833333333333334
0 0.8125 0.01 0.0325 0.019166666666666665
0 0.8658333333333333 0.8958333333333334 0.02666666666666667 0.06583333333333333
0 0.8883333333333333 0.89 0.018333333333333333 0.08
0 0.8875 0.8666666666666667 0.02 0.060833333333333336
0 0.8683333333333333 0.8533333333333334 0.0225 0.05583333333333333
0 0.8516666666666667 0.8458333333333333 0.019166666666666665 0.05416666666666667
0 0.6558333333333334 0.8266666666666667 0.02 0.08333333333333333
0 0.8775 0.8125 0.018333333333333333 0.06333333333333334
0 0.18833333333333332 0.79 0.04833333333333333 0.056666666666666664
0 0.8575 0.7875 0.023333333333333334 0.07166666666666667
0 0.8733333333333333 0.7608333333333334 0.0175 0.059166666666666666
0 0.2025 0.7475 0.04583333333333333 0.041666666666666664
0 0.8641666666666666 0.7166666666666667 0.025833333333333333 0.06583333333333333
0 0.8391666666666666 0.715 0.021666666666666667 0.07416666666666667
0 0.8833333333333333 0.6833333333333333 0.021666666666666667 0.06333333333333334
0 0.14333333333333334 0.6833333333333333 0.04083333333333333 0.06916666666666667
0 0.8525 0.6816666666666666 0.018333333333333333 0.06833333333333333
0 0.845 0.6491666666666667 0.029166666666666667 0.0575
0 0.8725 0.6466666666666666 0.030833333333333334 0.08166666666666667
0 0.8141666666666667 0.6466666666666666 0.030833333333333334 0.06916666666666667
0 0.8941666666666667 0.63 0.021666666666666667 0.06583333333333333
0 0.5725 0.6291666666666667 0.041666666666666664 0.04666666666666667
0 0.8683333333333333 0.6216666666666667 0.020833333333333332 0.06666666666666667
0 0.84 0.6183333333333333 0.029166666666666667 0.043333333333333335
0 0.5883333333333334 0.6108333333333333 0.03166666666666667 0.0625
0 0.8275 0.6025 0.0375 0.0425
0 0.5641666666666667 0.5991666666666666 0.0275 0.03333333333333333
0 0.8116666666666666 0.5808333333333333 0.03166666666666667 0.0525
0 0.8775 0.58 0.023333333333333334 0.055
0 0.8558333333333333 0.5758333333333333 0.0275 0.04833333333333333
0 0.5558333333333333 0.5608333333333333 0.035833333333333335 0.055
0 0.8425 0.5583333333333333 0.035 0.034166666666666665
0 0.57 0.5466666666666666 0.030833333333333334 0.06666666666666667
0 0.84 0.5308333333333334 0.03333333333333333 0.030833333333333334