0 0.8183333333333334 0.6383333333333333 0.043333333333333335 0.13333333333333333
0 0.48333333333333334 0.8308333333333333 0.08583333333333333 0.06583333333333333
0 0.9091666666666667 0.10916666666666666 0.0575 0.14083333333333334
0 0.9675 0.19 0.035833333333333335 0.13416666666666666
0 0.9275 0.24083333333333334 0.04416666666666667 0.13333333333333333
0 0.37916666666666665 0.2825 0.06583333333333333 0.11666666666666667
0 0.30916666666666665 0.31416666666666665 0.065 0.11583333333333333
0 0.43666666666666665 0.33 0.08 0.11583333333333333
0 0.9541666666666667 0.37583333333333335 0.05333333333333334 0.12666666666666668
0 0.28583333333333333 0.3925 0.08833333333333333 0.07083333333333333
0 0.405 0.4075 0.08833333333333333 0.065
0 0.33916666666666667 0.4625 0.0875 0.07833333333333334
0 0.8 0.4666666666666667 0.05 0.12916666666666668
0 0.41833333333333333 0.4716666666666667 0.08416666666666667 0.06583333333333333