0 0.3225 0.4683333333333333 0.08333333333333333 0.08666666666666667
0 0.16916666666666666 0.42583333333333334 0.06916666666666667 0.09
0 0.6583333333333333 0.42 0.06 0.13333333333333333
0 0.7008333333333333 0.4116666666666667 0.04666666666666667 0.1425
0 0.5033333333333333 0.37 0.0625 0.115
0 0.34833333333333333 0.365 0.05333333333333334 0.12666666666666668
0 0.6733333333333333 0.3 0.04083333333333333 0.125
0 0.555 0.26916666666666667 0.07333333333333333 0.07583333333333334
0 0.7033333333333334 0.20416666666666666 0.06 0.09833333333333333
0 0.11333333333333333 0.19166666666666668 0.06416666666666666 0.12333333333333334
0 0.9258333333333333 0.9533333333333334 0.058333333333333334 0.09
0 0.6958333333333333 0.09083333333333334 0.05416666666666667 0.09833333333333333
0 0.9008333333333334 0.91 0.075 0.09416666666666666
0 0.9633333333333334 0.8891666666666667 0.07 0.07833333333333334
0 0.64 0.7533333333333333 0.0575 0.11916666666666667
0 0.05 0.7058333333333333 0.060833333333333336 0.10833333333333334
0 0.06 0.9883333333333333 0.05333333333333334 0.02
0 0.8083333333333333 0.9825 0.09 0.03166666666666667
0 0.12916666666666668 0.9775 0.058333333333333334 0.041666666666666664
0 0.7333333333333333 0.555 0.06583333333333333 0.08833333333333333