0 0.7525 0.5816666666666667 0.0275 0.10416666666666667
0 0.42583333333333334 0.6141666666666666 0.030833333333333334 0.03
0 0.455 0.6175 0.03916666666666667 0.0325
0 0.39 0.6366666666666667 0.03166666666666667 0.03833333333333333
0 0.48 0.6391666666666667 0.03666666666666667 0.051666666666666666
0 0.445 0.64 0.0425 0.03166666666666667
0 0.5025 0.6416666666666667 0.03916666666666667 0.05
0 0.4125 0.6425 0.035 0.029166666666666667
0 0.7058333333333333 0.6458333333333334 0.0325 0.06666666666666667
0 0.42833333333333334 0.6583333333333333 0.04 0.030833333333333334
0 0.4691666666666667 0.6583333333333333 0.03666666666666667 0.03
0 0.41583333333333333 0.6725 0.04416666666666667 0.03916666666666667
0 0.6008333333333333 0.6841666666666667 0.024166666666666666 0.06583333333333333
0 0.3925 0.6866666666666666 0.03 0.03166666666666667
0 0.37166666666666665 0.69 0.0325 0.06
0 0.6916666666666667 0.7 0.019166666666666665 0.07083333333333333
0 0.4533333333333333 0.7025 0.03916666666666667 0.04416666666666667
0 0.4141666666666667 0.7066666666666667 0.03666666666666667 0.03166666666666667
0 0.3775 0.7141666666666666 0.035 0.03333333333333333
0 0.6741666666666667 0.7308333333333333 0.03 0.08416666666666667
0 0.37333333333333335 0.7358333333333333 0.034166666666666665 0.04833333333333333
0 0.38916666666666666 0.7391666666666666 0.035833333333333335 0.0525
0 0.24333333333333335 0.8141666666666667 0.0008333333333333334 0.0008333333333333334
0 0.8116666666666666 0.11166666666666666 0.029166666666666667 0.07916666666666666
0 0.8125 0.17583333333333334 0.0225 0.0625
0 0.8216666666666667 0.1925 0.025833333333333333 0.0975
0 0.8083333333333333 0.215 0.030833333333333334 0.056666666666666664
0 0.775 0.3283333333333333 0.03666666666666667 0.07916666666666666
0 0.7475 0.44333333333333336 0.0275 0.07916666666666666