0 0.4175 0.4683333333333333 0.03 0.07333333333333333
0 0.39666666666666667 0.485 0.028333333333333332 0.09666666666666666
0 0.55 0.4891666666666667 0.035833333333333335 0.07583333333333334
0 0.37833333333333335 0.495 0.035 0.08416666666666667
0 0.5141666666666667 0.5108333333333334 0.045 0.07333333333333333
0 0.4866666666666667 0.525 0.04666666666666667 0.0375
0 0.54 0.5283333333333333 0.041666666666666664 0.085
0 0.5483333333333333 0.5325 0.035833333333333335 0.095
0 0.4841666666666667 0.5516666666666666 0.05333333333333334 0.03916666666666667
0 0.5733333333333334 0.5741666666666667 0.021666666666666667 0.10333333333333333
0 0.5475 0.5825 0.0225 0.08833333333333333
0 0.5116666666666667 0.6033333333333334 0.0375 0.07583333333333334
0 0.5375 0.6233333333333333 0.024166666666666666 0.09416666666666666
0 0.5591666666666667 0.6358333333333334 0.024166666666666666 0.0975
0 0.565 0.6766666666666666 0.024166666666666666 0.0925
0 0.5425 0.6825 0.025833333333333333 0.09083333333333334
0 0.5491666666666667 0.7233333333333334 0.02 0.08
0 0.5533333333333333 0.7675 0.035833333333333335 0.0725
0 0.44916666666666666 0.345 0.024166666666666666 0.0925
0 0.4141666666666667 0.36833333333333335 0.04416666666666667 0.0625
0 0.42833333333333334 0.37416666666666665 0.035 0.08333333333333333
0 0.38083333333333336 0.38083333333333336 0.050833333333333335 0.045
0 0.46166666666666667 0.3858333333333333 0.04666666666666667 0.06583333333333333
0 0.4775 0.39666666666666667 0.03916666666666667 0.085
0 0.42083333333333334 0.41333333333333333 0.0375 0.059166666666666666
0 0.375 0.41583333333333333 0.041666666666666664 0.059166666666666666
0 0.48083333333333333 0.41833333333333333 0.0375 0.09166666666666666
0 0.4 0.42 0.03166666666666667 0.07333333333333333
0 0.3525 0.4225 0.03166666666666667 0.050833333333333335
0 0.4475 0.42583333333333334 0.0325 0.059166666666666666
0 0.5075 0.435 0.035833333333333335 0.06666666666666667
0 0.5425 0.43916666666666665 0.04083333333333333 0.07333333333333333
0 0.38 0.44 0.0375 0.085