0 0.8175 0.4533333333333333 0.024166666666666666 0.08666666666666667
0 0.7308333333333333 0.45916666666666667 0.04 0.04083333333333333
0 0.7716666666666666 0.4716666666666667 0.04 0.0575
0 0.7158333333333333 0.47583333333333333 0.04666666666666667 0.041666666666666664
0 0.7333333333333333 0.49083333333333334 0.035 0.03833333333333333
0 0.7508333333333334 0.4925 0.029166666666666667 0.060833333333333336
0 0.7958333333333333 0.5 0.035 0.03666666666666667
0 0.6833333333333333 0.5091666666666667 0.04 0.04833333333333333
0 0.6566666666666666 0.015 0.03666666666666667 0.03
0 0.7133333333333334 0.5183333333333333 0.034166666666666665 0.056666666666666664
0 0.7925 0.5291666666666667 0.02666666666666667 0.049166666666666664
0 0.6883333333333334 0.5433333333333333 0.043333333333333335 0.041666666666666664
0 0.7375 0.5458333333333333 0.04083333333333333 0.050833333333333335
0 0.7516666666666667 0.6058333333333333 0.0425 0.06666666666666667
0 0.6191666666666666 0.6266666666666667 0.04666666666666667 0.04583333333333333
0 0.6333333333333333 0.0225 0.034166666666666665 0.045
0 0.6358333333333334 0.6441666666666667 0.03333333333333333 0.049166666666666664
0 0.6208333333333333 0.65 0.04583333333333333 0.041666666666666664
0 0.6766666666666666 0.025833333333333333 0.0225 0.0225
0 0.6816666666666666 0.675 0.03916666666666667 0.06166666666666667
0 0.5791666666666667 0.6825 0.051666666666666666 0.04583333333333333
0 0.6983333333333334 0.6883333333333334 0.041666666666666664 0.06416666666666666
0 0.64 0.69 0.05 0.055
0 0.6025 0.028333333333333332 0.0375 0.04666666666666667
0 0.695 0.028333333333333332 0.03666666666666667 0.056666666666666664
0 0.5908333333333333 0.7075 0.043333333333333335 0.04416666666666667
0 0.6941666666666667 0.7383333333333333 0.024166666666666666 0.0675
0 0.6591666666666667 0.7516666666666667 0.04666666666666667 0.0625
0 0.7125 0.7591666666666667 0.0325 0.09416666666666666
0 0.6708333333333333 0.7783333333333333 0.0325 0.08083333333333333
0 0.21666666666666667 0.81 0.050833333333333335 0.05583333333333333
0 0.225 0.8241666666666667 0.04583333333333333 0.06333333333333334
0 0.23833333333333334 0.825 0.028333333333333332 0.043333333333333335
0 0.6358333333333334 0.0425 0.04083333333333333 0.04833333333333333
0 0.6775 0.05333333333333334 0.03916666666666667 0.04833333333333333
0 0.6441666666666667 0.05416666666666667 0.0375 0.0625
0 0.6566666666666666 0.05416666666666667 0.030833333333333334 0.05416666666666667
0 0.6841666666666667 0.0625 0.0375 0.030833333333333334
0 0.7175 0.08666666666666667 0.035833333333333335 0.060833333333333336
0 0.6975 0.08916666666666667 0.0325 0.06583333333333333
0 0.6716666666666666 0.09083333333333334 0.041666666666666664 0.05
0 0.215 0.18916666666666668 0.05 0.05416666666666667
0 0.6525 0.2375 0.034166666666666665 0.08083333333333333
0 0.6758333333333333 0.2608333333333333 0.025 0.08333333333333333
0 0.6916666666666667 0.2683333333333333 0.018333333333333333 0.06166666666666667
0 0.71 0.3016666666666667 0.024166666666666666 0.06
0 0.26166666666666666 0.3125 0.0225 0.06666666666666667
0 0.7291666666666666 0.31666666666666665 0.02 0.08083333333333333
0 0.6991666666666667 0.3175 0.0275 0.050833333333333335
0 0.255 0.3308333333333333 0.014166666666666666 0.05583333333333333
0 0.7225 0.3433333333333333 0.03666666666666667 0.04
0 0.69 0.35083333333333333 0.02666666666666667 0.07583333333333334
0 0.7175 0.36 0.035 0.028333333333333332
0 0.7516666666666667 0.36833333333333335 0.028333333333333332 0.049166666666666664
0 0.2783333333333333 0.37416666666666665 0.04 0.06583333333333333
0 0.2975 0.37583333333333335 0.0475 0.060833333333333336
0 0.7283333333333334 0.37666666666666665 0.043333333333333335 0.03166666666666667
0 0.7775 0.38916666666666666 0.03 0.05333333333333334
0 0.7133333333333334 0.38916666666666666 0.04083333333333333 0.03833333333333333
0 0.7366666666666667 0.4058333333333333 0.03166666666666667 0.0325
0 0.765 0.4083333333333333 0.03916666666666667 0.055
0 0.71 0.41 0.045 0.03666666666666667
0 0.6208333333333333 0.01 0.02666666666666667 0.019166666666666665
0 0.7633333333333333 0.42916666666666664 0.04083333333333333 0.060833333333333336
0 0.7375 0.44416666666666665 0.03666666666666667 0.05