0 0.5366666666666666 0.4925 0.023333333333333334 0.0575
0 0.585 0.4816666666666667 0.02666666666666667 0.08833333333333333
0 0.52 0.47833333333333333 0.021666666666666667 0.065
0 0.5758333333333333 0.7358333333333333 0.03166666666666667 0.075
0 0.5641666666666667 0.6891666666666667 0.025833333333333333 0.07916666666666666
0 0.5875 0.6808333333333333 0.024166666666666666 0.0575
0 0.5766666666666667 0.6533333333333333 0.02 0.06666666666666667
0 0.5516666666666666 0.6483333333333333 0.023333333333333334 0.0625
0 0.6033333333333334 0.645 0.02 0.05
0 0.6091666666666666 0.6258333333333334 0.015833333333333335 0.060833333333333336
0 0.55 0.6133333333333333 0.028333333333333332 0.060833333333333336
0 0.59 0.6066666666666667 0.0175 0.06833333333333333
0 0.5758333333333333 0.595 0.019166666666666665 0.08416666666666667
0 0.5275 0.5891666666666666 0.024166666666666666 0.051666666666666666
0 0.5875 0.5558333333333333 0.03916666666666667 0.0475
0 0.54 0.5541666666666667 0.021666666666666667 0.07416666666666667
0 0.52 0.5533333333333333 0.03666666666666667 0.059166666666666666
0 0.5558333333333333 0.5433333333333333 0.029166666666666667 0.0625