0 0.4775 0.51 0.0475 0.13583333333333333
0 0.5366666666666666 0.5158333333333334 0.0575 0.14916666666666667
0 0.4675 0.695 0.05 0.1475
0 0.030833333333333334 0.7816666666666666 0.060833333333333336 0.14083333333333334
0 0.46166666666666667 0.8533333333333334 0.06333333333333334 0.135
0 0.2725 0.885 0.0475 0.15916666666666668
0 0.32 0.9433333333333334 0.05 0.1125
0 0.43833333333333335 0.9683333333333334 0.07583333333333334 0.06166666666666667
0 0.605 0.12166666666666667 0.050833333333333335 0.10666666666666667
0 0.37416666666666665 0.13666666666666666 0.04416666666666667 0.095
0 0.585 0.17166666666666666 0.03833333333333333 0.1025
0 0.7225 0.21083333333333334 0.04583333333333333 0.13666666666666666
0 0.25833333333333336 0.015 0.0425 0.029166666666666667
0 0.7691666666666667 0.315 0.0425 0.1525
0 0.014166666666666666 0.023333333333333334 0.028333333333333332 0.04666666666666667
0 0.6133333333333333 0.345 0.035833333333333335 0.14333333333333334
0 0.6866666666666666 0.02666666666666667 0.043333333333333335 0.05333333333333334
0 0.57 0.0275 0.043333333333333335 0.055
0 0.5775 0.39916666666666667 0.04583333333333333 0.13416666666666666
0 0.6825 0.39916666666666667 0.041666666666666664 0.15833333333333333
0 0.775 0.4508333333333333 0.04 0.13833333333333334
0 0.825 0.45166666666666666 0.04416666666666667 0.15