0 0.9008333333333334 0.44166666666666665 0.024166666666666666 0.0925
0 0.8108333333333333 0.445 0.020833333333333332 0.0875
0 0.26 0.45166666666666666 0.041666666666666664 0.041666666666666664
0 0.16083333333333333 0.45916666666666667 0.0375 0.050833333333333335
0 0.18833333333333332 0.46 0.04833333333333333 0.045
0 0.2916666666666667 0.4625 0.0275 0.06666666666666667
0 0.2225 0.46416666666666667 0.034166666666666665 0.028333333333333332
0 0.13416666666666666 0.47 0.0325 0.059166666666666666
0 0.79 0.475 0.035 0.043333333333333335
0 0.26416666666666666 0.4816666666666667 0.0275 0.05583333333333333
0 0.195 0.4816666666666667 0.0425 0.045
0 0.15916666666666668 0.4975 0.0375 0.051666666666666666
0 0.29333333333333333 0.5008333333333334 0.04083333333333333 0.07166666666666667
0 0.23083333333333333 0.5033333333333333 0.041666666666666664 0.041666666666666664
0 0.8991666666666667 0.5058333333333334 0.029166666666666667 0.075
0 0.7933333333333333 0.5066666666666667 0.029166666666666667 0.0525
0 0.7408333333333333 0.5075 0.04583333333333333 0.049166666666666664
0 0.19333333333333333 0.5083333333333333 0.04833333333333333 0.0275
0 0.13666666666666666 0.51 0.035 0.0675
0 0.7666666666666667 0.5158333333333334 0.04083333333333333 0.04666666666666667
0 0.065 0.5191666666666667 0.035 0.09333333333333334
0 0.16916666666666666 0.5266666666666666 0.045 0.03666666666666667
0 0.27 0.5383333333333333 0.025 0.06916666666666667
0 0.295 0.5391666666666667 0.034166666666666665 0.0575
0 0.155 0.5433333333333333 0.04 0.03916666666666667
0 0.23333333333333334 0.5475 0.023333333333333334 0.06416666666666666
0 0.20833333333333334 0.5483333333333333 0.035 0.05583333333333333
0 0.2675 0.5558333333333333 0.029166666666666667 0.08
0 0.825 0.5558333333333333 0.028333333333333332 0.06416666666666666
0 0.25583333333333336 0.5658333333333333 0.025 0.06583333333333333
0 0.8008333333333333 0.5716666666666667 0.03833333333333333 0.07166666666666667
0 0.2925 0.5866666666666667 0.020833333333333332 0.07083333333333333
0 0.20666666666666667 0.5966666666666667 0.0275 0.08416666666666667
0 0.8025 0.6075 0.023333333333333334 0.0775
0 0.23583333333333334 0.6075 0.025833333333333333 0.07333333333333333
0 0.3175 0.6091666666666666 0.04083333333333333 0.07916666666666666
0 0.25833333333333336 0.6133333333333333 0.03166666666666667 0.06916666666666667
0 0.27666666666666667 0.6191666666666666 0.021666666666666667 0.059166666666666666
0 0.295 0.6375 0.0325 0.060833333333333336
0 0.2575 0.6491666666666667 0.0225 0.055
0 0.3275 0.6733333333333333 0.0325 0.06
0 0.445 0.7008333333333333 0.03833333333333333 0.08416666666666667
0 0.45666666666666667 0.7608333333333334 0.025833333333333333 0.09166666666666666
0 0.4725 0.8016666666666666 0.024166666666666666 0.07666666666666666
0 0.885 0.030833333333333334 0.03 0.06166666666666667
0 0.8108333333333333 0.855 0.0325 0.08416666666666667
0 0.5666666666666667 0.9408333333333333 0.035 0.08583333333333333
0 0.87 0.07583333333333334 0.029166666666666667 0.050833333333333335
0 0.8791666666666667 0.09333333333333334 0.02666666666666667 0.06333333333333334
0 0.8441666666666666 0.10583333333333333 0.025833333333333333 0.08083333333333333
0 0.86 0.1325 0.016666666666666666 0.056666666666666664
0 0.845 0.17333333333333334 0.0225 0.07666666666666666
0 0.8366666666666667 0.23333333333333334 0.025 0.08083333333333333
0 0.8566666666666667 0.25 0.02 0.0875
0 0.8308333333333333 0.31833333333333336 0.0275 0.07166666666666667
0 0.31083333333333335 0.3516666666666667 0.04666666666666667 0.0675
0 0.8341666666666666 0.37833333333333335 0.03 0.085
0 0.30916666666666665 0.39 0.03166666666666667 0.059166666666666666
0 0.2175 0.4116666666666667 0.04 0.049166666666666664
0 0.19083333333333333 0.4216666666666667 0.03333333333333333 0.049166666666666664
0 0.8 0.4266666666666667 0.018333333333333333 0.06583333333333333
0 0.29583333333333334 0.42916666666666664 0.028333333333333332 0.06583333333333333
0 0.2325 0.43333333333333335 0.03833333333333333 0.050833333333333335