0 0.10166666666666667 0.5533333333333333 0.0225 0.0875
0 0.4166666666666667 0.5441666666666667 0.041666666666666664 0.05333333333333334
0 0.43916666666666665 0.5425 0.028333333333333332 0.021666666666666667
0 0.1475 0.5408333333333334 0.03666666666666667 0.05333333333333334
0 0.11083333333333334 0.54 0.014166666666666666 0.07583333333333334
0 0.1275 0.5291666666666667 0.029166666666666667 0.06
0 0.15583333333333332 0.515 0.03 0.020833333333333332
0 0.4525 0.49833333333333335 0.0325 0.029166666666666667
0 0.14333333333333334 0.4975 0.03916666666666667 0.03666666666666667
0 0.43166666666666664 0.49333333333333335 0.04083333333333333 0.056666666666666664
0 0.0975 0.48583333333333334 0.023333333333333334 0.07083333333333333
0 0.14666666666666667 0.4766666666666667 0.0425 0.05
0 0.4058333333333333 0.47583333333333333 0.019166666666666665 0.07333333333333333
0 0.125 0.4691666666666667 0.03666666666666667 0.0675
0 0.085 0.4633333333333333 0.02666666666666667 0.07916666666666666
0 0.12416666666666666 0.43083333333333335 0.024166666666666666 0.050833333333333335
0 0.10666666666666667 0.4225 0.028333333333333332 0.06333333333333334
0 0.095 0.38 0.021666666666666667 0.08
0 0.11833333333333333 0.3616666666666667 0.03333333333333333 0.06583333333333333
0 0.5058333333333334 0.34833333333333333 0.0425 0.049166666666666664
0 0.5225 0.3458333333333333 0.043333333333333335 0.049166666666666664
0 0.5425 0.335 0.05333333333333334 0.034166666666666665
0 0.2175 0.3258333333333333 0.03166666666666667 0.06833333333333333
0 0.125 0.31666666666666665 0.034166666666666665 0.0525
0 0.5883333333333334 0.30416666666666664 0.05583333333333333 0.03833333333333333
0 0.4675 0.285 0.0425 0.041666666666666664
0 0.7508333333333334 0.2833333333333333 0.025 0.0375
0 0.9083333333333333 0.2791666666666667 0.0325 0.03916666666666667
0 0.9633333333333334 0.2633333333333333 0.030833333333333334 0.0825
0 0.8475 0.2475 0.05 0.06166666666666667
0 0.44 0.23833333333333334 0.04583333333333333 0.043333333333333335
0 0.8075 0.22 0.028333333333333332 0.08
0 0.8575 0.21666666666666667 0.029166666666666667 0.05333333333333334
0 0.825 0.19583333333333333 0.0425 0.050833333333333335
0 0.27416666666666667 0.18583333333333332 0.04083333333333333 0.07083333333333333
0 0.8391666666666666 0.18333333333333332 0.0375 0.025833333333333333
0 0.82 0.16416666666666666 0.05333333333333334 0.0275
0 0.8508333333333333 0.15666666666666668 0.03666666666666667 0.03833333333333333
0 0.9708333333333333 0.155 0.04083333333333333 0.055
0 0.26916666666666667 0.14333333333333334 0.050833333333333335 0.0325
0 0.8141666666666667 0.14083333333333334 0.05416666666666667 0.035
0 0.8558333333333333 0.135 0.0275 0.021666666666666667
0 0.8333333333333334 0.1125 0.030833333333333334 0.024166666666666666
0 0.9908333333333333 0.105 0.0175 0.07083333333333333
0 0.22916666666666666 0.09333333333333334 0.0475 0.07166666666666667
0 0.15083333333333335 0.05416666666666667 0.025 0.07166666666666667
0 0.095 0.9241666666666667 0.04083333333333333 0.0475
0 0.08083333333333333 0.87 0.029166666666666667 0.07333333333333333
0 0.08333333333333333 0.8083333333333333 0.0225 0.075
0 0.325 0.7966666666666666 0.023333333333333334 0.08916666666666667
0 0.8441666666666666 0.7933333333333333 0.04083333333333333 0.0725
0 0.09833333333333333 0.7575 0.021666666666666667 0.06916666666666667
0 0.8283333333333334 0.7416666666666667 0.049166666666666664 0.043333333333333335
0 0.10583333333333333 0.7191666666666666 0.021666666666666667 0.08583333333333333
0 0.11333333333333333 0.6958333333333333 0.0225 0.08666666666666667
0 0.08833333333333333 0.6866666666666666 0.020833333333333332 0.06
0 0.1275 0.675 0.019166666666666665 0.06666666666666667
0 0.8766666666666667 0.6675 0.035 0.07
0 0.0975 0.6475 0.02 0.0875
0 0.11583333333333333 0.6283333333333333 0.0225 0.06916666666666667
0 0.13583333333333333 0.6183333333333333 0.02 0.07583333333333334
0 0.15833333333333333 0.6041666666666666 0.028333333333333332 0.07583333333333334
0 0.08 0.6025 0.02666666666666667 0.0775
0 0.12083333333333333 0.5875 0.02 0.060833333333333336
0 0.17333333333333334 0.58 0.024166666666666666 0.08083333333333333
0 0.08916666666666667 0.5725 0.0325 0.075
0 0.4191666666666667 0.5716666666666667 0.041666666666666664 0.04583333333333333
0 0.13083333333333333 0.56 0.03333333333333333 0.04583333333333333