0 0.82 0.43833333333333335 0.029166666666666667 0.0475
0 0.84 0.4575 0.03166666666666667 0.06
0 0.8025 0.46416666666666667 0.018333333333333333 0.0775
0 0.30666666666666664 0.4683333333333333 0.0225 0.07166666666666667
0 0.8183333333333334 0.4708333333333333 0.021666666666666667 0.045
0 0.7716666666666666 0.475 0.03833333333333333 0.07833333333333334
0 0.3358333333333333 0.48 0.041666666666666664 0.035833333333333335
0 0.8758333333333334 0.48083333333333333 0.0325 0.07833333333333334
0 0.785 0.485 0.02 0.0825
0 0.8433333333333334 0.49083333333333334 0.034166666666666665 0.0725
0 0.2425 0.5016666666666667 0.024166666666666666 0.07583333333333334
0 0.8133333333333334 0.5225 0.03 0.07
0 0.7641666666666667 0.5241666666666667 0.025833333333333333 0.06166666666666667
0 0.7358333333333333 0.5316666666666666 0.03333333333333333 0.05583333333333333
0 0.7908333333333334 0.5366666666666666 0.035833333333333335 0.075
0 0.6566666666666666 0.5683333333333334 0.03833333333333333 0.06833333333333333
0 0.7591666666666667 0.5833333333333334 0.02666666666666667 0.06666666666666667
0 0.745 0.6066666666666667 0.024166666666666666 0.08333333333333333
0 0.64 0.6258333333333334 0.029166666666666667 0.08416666666666667
0 0.6283333333333333 0.6541666666666667 0.020833333333333332 0.0725
0 0.2966666666666667 0.7133333333333334 0.035 0.06916666666666667
0 0.25166666666666665 0.035833333333333335 0.028333333333333332 0.07166666666666667
0 0.535 0.7875 0.03166666666666667 0.07833333333333334
0 0.2658333333333333 0.9625 0.035833333333333335 0.07333333333333333
0 0.25416666666666665 0.09916666666666667 0.023333333333333334 0.0525
0 0.27166666666666667 0.1125 0.025833333333333333 0.056666666666666664
0 0.24166666666666667 0.14666666666666667 0.015833333333333335 0.06416666666666666
0 0.25333333333333335 0.1475 0.021666666666666667 0.0725
0 0.22666666666666666 0.14916666666666667 0.016666666666666666 0.07
0 0.28583333333333333 0.1925 0.023333333333333334 0.0725
0 0.23 0.21083333333333334 0.0225 0.07333333333333333
0 0.24666666666666667 0.225 0.02666666666666667 0.06583333333333333
0 0.2925 0.22916666666666666 0.019166666666666665 0.08
0 0.7941666666666667 0.23583333333333334 0.03833333333333333 0.075
0 0.27166666666666667 0.24416666666666667 0.02 0.07583333333333334
0 0.245 0.26166666666666666 0.028333333333333332 0.051666666666666666
0 0.2275 0.265 0.02666666666666667 0.06916666666666667
0 0.8483333333333334 0.2658333333333333 0.05 0.051666666666666666
0 0.8083333333333333 0.27166666666666667 0.04083333333333333 0.07583333333333334
0 0.30416666666666664 0.2783333333333333 0.014166666666666666 0.0675
0 0.28583333333333333 0.28 0.018333333333333333 0.08083333333333333
0 0.8991666666666667 0.28 0.04083333333333333 0.049166666666666664
0 0.8341666666666666 0.2991666666666667 0.043333333333333335 0.025833333333333333
0 0.22416666666666665 0.30833333333333335 0.020833333333333332 0.06416666666666666
0 0.2975 0.30916666666666665 0.018333333333333333 0.07833333333333334
0 0.8925 0.315 0.035833333333333335 0.03916666666666667
0 0.20416666666666666 0.31666666666666665 0.0225 0.08166666666666667
0 0.8333333333333334 0.32416666666666666 0.041666666666666664 0.041666666666666664
0 0.9883333333333333 0.3283333333333333 0.02 0.06
0 0.24333333333333335 0.3308333333333333 0.0225 0.08
0 0.8616666666666667 0.33166666666666667 0.0375 0.03833333333333333
0 0.32416666666666666 0.33166666666666667 0.03666666666666667 0.04666666666666667
0 0.9141666666666667 0.3358333333333333 0.03916666666666667 0.05
0 0.8783333333333333 0.3491666666666667 0.03666666666666667 0.03333333333333333
0 0.8266666666666667 0.355 0.03833333333333333 0.04416666666666667
0 0.79 0.36083333333333334 0.04083333333333333 0.07583333333333334
0 0.225 0.36583333333333334 0.029166666666666667 0.06916666666666667
0 0.33666666666666667 0.37 0.029166666666666667 0.05333333333333334
0 0.8658333333333333 0.37333333333333335 0.02666666666666667 0.04
0 0.8283333333333334 0.37416666666666665 0.03666666666666667 0.0475
0 0.8483333333333334 0.3775 0.023333333333333334 0.06
0 0.8758333333333334 0.3875 0.034166666666666665 0.0475
0 0.36833333333333335 0.39 0.04083333333333333 0.06666666666666667
0 0.8016666666666666 0.3958333333333333 0.019166666666666665 0.0825
0 0.4058333333333333 0.4033333333333333 0.035833333333333335 0.0625
0 0.8225 0.4083333333333333 0.03833333333333333 0.04416666666666667
0 0.2891666666666667 0.4125 0.025 0.060833333333333336
0 0.30666666666666664 0.4175 0.03666666666666667 0.09583333333333334
0 0.7783333333333333 0.4191666666666667 0.03333333333333333 0.056666666666666664
0 0.8716666666666667 0.42083333333333334 0.03333333333333333 0.06583333333333333
0 0.8408333333333333 0.4241666666666667 0.030833333333333334 0.0575