0 0.3725 0.4683333333333333 0.0425 0.03333333333333333
0 0.5908333333333333 0.54 0.025 0.07166666666666667
0 0.7125 0.5516666666666666 0.0325 0.056666666666666664
0 0.6858333333333333 0.5525 0.041666666666666664 0.0325
0 0.6825 0.5975 0.029166666666666667 0.05583333333333333
0 0.09916666666666667 0.7566666666666667 0.0375 0.045
0 0.08916666666666667 0.7633333333333333 0.018333333333333333 0.043333333333333335
0 0.0175 0.8625 0.035 0.075
0 0.014166666666666666 0.9241666666666667 0.0275 0.059166666666666666
0 0.009166666666666667 0.9616666666666667 0.018333333333333333 0.0475
0 0.030833333333333334 0.9666666666666667 0.03833333333333333 0.06333333333333334
0 0.43333333333333335 0.3433333333333333 0.030833333333333334 0.0325
0 0.4266666666666667 0.3616666666666667 0.02666666666666667 0.03
0 0.385 0.3675 0.03166666666666667 0.04666666666666667
0 0.4116666666666667 0.37083333333333335 0.035 0.035833333333333335
0 0.4483333333333333 0.3908333333333333 0.0375 0.03833333333333333
0 0.4175 0.395 0.0275 0.03916666666666667
0 0.4375 0.405 0.030833333333333334 0.041666666666666664
0 0.375 0.4083333333333333 0.03666666666666667 0.03666666666666667
0 0.4125 0.4175 0.041666666666666664 0.049166666666666664
0 0.39416666666666667 0.41833333333333333 0.030833333333333334 0.043333333333333335
0 0.4666666666666667 0.4266666666666667 0.034166666666666665 0.03833333333333333
0 0.3675 0.43083333333333335 0.03333333333333333 0.024166666666666666
0 0.44416666666666665 0.43333333333333335 0.03166666666666667 0.0325
0 0.38916666666666666 0.44166666666666665 0.035 0.02666666666666667
0 0.42 0.44666666666666666 0.04 0.0475
0 0.3541666666666667 0.4508333333333333 0.03833333333333333 0.028333333333333332