0 0.7433333333333333 0.030833333333333334 0.0775 0.060833333333333336
0 0.9891666666666666 0.515 0.020833333333333332 0.10833333333333334
0 0.49916666666666665 0.5566666666666666 0.04666666666666667 0.14666666666666667
0 0.6633333333333333 0.02666666666666667 0.09 0.05333333333333334
0 0.5641666666666667 0.6616666666666666 0.0725 0.10916666666666666
0 0.49416666666666664 0.685 0.07333333333333333 0.085
0 0.9975 0.7608333333333334 0.004166666666666667 0.12916666666666668
0 0.5366666666666666 0.7741666666666667 0.07 0.0825
0 0.4766666666666667 0.8175 0.05 0.13
0 0.6058333333333333 0.12583333333333332 0.07916666666666666 0.08083333333333333
0 0.5125 0.16166666666666665 0.08916666666666667 0.07083333333333333
0 0.8225 0.17583333333333334 0.05416666666666667 0.10666666666666667
0 0.8708333333333333 0.20333333333333334 0.04583333333333333 0.10583333333333333
0 0.7541666666666667 0.22 0.04833333333333333 0.10333333333333333
0 0.7208333333333333 0.24 0.06333333333333334 0.1225
0 0.4325 0.2475 0.030833333333333334 0.15083333333333335
0 0.9783333333333334 0.2525 0.04 0.13166666666666665
0 0.48333333333333334 0.32 0.05583333333333333 0.1175
0 0.8191666666666667 0.023333333333333334 0.0775 0.04583333333333333
0 0.38 0.4483333333333333 0.03833333333333333 0.15