0 0.09333333333333334 0.5266666666666666 0.0575 0.1775
0 0.5608333333333333 0.04666666666666667 0.065 0.09333333333333334
0 0.47583333333333333 0.7333333333333333 0.060833333333333336 0.21333333333333335
0 0.23 0.7675 0.08916666666666667 0.155
0 0.755 0.8075 0.07833333333333334 0.19333333333333333
0 0.675 0.8266666666666667 0.06416666666666666 0.1875
0 0.13833333333333334 0.8741666666666666 0.08833333333333333 0.1675
0 0.6541666666666667 0.9441666666666667 0.051666666666666666 0.11083333333333334
0 0.41833333333333333 0.9641666666666666 0.06833333333333333 0.07083333333333333
0 0.825 0.9866666666666667 0.07 0.023333333333333334
0 0.59 0.9941666666666666 0.051666666666666666 0.010833333333333334
0 0.24333333333333335 0.08916666666666667 0.0525 0.1775
0 0.6033333333333334 0.0925 0.0525 0.17583333333333334
0 0.12083333333333333 0.015833333333333335 0.04833333333333333 0.03166666666666667
0 0.8416666666666667 0.2475 0.06166666666666667 0.1575