0 0.4275 0.8458333333333333 0.035 0.051666666666666666
0 0.2125 0.8708333333333333 0.0325 0.04583333333333333
0 0.2375 0.8916666666666667 0.041666666666666664 0.04833333333333333
0 0.26666666666666666 0.905 0.04583333333333333 0.04416666666666667
0 0.2025 0.9058333333333334 0.035 0.0475
0 0.22166666666666668 0.93 0.035 0.035833333333333335
0 0.24916666666666668 0.9325 0.04 0.0325
0 0.19166666666666668 0.9416666666666667 0.035 0.04
0 0.23333333333333334 0.9533333333333334 0.04083333333333333 0.035
0 0.20083333333333334 0.9575 0.035833333333333335 0.03666666666666667
0 0.1725 0.9575 0.0275 0.07833333333333334
0 0.2025 0.9775 0.0325 0.043333333333333335
0 0.175 0.9816666666666667 0.03166666666666667 0.035
0 0.2 0.99 0.03666666666666667 0.018333333333333333