0 0.8125 0.47833333333333333 0.03916666666666667 0.07916666666666666
0 0.7275 0.4875 0.055 0.05
0 0.7791666666666667 0.5033333333333333 0.024166666666666666 0.058333333333333334
0 0.03 0.028333333333333332 0.059166666666666666 0.045
0 0.8033333333333333 0.5966666666666667 0.028333333333333332 0.08333333333333333
0 0.6791666666666667 0.9091666666666667 0.0525 0.085
0 0.08583333333333333 0.085 0.035833333333333335 0.07
0 0.12 0.13916666666666666 0.03916666666666667 0.06666666666666667
0 0.14833333333333334 0.20666666666666667 0.0425 0.0675
0 0.295 0.23083333333333333 0.06333333333333334 0.050833333333333335
0 0.7158333333333333 0.2783333333333333 0.056666666666666664 0.043333333333333335
0 0.38916666666666666 0.2808333333333333 0.045 0.05583333333333333
0 0.6616666666666666 0.2816666666666667 0.05333333333333334 0.051666666666666666
0 0.4191666666666667 0.28833333333333333 0.04416666666666667 0.065
0 0.6108333333333333 0.2925 0.05 0.04833333333333333
0 0.6991666666666667 0.3025 0.0425 0.06
0 0.5608333333333333 0.31916666666666665 0.051666666666666666 0.050833333333333335
0 0.48 0.3233333333333333 0.050833333333333335 0.041666666666666664
0 0.45 0.33916666666666667 0.04583333333333333 0.04833333333333333
0 0.585 0.3466666666666667 0.050833333333333335 0.0525
0 0.5266666666666666 0.3516666666666667 0.059166666666666666 0.04833333333333333
0 0.49916666666666665 0.3675 0.0575 0.05333333333333334
0 0.5683333333333334 0.38916666666666666 0.0525 0.04583333333333333