0 0.21 0.465 0.024166666666666666 0.08416666666666667
0 0.5166666666666667 0.45916666666666667 0.029166666666666667 0.085
0 0.19916666666666666 0.44416666666666665 0.034166666666666665 0.08833333333333333
0 0.22083333333333333 0.41333333333333333 0.028333333333333332 0.08833333333333333
0 0.2833333333333333 0.39166666666666666 0.04 0.05583333333333333
0 0.24083333333333334 0.39166666666666666 0.023333333333333334 0.075
0 0.25083333333333335 0.3625 0.030833333333333334 0.0775
0 0.27166666666666667 0.35833333333333334 0.043333333333333335 0.03916666666666667
0 0.22833333333333333 0.35583333333333333 0.0325 0.08083333333333333
0 0.7283333333333334 0.9866666666666667 0.03333333333333333 0.023333333333333334
0 0.31333333333333335 0.2658333333333333 0.021666666666666667 0.08583333333333333
0 0.2833333333333333 0.18083333333333335 0.04583333333333333 0.06916666666666667
0 0.33916666666666667 0.1425 0.0275 0.10583333333333333
0 0.3225 0.08583333333333333 0.023333333333333334 0.1025
0 0.3383333333333333 0.060833333333333336 0.028333333333333332 0.08833333333333333
0 0.35333333333333333 0.059166666666666666 0.03 0.09083333333333334
0 0.38333333333333336 0.058333333333333334 0.024166666666666666 0.0825
0 0.3675 0.050833333333333335 0.024166666666666666 0.10083333333333333
0 0.31 0.0425 0.028333333333333332 0.07416666666666667
0 0.38666666666666666 0.029166666666666667 0.03333333333333333 0.056666666666666664
0 0.3433333333333333 0.0225 0.03666666666666667 0.041666666666666664
0 0.31083333333333335 0.020833333333333332 0.0375 0.04
0 0.325 0.019166666666666665 0.0375 0.0375
0 0.72 0.9758333333333333 0.04416666666666667 0.0475
0 0.795 0.9691666666666666 0.029166666666666667 0.05583333333333333
0 0.7825 0.9625 0.03666666666666667 0.07083333333333333
0 0.7691666666666667 0.9558333333333333 0.034166666666666665 0.0675
0 0.7558333333333334 0.95 0.0325 0.08083333333333333
0 0.8116666666666666 0.9266666666666666 0.024166666666666666 0.08
0 0.7425 0.9216666666666666 0.03666666666666667 0.075
0 0.785 0.8933333333333333 0.04 0.0775
0 0.8425 0.8775 0.024166666666666666 0.0625
0 0.815 0.8716666666666667 0.0325 0.04833333333333333
0 0.8341666666666666 0.87 0.028333333333333332 0.060833333333333336
0 0.8583333333333333 0.86 0.02 0.07916666666666666
0 0.8683333333333333 0.8533333333333334 0.028333333333333332 0.0875
0 0.8066666666666666 0.8233333333333334 0.04 0.08416666666666667
0 0.8266666666666667 0.8133333333333334 0.0275 0.095
0 0.8458333333333333 0.8116666666666666 0.028333333333333332 0.07666666666666666
0 0.87 0.8091666666666667 0.030833333333333334 0.07
0 0.7966666666666666 0.8066666666666666 0.05583333333333333 0.08583333333333333
0 0.8433333333333334 0.775 0.02 0.09083333333333334
0 0.8733333333333333 0.77 0.019166666666666665 0.0775
0 0.8833333333333333 0.7575 0.025 0.09083333333333334
0 0.8558333333333333 0.7391666666666666 0.025 0.09166666666666666
0 0.7316666666666667 0.7375 0.0275 0.09083333333333334
0 0.8325 0.7225 0.025 0.0925
0 0.8725 0.6941666666666667 0.0275 0.0925
0 0.6591666666666667 0.6733333333333333 0.030833333333333334 0.05416666666666667
0 0.6508333333333334 0.6375 0.029166666666666667 0.05583333333333333
0 0.6808333333333333 0.6325 0.045 0.043333333333333335