0 0.8533333333333334 0.4766666666666667 0.0475 0.050833333333333335
0 0.9033333333333333 0.5291666666666667 0.06 0.07916666666666666
0 0.14916666666666667 0.9191666666666667 0.025 0.065
0 0.17166666666666666 0.9591666666666666 0.0275 0.08
0 0.155 0.9891666666666666 0.020833333333333332 0.020833333333333332
0 0.6525 0.1725 0.055 0.049166666666666664
0 0.6008333333333333 0.17333333333333334 0.05583333333333333 0.055
0 0.4683333333333333 0.17333333333333334 0.04583333333333333 0.05416666666666667
0 0.48 0.19833333333333333 0.035 0.035833333333333335
0 0.4166666666666667 0.20666666666666667 0.04416666666666667 0.06166666666666667
0 0.5258333333333334 0.20833333333333334 0.058333333333333334 0.055
0 0.43583333333333335 0.21166666666666667 0.041666666666666664 0.05416666666666667
0 0.6975 0.21666666666666667 0.04 0.065
0 0.7283333333333334 0.2225 0.034166666666666665 0.04583333333333333
0 0.45916666666666667 0.22583333333333333 0.04833333333333333 0.07
0 0.75 0.23166666666666666 0.04833333333333333 0.06833333333333333
0 0.58 0.2833333333333333 0.050833333333333335 0.08583333333333333
0 0.78 0.29833333333333334 0.050833333333333335 0.06583333333333333
0 0.7266666666666667 0.31166666666666665 0.035 0.08916666666666667
0 0.6341666666666667 0.35083333333333333 0.05583333333333333 0.06666666666666667
0 0.16833333333333333 0.3725 0.034166666666666665 0.12
0 0.6825 0.395 0.060833333333333336 0.050833333333333335
0 0.7983333333333333 0.43833333333333335 0.056666666666666664 0.07166666666666667
0 0.8208333333333333 0.44583333333333336 0.03166666666666667 0.06