0 0.5908333333333333 0.46416666666666667 0.035 0.03916666666666667
0 0.5633333333333334 0.465 0.02666666666666667 0.04666666666666667
0 0.62 0.47 0.035833333333333335 0.034166666666666665
0 0.5925 0.48583333333333334 0.034166666666666665 0.029166666666666667
0 0.635 0.495 0.018333333333333333 0.07
0 0.5725 0.4975 0.03916666666666667 0.03666666666666667
0 0.6116666666666667 0.5 0.0375 0.034166666666666665
0 0.6108333333333333 0.5291666666666667 0.041666666666666664 0.035833333333333335
0 0.5908333333333333 0.5466666666666666 0.03916666666666667 0.028333333333333332
0 0.6741666666666667 0.5491666666666667 0.03916666666666667 0.04416666666666667
0 0.7008333333333333 0.5508333333333333 0.043333333333333335 0.034166666666666665
0 0.6258333333333334 0.565 0.035 0.050833333333333335
0 0.6033333333333334 0.5675 0.0325 0.0275
0 0.6591666666666667 0.5741666666666667 0.04083333333333333 0.035
0 0.5333333333333333 0.5825 0.0425 0.03916666666666667
0 0.62 0.5908333333333333 0.04083333333333333 0.03
0 0.6466666666666666 0.6066666666666667 0.0425 0.035
0 0.5316666666666666 0.6091666666666666 0.035833333333333335 0.03
0 0.5991666666666666 0.6166666666666667 0.04083333333333333 0.05583333333333333
0 0.6633333333333333 0.6216666666666667 0.03166666666666667 0.03833333333333333
0 0.68 0.6275 0.0275 0.028333333333333332
0 0.5458333333333333 0.63 0.041666666666666664 0.035
0 0.6541666666666667 0.65 0.0375 0.0275
0 0.6183333333333333 0.6566666666666666 0.04416666666666667 0.03666666666666667
0 0.06916666666666667 0.6608333333333334 0.051666666666666666 0.035833333333333335
0 0.5341666666666667 0.6616666666666666 0.03916666666666667 0.03833333333333333
0 0.655 0.6733333333333333 0.035 0.03
0 0.0825 0.6891666666666667 0.02666666666666667 0.04
0 0.6375 0.6908333333333333 0.03916666666666667 0.04833333333333333
0 0.5541666666666667 0.6925 0.04583333333333333 0.0325
0 0.5075 0.7008333333333333 0.04583333333333333 0.049166666666666664
0 0.6775 0.7125 0.0425 0.05333333333333334
0 0.585 0.7158333333333333 0.045 0.051666666666666666
0 0.5275 0.7166666666666667 0.04666666666666667 0.034166666666666665
0 0.18333333333333332 0.7266666666666667 0.05583333333333333 0.05333333333333334
0 0.5741666666666667 0.07333333333333333 0.0275 0.035833333333333335
0 0.5283333333333333 0.7366666666666667 0.03666666666666667 0.03916666666666667
0 0.5525 0.7433333333333333 0.0425 0.0425
0 0.10833333333333334 0.7516666666666667 0.055 0.034166666666666665
0 0.5225 0.7741666666666667 0.04 0.035
0 0.5633333333333334 0.7825 0.034166666666666665 0.07416666666666667
0 0.11583333333333333 0.7991666666666667 0.05583333333333333 0.06916666666666667
0 0.5183333333333333 0.8041666666666667 0.0375 0.04833333333333333
0 0.38916666666666666 0.9175 0.0375 0.06833333333333333
0 0.5925 0.09833333333333333 0.0275 0.04666666666666667
0 0.085 0.9841666666666666 0.03833333333333333 0.030833333333333334
0 0.6133333333333333 0.10083333333333333 0.03333333333333333 0.04833333333333333
0 0.5775 0.10666666666666667 0.019166666666666665 0.029166666666666667
0 0.65 0.12916666666666668 0.043333333333333335 0.0475
0 0.625 0.13333333333333333 0.0325 0.03
0 0.6141666666666666 0.13416666666666666 0.02666666666666667 0.03166666666666667
0 0.5908333333333333 0.13583333333333333 0.03166666666666667 0.050833333333333335
0 0.6458333333333334 0.15 0.0275 0.0275
0 0.5733333333333334 0.15583333333333332 0.03833333333333333 0.035
0 0.375 0.15833333333333333 0.049166666666666664 0.034166666666666665
0 0.6241666666666666 0.15833333333333333 0.0375 0.0325
0 0.3308333333333333 0.165 0.04666666666666667 0.03166666666666667
0 0.2991666666666667 0.17 0.03833333333333333 0.0275
0 0.5941666666666666 0.18166666666666667 0.04083333333333333 0.0425
0 0.6191666666666666 0.1925 0.04583333333333333 0.049166666666666664
0 0.6425 0.2 0.0375 0.0425
0 0.19083333333333333 0.2733333333333333 0.049166666666666664 0.02666666666666667
0 0.20416666666666666 0.2916666666666667 0.05583333333333333 0.0275
0 0.5583333333333333 0.36 0.0175 0.07
0 0.565 0.3641666666666667 0.019166666666666665 0.0725
0 0.5725 0.3675 0.015 0.07333333333333333
0 0.5891666666666666 0.405 0.02 0.06833333333333333
0 0.5641666666666667 0.4191666666666667 0.029166666666666667 0.0625
0 0.6091666666666666 0.4216666666666667 0.024166666666666666 0.07416666666666667
0 0.5866666666666667 0.43083333333333335 0.025 0.049166666666666664