0 0.45166666666666666 0.4525 0.030833333333333334 0.030833333333333334
0 0.39416666666666667 0.4658333333333333 0.03833333333333333 0.043333333333333335
0 0.44 0.4675 0.028333333333333332 0.04
0 0.4241666666666667 0.4708333333333333 0.03666666666666667 0.03833333333333333
0 0.42583333333333334 0.5 0.0325 0.0475
0 0.3825 0.5025 0.04083333333333333 0.034166666666666665
0 0.46 0.5075 0.0375 0.049166666666666664
0 0.45166666666666666 0.52 0.028333333333333332 0.04666666666666667
0 0.40166666666666667 0.5216666666666666 0.029166666666666667 0.03333333333333333
0 0.4216666666666667 0.5241666666666667 0.0375 0.06333333333333334
0 0.37083333333333335 0.5258333333333334 0.03916666666666667 0.03166666666666667
0 0.35583333333333333 0.5433333333333333 0.03833333333333333 0.030833333333333334
0 0.3925 0.5466666666666666 0.035833333333333335 0.029166666666666667
0 0.455 0.5483333333333333 0.035 0.04833333333333333
0 0.4791666666666667 0.5525 0.03333333333333333 0.041666666666666664
0 0.4241666666666667 0.5575 0.041666666666666664 0.04833333333333333
0 0.37333333333333335 0.5683333333333334 0.04416666666666667 0.03
0 0.8975 0.014166666666666666 0.035 0.028333333333333332
0 0.6033333333333334 0.71 0.024166666666666666 0.07083333333333333
0 0.99 0.021666666666666667 0.016666666666666666 0.043333333333333335
0 0.9125 0.021666666666666667 0.035 0.043333333333333335
0 0.71 0.7516666666666667 0.0425 0.0325
0 0.7333333333333333 0.7575 0.04083333333333333 0.058333333333333334
0 0.7008333333333333 0.8 0.030833333333333334 0.051666666666666666
0 0.04666666666666667 0.805 0.045 0.060833333333333336
0 0.9475 0.028333333333333332 0.035 0.034166666666666665
0 0.9741666666666666 0.03833333333333333 0.034166666666666665 0.03666666666666667
0 0.9883333333333333 0.03916666666666667 0.02 0.03833333333333333
0 0.9408333333333333 0.050833333333333335 0.03916666666666667 0.03333333333333333
0 0.9941666666666666 0.07166666666666667 0.010833333333333334 0.04416666666666667
0 0.97 0.0775 0.028333333333333332 0.060833333333333336
0 0.9541666666666667 0.08416666666666667 0.02 0.059166666666666666