0 0.7725 0.4508333333333333 0.028333333333333332 0.08083333333333333
0 0.6058333333333333 0.4575 0.016666666666666666 0.07166666666666667
0 0.6733333333333333 0.45916666666666667 0.019166666666666665 0.07083333333333333
0 0.7058333333333333 0.46416666666666667 0.018333333333333333 0.058333333333333334
0 0.7958333333333333 0.475 0.02666666666666667 0.06166666666666667
0 0.8175 0.4791666666666667 0.0275 0.06666666666666667
0 0.6966666666666667 0.48 0.02 0.060833333333333336
0 0.6858333333333333 0.5 0.016666666666666666 0.065
0 0.7958333333333333 0.5083333333333333 0.0325 0.07333333333333333
0 0.7191666666666666 0.5225 0.025833333333333333 0.06833333333333333
0 0.55 0.5333333333333333 0.018333333333333333 0.0725
0 0.7891666666666667 0.5358333333333334 0.025 0.07666666666666666
0 0.7075 0.5391666666666667 0.0275 0.0675
0 0.5616666666666666 0.5458333333333333 0.015833333333333335 0.08333333333333333
0 0.7375 0.5483333333333333 0.025833333333333333 0.07833333333333334
0 0.76 0.5558333333333333 0.0175 0.05333333333333334
0 0.6858333333333333 0.5583333333333333 0.034166666666666665 0.06333333333333334
0 0.5425 0.57 0.018333333333333333 0.08666666666666667
0 0.7258333333333333 0.5858333333333333 0.0225 0.06583333333333333
0 0.5783333333333334 0.6 0.019166666666666665 0.07083333333333333
0 0.5566666666666666 0.6033333333333334 0.015833333333333335 0.07583333333333334
0 0.5383333333333333 0.6158333333333333 0.015833333333333335 0.07583333333333334
0 0.7408333333333333 0.6175 0.020833333333333332 0.05333333333333334
0 0.695 0.6233333333333333 0.0175 0.07583333333333334
0 0.5716666666666667 0.6258333333333334 0.021666666666666667 0.08666666666666667
0 0.5925 0.6275 0.013333333333333334 0.050833333333333335
0 0.7083333333333334 0.6433333333333333 0.02 0.0925
0 0.7208333333333333 0.6508333333333334 0.0225 0.08416666666666667
0 0.52 0.6525 0.02666666666666667 0.07166666666666667
0 0.485 0.6575 0.021666666666666667 0.075
0 0.5416666666666666 0.66 0.020833333333333332 0.06833333333333333
0 0.7375 0.66 0.02666666666666667 0.07083333333333333
0 0.5666666666666667 0.6675 0.016666666666666666 0.09166666666666666
0 0.5958333333333333 0.6708333333333333 0.030833333333333334 0.05583333333333333
0 0.4775 0.6808333333333333 0.02 0.07916666666666666
0 0.55 0.685 0.019166666666666665 0.06916666666666667
0 0.68 0.685 0.041666666666666664 0.05
0 0.585 0.6933333333333334 0.015833333333333335 0.0725
0 0.52 0.695 0.018333333333333333 0.06416666666666666
0 0.7358333333333333 0.6983333333333334 0.020833333333333332 0.07083333333333333
0 0.5291666666666667 0.7041666666666667 0.014166666666666666 0.105
0 0.5991666666666666 0.7158333333333333 0.014166666666666666 0.0675
0 0.5025 0.7208333333333333 0.018333333333333333 0.07833333333333334
0 0.5408333333333334 0.7241666666666666 0.015 0.07083333333333333
0 0.75 0.7341666666666666 0.02 0.07166666666666667
0 0.4875 0.74 0.020833333333333332 0.08166666666666667
0 0.46166666666666667 0.7558333333333334 0.0175 0.08166666666666667
0 0.4875 0.7816666666666666 0.024166666666666666 0.07333333333333333
0 0.5133333333333333 0.7925 0.018333333333333333 0.09666666666666666
0 0.5 0.8041666666666667 0.019166666666666665 0.09416666666666666
0 0.4691666666666667 0.8075 0.020833333333333332 0.09083333333333334
0 0.4525 0.8191666666666667 0.016666666666666666 0.075
0 0.475 0.8616666666666667 0.0325 0.07333333333333333
0 0.9833333333333333 0.9341666666666667 0.03 0.075
0 0.56 0.165 0.021666666666666667 0.0625
0 0.5375 0.17166666666666666 0.03333333333333333 0.07083333333333333
0 0.5508333333333333 0.18 0.016666666666666666 0.03833333333333333
0 0.5533333333333333 0.21333333333333335 0.028333333333333332 0.045
0 0.5933333333333334 0.22083333333333333 0.035833333333333335 0.04
0 0.57 0.22583333333333333 0.02666666666666667 0.0225
0 0.615 0.235 0.045 0.03166666666666667
0 0.49916666666666665 0.2375 0.035 0.03
0 0.5491666666666667 0.24083333333333334 0.034166666666666665 0.035833333333333335
0 0.5216666666666666 0.2425 0.0375 0.04833333333333333
0 0.4775 0.2425 0.03333333333333333 0.029166666666666667
0 0.5708333333333333 0.24666666666666667 0.04416666666666667 0.0375
0 0.45 0.24833333333333332 0.03916666666666667 0.04083333333333333
0 0.6391666666666667 0.25083333333333335 0.03666666666666667 0.025833333333333333
0 0.43833333333333335 0.25833333333333336 0.04 0.04083333333333333
0 0.6016666666666667 0.25916666666666666 0.0425 0.02666666666666667
0 0.47833333333333333 0.27 0.04083333333333333 0.03833333333333333
0 0.5183333333333333 0.27 0.041666666666666664 0.04
0 0.6391666666666667 0.2725 0.03333333333333333 0.02666666666666667
0 0.4216666666666667 0.2783333333333333 0.025833333333333333 0.059166666666666666
0 0.615 0.2783333333333333 0.0375 0.02666666666666667
0 0.43916666666666665 0.2808333333333333 0.03 0.034166666666666665
0 0.48583333333333334 0.29333333333333333 0.03666666666666667 0.029166666666666667
0 0.6508333333333334 0.3016666666666667 0.0375 0.0425
0 0.67 0.30333333333333334 0.03333333333333333 0.050833333333333335
0 0.6266666666666667 0.30916666666666665 0.04 0.04833333333333333
0 0.5975 0.31083333333333335 0.021666666666666667 0.08666666666666667
0 0.6458333333333334 0.33666666666666667 0.03916666666666667 0.041666666666666664
0 0.6808333333333333 0.3466666666666667 0.03333333333333333 0.04833333333333333
0 0.6675 0.3491666666666667 0.035 0.060833333333333336
0 0.6583333333333333 0.3591666666666667 0.035833333333333335 0.04416666666666667
0 0.6166666666666667 0.3616666666666667 0.043333333333333335 0.04083333333333333
0 0.6433333333333333 0.3825 0.03833333333333333 0.04583333333333333
0 0.6241666666666666 0.39166666666666666 0.04083333333333333 0.05
0 0.7008333333333333 0.39666666666666667 0.03333333333333333 0.06833333333333333
0 0.5966666666666667 0.3983333333333333 0.025 0.06583333333333333
0 0.6691666666666667 0.4033333333333333 0.028333333333333332 0.05583333333333333
0 0.9808333333333333 0.405 0.0375 0.07666666666666666
0 0.6875 0.4058333333333333 0.03333333333333333 0.065
0 0.7725 0.41083333333333333 0.030833333333333334 0.0675
0 0.6625 0.4266666666666667 0.021666666666666667 0.06666666666666667
0 0.7925 0.43083333333333335 0.03 0.075
0 0.6183333333333333 0.44166666666666665 0.019166666666666665 0.07666666666666666
0 0.7191666666666666 0.44166666666666665 0.02 0.06416666666666666
0 0.6866666666666666 0.44166666666666665 0.016666666666666666 0.06166666666666667