0 0.3566666666666667 0.5583333333333333 0.023333333333333334 0.0725
0 0.1375 0.5583333333333333 0.03833333333333333 0.07
0 0.40166666666666667 0.5541666666666667 0.0175 0.06833333333333333
0 0.365 0.5483333333333333 0.0175 0.06166666666666667
0 0.37916666666666665 0.5458333333333333 0.015833333333333335 0.08166666666666667
0 0.5333333333333333 0.5425 0.025833333333333333 0.058333333333333334
0 0.425 0.5291666666666667 0.02666666666666667 0.049166666666666664
0 0.3933333333333333 0.5291666666666667 0.021666666666666667 0.06583333333333333
0 0.49583333333333335 0.5225 0.016666666666666666 0.0775
0 0.5366666666666666 0.5191666666666667 0.015 0.07333333333333333
0 0.5116666666666667 0.5166666666666667 0.015833333333333335 0.050833333333333335
0 0.19083333333333333 0.985 0.041666666666666664 0.029166666666666667
0 0.5866666666666667 0.9891666666666666 0.03333333333333333 0.018333333333333333
0 0.5491666666666667 0.5091666666666667 0.0175 0.08333333333333333
0 0.48333333333333334 0.5058333333333334 0.015833333333333335 0.07666666666666666
0 0.415 0.505 0.018333333333333333 0.07
0 0.36833333333333335 0.5033333333333333 0.020833333333333332 0.06916666666666667
0 0.5608333333333333 0.5008333333333334 0.020833333333333332 0.06583333333333333
0 0.4266666666666667 0.49916666666666665 0.0275 0.07083333333333333
0 0.39 0.48833333333333334 0.0175 0.06666666666666667
0 0.5225 0.485 0.018333333333333333 0.08583333333333333
0 0.4091666666666667 0.48083333333333333 0.015833333333333335 0.06333333333333334
0 0.49666666666666665 0.4741666666666667 0.019166666666666665 0.07166666666666667
0 0.37166666666666665 0.4725 0.020833333333333332 0.07583333333333334
0 0.575 0.4666666666666667 0.02 0.07916666666666666
0 0.40166666666666667 0.4608333333333333 0.016666666666666666 0.07916666666666666
0 0.42833333333333334 0.46 0.015833333333333335 0.07
0 0.5333333333333333 0.45916666666666667 0.015833333333333335 0.08666666666666667
0 0.5625 0.4575 0.020833333333333332 0.06166666666666667
0 0.545 0.45666666666666667 0.014166666666666666 0.07333333333333333
0 0.5083333333333333 0.45416666666666666 0.019166666666666665 0.0825
0 0.4875 0.43416666666666665 0.025 0.08
0 0.555 0.43416666666666665 0.018333333333333333 0.07916666666666666
0 0.4116666666666667 0.43 0.014166666666666666 0.058333333333333334
0 0.5025 0.4266666666666667 0.018333333333333333 0.0575
0 0.44583333333333336 0.4216666666666667 0.025 0.0775
0 0.18333333333333332 0.4191666666666667 0.04083333333333333 0.0375
0 0.42333333333333334 0.4175 0.021666666666666667 0.07083333333333333
0 0.5716666666666667 0.4116666666666667 0.014166666666666666 0.049166666666666664
0 0.5683333333333334 0.9858333333333333 0.03333333333333333 0.025
0 0.03 0.39166666666666666 0.029166666666666667 0.04666666666666667
0 0.555 0.39 0.023333333333333334 0.07166666666666667
0 0.5833333333333334 0.3875 0.019166666666666665 0.085
0 0.495 0.37333333333333335 0.020833333333333332 0.07833333333333334
0 0.6016666666666667 0.36333333333333334 0.019166666666666665 0.08083333333333333
0 0.5691666666666667 0.35083333333333333 0.015833333333333335 0.08333333333333333
0 0.025833333333333333 0.35083333333333333 0.0275 0.0525
0 0.5533333333333333 0.34 0.021666666666666667 0.075
0 0.5791666666666667 0.3283333333333333 0.015833333333333335 0.08666666666666667
0 0.4725 0.3275 0.02 0.08166666666666667
0 0.5925 0.31833333333333336 0.015833333333333335 0.08416666666666667
0 0.6066666666666667 0.3075 0.0175 0.08666666666666667
0 0.5608333333333333 0.3025 0.015833333333333335 0.0675
0 0.5791666666666667 0.2733333333333333 0.020833333333333332 0.060833333333333336
0 0.5916666666666667 0.25833333333333336 0.025833333333333333 0.06583333333333333
0 0.6041666666666666 0.24833333333333332 0.025 0.07416666666666667
0 0.6041666666666666 0.21666666666666667 0.02 0.06
0 0.16333333333333333 0.9691666666666666 0.04 0.058333333333333334
0 0.6125 0.9633333333333334 0.028333333333333332 0.07
0 0.6475 0.9625 0.021666666666666667 0.07166666666666667
0 0.6008333333333333 0.9683333333333334 0.0225 0.041666666666666664
0 0.57 0.9666666666666667 0.0325 0.0425
0 0.5491666666666667 0.9633333333333334 0.04083333333333333 0.0375
0 0.5941666666666666 0.9583333333333334 0.035 0.05583333333333333
0 0.5733333333333334 0.056666666666666664 0.025833333333333333 0.08583333333333333
0 0.6366666666666667 0.94 0.023333333333333334 0.07416666666666667
0 0.5283333333333333 0.9383333333333334 0.04 0.0525
0 0.5066666666666667 0.9366666666666666 0.0325 0.0525
0 0.5675 0.9358333333333333 0.03666666666666667 0.034166666666666665
0 0.535 0.9108333333333334 0.029166666666666667 0.065
0 0.5591666666666667 0.9058333333333334 0.035833333333333335 0.060833333333333336
0 0.5116666666666667 0.8958333333333334 0.029166666666666667 0.06166666666666667
0 0.49416666666666664 0.8941666666666667 0.03833333333333333 0.05416666666666667
0 0.6591666666666667 0.8891666666666667 0.0225 0.043333333333333335
0 0.645 0.8858333333333334 0.0275 0.0575
0 0.6725 0.8533333333333334 0.03833333333333333 0.04
0 0.3625 0.8516666666666667 0.03833333333333333 0.060833333333333336
0 0.485 0.8441666666666666 0.035 0.055
0 0.375 0.8433333333333334 0.035 0.05333333333333334
0 0.6658333333333334 0.8366666666666667 0.03333333333333333 0.03333333333333333
0 0.6858333333333333 0.8233333333333334 0.04583333333333333 0.04
0 0.4575 0.8191666666666667 0.029166666666666667 0.06166666666666667
0 0.3725 0.8116666666666666 0.02666666666666667 0.06833333333333333
0 0.3466666666666667 0.8066666666666666 0.02666666666666667 0.04833333333333333
0 0.085 0.8041666666666667 0.025833333333333333 0.041666666666666664
0 0.3225 0.8033333333333333 0.03 0.05333333333333334
0 0.4191666666666667 0.7825 0.025833333333333333 0.06583333333333333
0 0.34833333333333333 0.7816666666666666 0.030833333333333334 0.0525
0 0.4375 0.7791666666666667 0.025833333333333333 0.055
0 0.4066666666666667 0.7483333333333333 0.030833333333333334 0.049166666666666664
0 0.4558333333333333 0.725 0.028333333333333332 0.065
0 0.3883333333333333 0.7233333333333334 0.0125 0.04583333333333333
0 0.3983333333333333 0.7116666666666667 0.034166666666666665 0.06916666666666667
0 0.41333333333333333 0.6908333333333333 0.023333333333333334 0.09083333333333334
0 0.44583333333333336 0.6733333333333333 0.021666666666666667 0.051666666666666666
0 0.37666666666666665 0.6658333333333334 0.019166666666666665 0.06583333333333333
0 0.39166666666666666 0.6641666666666667 0.025833333333333333 0.06916666666666667
0 0.395 0.6375 0.021666666666666667 0.07666666666666666
0 0.42833333333333334 0.6208333333333333 0.021666666666666667 0.08333333333333333
0 0.36916666666666664 0.6066666666666667 0.0175 0.07416666666666667
0 0.39916666666666667 0.6041666666666666 0.0225 0.07583333333333334
0 0.38333333333333336 0.5975 0.014166666666666666 0.0775
0 0.4191666666666667 0.5966666666666667 0.02 0.09083333333333334
0 0.41 0.5783333333333334 0.0175 0.07833333333333334
0 0.11916666666666667 0.5633333333333334 0.03833333333333333 0.058333333333333334