0 0.46 0.4633333333333333 0.030833333333333334 0.030833333333333334
0 0.5025 0.4666666666666667 0.03333333333333333 0.0275
0 0.43416666666666665 0.47 0.0275 0.04833333333333333
0 0.4866666666666667 0.48083333333333333 0.03166666666666667 0.0325
0 0.46 0.4825 0.03333333333333333 0.04083333333333333
0 0.4125 0.4841666666666667 0.0175 0.065
0 0.43083333333333335 0.4925 0.02666666666666667 0.0425
0 0.43833333333333335 0.5216666666666666 0.034166666666666665 0.03
0 0.42083333333333334 0.5291666666666667 0.03 0.04833333333333333
0 0.4425 0.5441666666666667 0.029166666666666667 0.04583333333333333
0 0.4175 0.5625 0.024166666666666666 0.059166666666666666
0 0.44416666666666665 0.565 0.02666666666666667 0.035833333333333335
0 0.4608333333333333 0.5925 0.03916666666666667 0.03
0 0.43166666666666664 0.6125 0.023333333333333334 0.055
0 0.465 0.6216666666666667 0.03916666666666667 0.04666666666666667
0 0.4533333333333333 0.6241666666666666 0.029166666666666667 0.0475
0 0.45666666666666667 0.6516666666666666 0.028333333333333332 0.04833333333333333
0 0.4816666666666667 0.6558333333333334 0.03333333333333333 0.029166666666666667
0 0.49 0.6841666666666667 0.035 0.030833333333333334
0 0.4666666666666667 0.6875 0.0375 0.0375
0 0.5241666666666667 0.7008333333333333 0.03333333333333333 0.025833333333333333
0 0.495 0.7066666666666667 0.03333333333333333 0.0275
0 0.5341666666666667 0.7233333333333334 0.030833333333333334 0.0275
0 0.48083333333333333 0.7308333333333333 0.035833333333333335 0.051666666666666666
0 0.5091666666666667 0.7316666666666667 0.03666666666666667 0.035
0 0.4266666666666667 0.3175 0.016666666666666666 0.07
0 0.465 0.31916666666666665 0.03166666666666667 0.03666666666666667
0 0.48583333333333334 0.3233333333333333 0.0375 0.03666666666666667
0 0.46 0.34 0.02666666666666667 0.034166666666666665
0 0.41 0.355 0.014166666666666666 0.056666666666666664
0 0.43666666666666665 0.3566666666666667 0.014166666666666666 0.06416666666666666
0 0.49166666666666664 0.3641666666666667 0.030833333333333334 0.034166666666666665
0 0.5166666666666667 0.3725 0.034166666666666665 0.03166666666666667
0 0.46416666666666667 0.37333333333333335 0.030833333333333334 0.028333333333333332
0 0.44166666666666665 0.37416666666666665 0.014166666666666666 0.06
0 0.41583333333333333 0.3775 0.014166666666666666 0.06666666666666667
0 0.49916666666666665 0.39416666666666667 0.0275 0.03166666666666667
0 0.48083333333333333 0.3958333333333333 0.03166666666666667 0.035
0 0.43 0.3975 0.015 0.06333333333333334
0 0.4575 0.3983333333333333 0.029166666666666667 0.035
0 0.5075 0.4091666666666667 0.02666666666666667 0.035833333333333335
0 0.4891666666666667 0.42 0.024166666666666666 0.030833333333333334
0 0.46416666666666667 0.4241666666666667 0.03166666666666667 0.0275
0 0.5058333333333334 0.4275 0.035 0.028333333333333332
0 0.5283333333333333 0.4325 0.019166666666666665 0.0225
0 0.45 0.43333333333333335 0.03 0.0325
0 0.5391666666666667 0.43833333333333335 0.0175 0.06166666666666667
0 0.42916666666666664 0.43916666666666665 0.03 0.04666666666666667
0 0.5041666666666667 0.4475 0.03333333333333333 0.02666666666666667
0 0.48 0.45166666666666666 0.030833333333333334 0.0275