0 0.10833333333333334 0.5375 0.025833333333333333 0.0325
0 0.23 0.9858333333333333 0.023333333333333334 0.025
0 0.16833333333333333 0.5258333333333334 0.034166666666666665 0.03666666666666667
0 0.09333333333333334 0.5233333333333333 0.04 0.035
0 0.13416666666666666 0.5108333333333334 0.02666666666666667 0.04416666666666667
0 0.23333333333333334 0.465 0.03166666666666667 0.03333333333333333
0 0.13333333333333333 0.4608333333333333 0.03666666666666667 0.043333333333333335
0 0.19833333333333333 0.45916666666666667 0.029166666666666667 0.030833333333333334
0 0.2225 0.45166666666666666 0.023333333333333334 0.03916666666666667
0 0.25 0.44166666666666665 0.035 0.03833333333333333
0 0.25166666666666665 0.41333333333333333 0.023333333333333334 0.035833333333333335
0 0.2275 0.4066666666666667 0.035 0.03916666666666667
0 0.18 0.3925 0.03833333333333333 0.03833333333333333
0 0.14083333333333334 0.3908333333333333 0.015 0.05
0 0.21583333333333332 0.38416666666666666 0.03666666666666667 0.035833333333333335
0 0.5583333333333333 0.3441666666666667 0.028333333333333332 0.03666666666666667
0 0.19 0.3375 0.02 0.07666666666666666
0 0.041666666666666664 0.3333333333333333 0.013333333333333334 0.058333333333333334
0 0.5425 0.33 0.035 0.0625
0 0.030833333333333334 0.32166666666666666 0.016666666666666666 0.0475
0 0.535 0.31916666666666665 0.021666666666666667 0.03166666666666667
0 0.2425 0.9725 0.015833333333333335 0.05
0 0.23166666666666666 0.21833333333333332 0.056666666666666664 0.058333333333333334
0 0.17 0.12666666666666668 0.0175 0.0725
0 0.4825 0.065 0.04583333333333333 0.045
0 0.24916666666666668 0.9466666666666667 0.023333333333333334 0.021666666666666667
0 0.2783333333333333 0.9391666666666667 0.023333333333333334 0.025833333333333333
0 0.25 0.9283333333333333 0.029166666666666667 0.03833333333333333
0 0.2866666666666667 0.8383333333333334 0.018333333333333333 0.03916666666666667
0 0.2683333333333333 0.8375 0.015833333333333335 0.0175
0 0.24916666666666668 0.8275 0.025 0.02666666666666667
0 0.21916666666666668 0.8225 0.024166666666666666 0.03666666666666667
0 0.2825 0.8175 0.020833333333333332 0.030833333333333334
0 0.27416666666666667 0.8075 0.03 0.0375
0 0.26 0.8058333333333333 0.023333333333333334 0.04083333333333333
0 0.24083333333333334 0.8041666666666667 0.024166666666666666 0.03166666666666667
0 0.25 0.7925 0.029166666666666667 0.04083333333333333
0 0.22166666666666668 0.7916666666666666 0.025 0.034166666666666665
0 0.20166666666666666 0.7833333333333333 0.029166666666666667 0.028333333333333332
0 0.24 0.7791666666666667 0.02 0.03333333333333333
0 0.23666666666666666 0.7508333333333334 0.018333333333333333 0.04666666666666667
0 0.5666666666666667 0.7408333333333333 0.03166666666666667 0.0425
0 0.24 0.7341666666666666 0.014166666666666666 0.0475
0 0.23166666666666666 0.7108333333333333 0.028333333333333332 0.035
0 0.22333333333333333 0.6983333333333334 0.029166666666666667 0.0375
0 0.2 0.6833333333333333 0.023333333333333334 0.0375
0 0.19333333333333333 0.6716666666666666 0.023333333333333334 0.030833333333333334
0 0.17333333333333334 0.6583333333333333 0.024166666666666666 0.03333333333333333
0 0.15166666666666667 0.6466666666666666 0.0225 0.05
0 0.19 0.6441666666666667 0.03166666666666667 0.035
0 0.1625 0.6308333333333334 0.029166666666666667 0.0275
0 0.49 0.6266666666666667 0.023333333333333334 0.03666666666666667
0 0.1275 0.6208333333333333 0.024166666666666666 0.028333333333333332
0 0.5108333333333334 0.6191666666666666 0.0225 0.04
0 0.17333333333333334 0.615 0.028333333333333332 0.03333333333333333
0 0.2425 0.995 0.011666666666666667 0.006666666666666667
0 0.14916666666666667 0.6108333333333333 0.02666666666666667 0.025833333333333333
0 0.5316666666666666 0.6075 0.021666666666666667 0.055
0 0.14666666666666667 0.5958333333333333 0.02666666666666667 0.024166666666666666
0 0.12166666666666667 0.5908333333333333 0.03166666666666667 0.06333333333333334
0 0.1775 0.5858333333333333 0.03333333333333333 0.0375
0 0.12916666666666668 0.5833333333333334 0.030833333333333334 0.02666666666666667
0 0.15583333333333332 0.5766666666666667 0.03 0.030833333333333334
0 0.1375 0.5566666666666666 0.024166666666666666 0.03333333333333333
0 0.1225 0.5533333333333333 0.02 0.04666666666666667
0 0.17666666666666667 0.5516666666666666 0.035833333333333335 0.03833333333333333
0 0.1575 0.5508333333333333 0.0275 0.05