0 0.5491666666666667 0.4675 0.03 0.07916666666666666
0 0.535 0.48583333333333334 0.015833333333333335 0.09666666666666666
0 0.5166666666666667 0.49416666666666664 0.0325 0.08
0 0.5725 0.5133333333333333 0.024166666666666666 0.09416666666666666
0 0.5416666666666666 0.525 0.0225 0.07166666666666667
0 0.7583333333333333 0.5308333333333334 0.041666666666666664 0.034166666666666665
0 0.6058333333333333 0.5308333333333334 0.04833333333333333 0.050833333333333335
0 0.7183333333333334 0.5316666666666666 0.0425 0.050833333333333335
0 0.77 0.5458333333333333 0.035833333333333335 0.04416666666666667
0 0.5133333333333333 0.55 0.025 0.06916666666666667
0 0.7341666666666666 0.5616666666666666 0.0375 0.03833333333333333
0 0.36333333333333334 0.6025 0.025833333333333333 0.06333333333333334
0 0.2683333333333333 0.6125 0.024166666666666666 0.085
0 0.23583333333333334 0.6258333333333334 0.04083333333333333 0.03666666666666667
0 0.24583333333333332 0.6583333333333333 0.024166666666666666 0.06333333333333334
0 0.19916666666666666 0.6625 0.043333333333333335 0.06166666666666667
0 0.26666666666666666 0.6683333333333333 0.030833333333333334 0.08
0 0.22333333333333333 0.6766666666666666 0.024166666666666666 0.07583333333333334
0 0.2025 0.6833333333333333 0.03666666666666667 0.056666666666666664
0 0.24333333333333335 0.6908333333333333 0.019166666666666665 0.06166666666666667
0 0.23416666666666666 0.7041666666666667 0.018333333333333333 0.06333333333333334
0 0.20916666666666667 0.7383333333333333 0.013333333333333334 0.07166666666666667
0 0.1925 0.7408333333333333 0.028333333333333332 0.08
0 0.22583333333333333 0.7416666666666667 0.023333333333333334 0.075
0 0.8416666666666667 0.765 0.04666666666666667 0.041666666666666664
0 0.1975 0.7708333333333334 0.029166666666666667 0.09833333333333333
0 0.7983333333333333 0.7841666666666667 0.03916666666666667 0.0425
0 0.48083333333333333 0.19583333333333333 0.019166666666666665 0.08666666666666667
0 0.4625 0.22583333333333333 0.025833333333333333 0.06916666666666667
0 0.5725 0.2625 0.049166666666666664 0.029166666666666667
0 0.46416666666666667 0.27166666666666667 0.02 0.065
0 0.5875 0.2941666666666667 0.04583333333333333 0.03666666666666667
0 0.6058333333333333 0.3225 0.051666666666666666 0.03333333333333333
0 0.615 0.3625 0.03166666666666667 0.05583333333333333
0 0.5608333333333333 0.4533333333333333 0.028333333333333332 0.075