0 0.4683333333333333 0.5316666666666666 0.041666666666666664 0.03
0 0.43166666666666664 0.5258333333333334 0.035833333333333335 0.04
0 0.43666666666666665 0.51 0.04 0.03333333333333333
0 0.7466666666666667 0.505 0.021666666666666667 0.0675
0 0.7833333333333333 0.47583333333333333 0.019166666666666665 0.07083333333333333
0 0.7625 0.47 0.020833333333333332 0.08083333333333333
0 0.7283333333333334 0.4675 0.034166666666666665 0.034166666666666665
0 0.685 0.45416666666666666 0.019166666666666665 0.07416666666666667
0 0.775 0.43 0.018333333333333333 0.075
0 0.6625 0.425 0.018333333333333333 0.058333333333333334
0 0.6416666666666667 0.4175 0.0275 0.051666666666666666
0 0.795 0.41 0.015833333333333335 0.0425
0 0.785 0.405 0.023333333333333334 0.05416666666666667
0 0.62 0.39666666666666667 0.021666666666666667 0.025833333333333333
0 0.8183333333333334 0.39 0.03166666666666667 0.058333333333333334
0 0.6391666666666667 0.38666666666666666 0.0325 0.04416666666666667
0 0.6575 0.3858333333333333 0.03333333333333333 0.0425
0 0.5975 0.385 0.03 0.051666666666666666
0 0.4866666666666667 0.38 0.0325 0.035833333333333335
0 0.5041666666666667 0.375 0.034166666666666665 0.04083333333333333
0 0.6158333333333333 0.36833333333333335 0.02666666666666667 0.043333333333333335
0 0.7625 0.3641666666666667 0.035833333333333335 0.055
0 0.6033333333333334 0.3616666666666667 0.0275 0.0475
0 0.4608333333333333 0.35833333333333334 0.02666666666666667 0.06
0 0.6366666666666667 0.35333333333333333 0.020833333333333332 0.0425
0 0.6241666666666666 0.3525 0.03333333333333333 0.04
0 0.5666666666666667 0.35 0.0275 0.0425
0 0.5225 0.3475 0.03833333333333333 0.04583333333333333
0 0.48583333333333334 0.3383333333333333 0.0375 0.034166666666666665
0 0.5366666666666666 0.33416666666666667 0.04083333333333333 0.035833333333333335
0 0.4558333333333333 0.3275 0.03 0.049166666666666664
0 0.5733333333333334 0.3258333333333333 0.029166666666666667 0.050833333333333335
0 0.44166666666666665 0.325 0.021666666666666667 0.058333333333333334
0 0.5916666666666667 0.32416666666666666 0.035 0.04583333333333333
0 0.5575 0.3233333333333333 0.03916666666666667 0.034166666666666665
0 0.6083333333333333 0.3175 0.0325 0.03166666666666667
0 0.5091666666666667 0.31083333333333335 0.041666666666666664 0.03916666666666667
0 0.4191666666666667 0.2941666666666667 0.02666666666666667 0.0675
0 0.5441666666666667 0.2925 0.04416666666666667 0.03
0 0.43166666666666664 0.2816666666666667 0.034166666666666665 0.04666666666666667
0 0.6758333333333333 0.9208333333333333 0.03916666666666667 0.0375
0 0.39416666666666667 0.9925 0.015 0.011666666666666667
0 0.38333333333333336 0.9833333333333333 0.023333333333333334 0.03
0 0.68 0.6866666666666666 0.04416666666666667 0.03833333333333333