0 0.4483333333333333 0.5325 0.021666666666666667 0.06166666666666667
0 0.12416666666666666 0.5283333333333333 0.035833333333333335 0.065
0 0.14 0.5266666666666666 0.034166666666666665 0.03333333333333333
0 0.11083333333333334 0.5241666666666667 0.0275 0.06666666666666667
0 0.8825 0.5175 0.021666666666666667 0.0575
0 0.08083333333333333 0.5158333333333334 0.020833333333333332 0.07166666666666667
0 0.10583333333333333 0.4866666666666667 0.034166666666666665 0.06583333333333333
0 0.09333333333333334 0.465 0.0225 0.06916666666666667
0 0.7616666666666667 0.45916666666666667 0.043333333333333335 0.05416666666666667
0 0.0975 0.9566666666666667 0.04 0.05333333333333334
0 0.11916666666666667 0.44083333333333335 0.034166666666666665 0.043333333333333335
0 0.08916666666666667 0.43833333333333335 0.02666666666666667 0.07
0 0.7525 0.4325 0.045 0.03833333333333333
0 0.48083333333333333 0.43166666666666664 0.0425 0.030833333333333334
0 0.7291666666666666 0.41083333333333333 0.045 0.034166666666666665
0 0.11166666666666666 0.41083333333333333 0.03166666666666667 0.05
0 0.76 0.4041666666666667 0.043333333333333335 0.0475
0 0.6766666666666666 0.3983333333333333 0.025833333333333333 0.04083333333333333
0 0.19416666666666665 0.3933333333333333 0.030833333333333334 0.06583333333333333
0 0.8691666666666666 0.39166666666666666 0.029166666666666667 0.0775
0 0.9258333333333333 0.3883333333333333 0.03 0.07166666666666667
0 0.7533333333333333 0.37333333333333335 0.021666666666666667 0.04833333333333333
0 0.7658333333333334 0.3725 0.04 0.06583333333333333
0 0.11916666666666667 0.37 0.0325 0.0575
0 0.7383333333333333 0.365 0.015 0.0675
0 0.7766666666666666 0.3491666666666667 0.025833333333333333 0.06333333333333334
0 0.7258333333333333 0.3491666666666667 0.021666666666666667 0.08416666666666667
0 0.2783333333333333 0.33416666666666667 0.0225 0.07833333333333334
0 0.9325 0.32916666666666666 0.025833333333333333 0.07333333333333333
0 0.7508333333333334 0.3283333333333333 0.034166666666666665 0.03666666666666667
0 0.755 0.31083333333333335 0.0375 0.023333333333333334
0 0.8825 0.30416666666666664 0.03666666666666667 0.0625
0 0.7725 0.29583333333333334 0.03166666666666667 0.058333333333333334
0 0.7466666666666667 0.2925 0.049166666666666664 0.024166666666666666
0 0.7833333333333333 0.2866666666666667 0.024166666666666666 0.04416666666666667
0 0.905 0.2825 0.025833333333333333 0.06416666666666666
0 0.2833333333333333 0.2775 0.019166666666666665 0.06666666666666667
0 0.2525 0.27 0.03 0.06333333333333334
0 0.7375 0.26666666666666666 0.050833333333333335 0.03833333333333333
0 0.7591666666666667 0.2575 0.028333333333333332 0.018333333333333333
0 0.7733333333333333 0.25166666666666665 0.021666666666666667 0.04
0 0.13833333333333334 0.14333333333333334 0.024166666666666666 0.07333333333333333
0 0.9441666666666667 0.12 0.025 0.06666666666666667
0 0.1325 0.09 0.03166666666666667 0.07833333333333334
0 0.0725 0.9058333333333334 0.03 0.07583333333333334
0 0.7741666666666667 0.8991666666666667 0.03916666666666667 0.06416666666666666
0 0.7625 0.855 0.04 0.06916666666666667
0 0.2841666666666667 0.8283333333333334 0.023333333333333334 0.08083333333333333
0 0.7833333333333333 0.75 0.03333333333333333 0.06916666666666667
0 0.0875 0.74 0.025833333333333333 0.03166666666666667
0 0.10583333333333333 0.7266666666666667 0.019166666666666665 0.07833333333333334
0 0.115 0.685 0.02 0.07083333333333333
0 0.09416666666666666 0.6816666666666666 0.02 0.07916666666666666
0 0.07 0.6683333333333333 0.0225 0.08083333333333333
0 0.13666666666666666 0.6525 0.029166666666666667 0.06166666666666667
0 0.105 0.6491666666666667 0.015833333333333335 0.07
0 0.08333333333333333 0.6391666666666667 0.015 0.06
0 0.11833333333333333 0.6316666666666667 0.018333333333333333 0.0525
0 0.09333333333333334 0.6316666666666667 0.018333333333333333 0.055
0 0.14833333333333334 0.6225 0.025 0.0725
0 0.39666666666666667 0.62 0.0425 0.04416666666666667
0 0.10416666666666667 0.6191666666666666 0.0225 0.041666666666666664
0 0.3675 0.6008333333333333 0.015 0.07583333333333334
0 0.135 0.5975 0.016666666666666666 0.08083333333333333
0 0.12333333333333334 0.5875 0.02 0.059166666666666666
0 0.11 0.585 0.016666666666666666 0.05583333333333333
0 0.42583333333333334 0.585 0.03833333333333333 0.0475
0 0.09583333333333334 0.585 0.025833333333333333 0.058333333333333334
0 0.07833333333333334 0.5808333333333333 0.020833333333333332 0.07083333333333333
0 0.44333333333333336 0.5758333333333333 0.023333333333333334 0.04083333333333333
0 0.15 0.5725 0.025 0.03333333333333333
0 0.4225 0.5575 0.0325 0.060833333333333336
0 0.13916666666666666 0.5483333333333333 0.03333333333333333 0.03333333333333333
0 0.09083333333333334 0.5483333333333333 0.019166666666666665 0.059166666666666666