0 0.825 0.485 0.0325 0.07666666666666666
0 0.7966666666666666 0.4891666666666667 0.05 0.06416666666666666
0 0.5583333333333333 0.49833333333333335 0.04833333333333333 0.03833333333333333
0 0.2708333333333333 0.5058333333333334 0.03666666666666667 0.0775
0 0.3016666666666667 0.51 0.03 0.06666666666666667
0 0.25166666666666665 0.5133333333333333 0.045 0.075
0 0.3233333333333333 0.5291666666666667 0.03333333333333333 0.0625
0 0.7891666666666667 0.5358333333333334 0.04416666666666667 0.06416666666666666
0 0.39666666666666667 0.5383333333333333 0.0375 0.0775
0 0.29833333333333334 0.54 0.028333333333333332 0.08833333333333333
0 0.3275 0.5666666666666667 0.04083333333333333 0.05416666666666667
0 0.7816666666666666 0.5683333333333334 0.041666666666666664 0.0575
0 0.805 0.57 0.024166666666666666 0.08833333333333333
0 0.2775 0.5816666666666667 0.02666666666666667 0.08583333333333333
0 0.29583333333333334 0.5858333333333333 0.018333333333333333 0.07916666666666666
0 0.31666666666666665 0.6041666666666666 0.02 0.07416666666666667
0 0.3408333333333333 0.6091666666666666 0.0425 0.0525
0 0.28833333333333333 0.6116666666666667 0.019166666666666665 0.09333333333333334
0 0.43583333333333335 0.6191666666666666 0.02666666666666667 0.09833333333333333
0 0.30333333333333334 0.6225 0.019166666666666665 0.06833333333333333
0 0.33166666666666667 0.6425 0.024166666666666666 0.07083333333333333
0 0.31583333333333335 0.655 0.02 0.0625
0 0.2991666666666667 0.6641666666666667 0.024166666666666666 0.07916666666666666
0 0.445 0.6641666666666667 0.023333333333333334 0.0825
0 0.7525 0.6758333333333333 0.045 0.07416666666666667
0 0.43416666666666665 0.7 0.025 0.09166666666666666
0 0.2916666666666667 0.7125 0.028333333333333332 0.0825
0 0.2608333333333333 0.725 0.0275 0.06166666666666667
0 0.5266666666666666 0.7275 0.034166666666666665 0.08416666666666667
0 0.2816666666666667 0.7908333333333334 0.029166666666666667 0.0975
0 0.2966666666666667 0.8441666666666666 0.03666666666666667 0.09
0 0.29083333333333333 0.8875 0.029166666666666667 0.08833333333333333
0 0.7966666666666666 0.9325 0.024166666666666666 0.10416666666666667
0 0.2841666666666667 0.9383333333333334 0.023333333333333334 0.0775
0 0.7766666666666666 0.9466666666666667 0.0275 0.09083333333333334
0 0.7458333333333333 0.9691666666666666 0.05 0.060833333333333336
0 0.705 0.98 0.049166666666666664 0.03916666666666667
0 0.7775 0.9733333333333334 0.02666666666666667 0.0525
0 0.7533333333333333 0.9858333333333333 0.04083333333333333 0.0275
0 0.865 0.13833333333333334 0.028333333333333332 0.0825
0 0.8108333333333333 0.175 0.02666666666666667 0.06
0 0.8383333333333334 0.18666666666666668 0.034166666666666665 0.0625
0 0.8625 0.19916666666666666 0.0325 0.09583333333333334
0 0.8216666666666667 0.2075 0.025833333333333333 0.08083333333333333
0 0.8383333333333334 0.21666666666666667 0.019166666666666665 0.059166666666666666
0 0.7733333333333333 0.22833333333333333 0.025833333333333333 0.07583333333333334
0 0.8241666666666667 0.25 0.029166666666666667 0.06416666666666666
0 0.7416666666666667 0.25833333333333336 0.04583333333333333 0.065
0 0.24333333333333335 0.2816666666666667 0.04666666666666667 0.0525
0 0.6458333333333334 0.2825 0.0375 0.043333333333333335
0 0.8558333333333333 0.2925 0.020833333333333332 0.0675
0 0.8391666666666666 0.29333333333333333 0.023333333333333334 0.07583333333333334
0 0.6925 0.2941666666666667 0.055 0.049166666666666664
0 0.7975 0.29833333333333334 0.025 0.085
0 0.6266666666666667 0.30416666666666664 0.05333333333333334 0.055
0 0.2816666666666667 0.31083333333333335 0.035833333333333335 0.08416666666666667
0 0.23333333333333334 0.32 0.0375 0.04083333333333333
0 0.8158333333333333 0.3225 0.03 0.08333333333333333
0 0.25333333333333335 0.33916666666666667 0.03666666666666667 0.08166666666666667
0 0.77 0.3525 0.03333333333333333 0.065
0 0.2783333333333333 0.35333333333333333 0.030833333333333334 0.07666666666666666
0 0.6075 0.36083333333333334 0.03333333333333333 0.0725
0 0.25833333333333336 0.36333333333333334 0.0225 0.07666666666666666
0 0.8425 0.3641666666666667 0.035 0.0825
0 0.7875 0.365 0.03166666666666667 0.06916666666666667
0 0.6291666666666667 0.36916666666666664 0.03166666666666667 0.08166666666666667
0 0.7458333333333333 0.37 0.04583333333333333 0.07333333333333333
0 0.2683333333333333 0.3958333333333333 0.021666666666666667 0.08583333333333333
0 0.7258333333333333 0.4166666666666667 0.043333333333333335 0.03916666666666667
0 0.24666666666666667 0.4175 0.02 0.0825
0 0.31083333333333335 0.4175 0.035833333333333335 0.03833333333333333
0 0.7691666666666667 0.4175 0.0425 0.04083333333333333
0 0.2875 0.4191666666666667 0.03 0.075
0 0.8333333333333334 0.425 0.035833333333333335 0.0675
0 0.6091666666666666 0.4266666666666667 0.03916666666666667 0.04583333333333333
0 0.7233333333333334 0.43833333333333335 0.0525 0.05416666666666667
0 0.2683333333333333 0.44083333333333335 0.029166666666666667 0.0675
0 0.24333333333333335 0.45666666666666667 0.0275 0.08
0 0.5725 0.46166666666666667 0.04666666666666667 0.050833333333333335
0 0.3 0.4741666666666667 0.0375 0.05416666666666667
0 0.27166666666666667 0.47833333333333333 0.0325 0.055