0 0.14333333333333334 0.4275 0.0325 0.043333333333333335
0 0.6041666666666666 0.4425 0.019166666666666665 0.0825
0 0.14583333333333334 0.45416666666666666 0.028333333333333332 0.041666666666666664
0 0.20166666666666666 0.45666666666666667 0.041666666666666664 0.03833333333333333
0 0.1375 0.46416666666666667 0.0225 0.06666666666666667
0 0.6641666666666667 0.010833333333333334 0.025833333333333333 0.020833333333333332
0 0.17083333333333334 0.485 0.02666666666666667 0.08666666666666667
0 0.21 0.48833333333333334 0.03 0.049166666666666664
0 0.15666666666666668 0.49916666666666665 0.0225 0.05583333333333333
0 0.23166666666666666 0.5025 0.024166666666666666 0.07333333333333333
0 0.1275 0.5108333333333334 0.015833333333333335 0.06583333333333333
0 0.14166666666666666 0.5241666666666667 0.015 0.06583333333333333
0 0.16166666666666665 0.5391666666666667 0.03166666666666667 0.06916666666666667
0 0.19083333333333333 0.5533333333333333 0.0425 0.04583333333333333
0 0.16083333333333333 0.5641666666666667 0.03166666666666667 0.056666666666666664
0 0.1375 0.5666666666666667 0.02 0.065
0 0.12833333333333333 0.5883333333333334 0.024166666666666666 0.085
0 0.15916666666666668 0.5916666666666667 0.029166666666666667 0.059166666666666666
0 0.19416666666666665 0.5925 0.0375 0.06166666666666667
0 0.18583333333333332 0.6216666666666667 0.028333333333333332 0.075
0 0.15666666666666668 0.63 0.029166666666666667 0.07083333333333333
0 0.57 0.6491666666666667 0.029166666666666667 0.08916666666666667
0 0.14333333333333334 0.6641666666666667 0.024166666666666666 0.08916666666666667
0 0.55 0.6675 0.0375 0.06416666666666666
0 0.13083333333333333 0.6733333333333333 0.0225 0.08583333333333333
0 0.5191666666666667 0.6841666666666667 0.045 0.06333333333333334
0 0.16583333333333333 0.6916666666666667 0.0375 0.059166666666666666
0 0.4533333333333333 0.7 0.03666666666666667 0.06916666666666667
0 0.1675 0.7283333333333334 0.04083333333333333 0.058333333333333334
0 0.15416666666666667 0.7325 0.0275 0.065
0 0.5291666666666667 0.7333333333333333 0.02666666666666667 0.07583333333333334
0 0.5108333333333334 0.735 0.020833333333333332 0.07
0 0.49 0.7533333333333333 0.025 0.08083333333333333
0 0.1625 0.7766666666666666 0.035 0.045
0 0.18916666666666668 0.7983333333333333 0.03916666666666667 0.043333333333333335
0 0.65 0.025 0.021666666666666667 0.05
0 0.16916666666666666 0.8166666666666667 0.0325 0.06
0 0.1975 0.8433333333333334 0.035833333333333335 0.0525
0 0.175 0.8683333333333333 0.03166666666666667 0.060833333333333336
0 0.615 0.0275 0.034166666666666665 0.04416666666666667
0 0.5908333333333333 0.9525 0.034166666666666665 0.09083333333333334
0 0.16833333333333333 0.9825 0.019166666666666665 0.034166666666666665
0 0.5958333333333333 0.03333333333333333 0.0325 0.050833333333333335
0 0.5791666666666667 0.9908333333333333 0.025 0.016666666666666666
0 0.6166666666666667 0.04833333333333333 0.0375 0.04083333333333333
0 0.565 0.058333333333333334 0.0425 0.041666666666666664
0 0.6533333333333333 0.06416666666666666 0.025833333333333333 0.085
0 0.5891666666666666 0.0725 0.041666666666666664 0.035
0 0.6391666666666667 0.07833333333333334 0.0175 0.07083333333333333
0 0.5616666666666666 0.0925 0.043333333333333335 0.035833333333333335
0 0.5283333333333333 0.09833333333333333 0.034166666666666665 0.035833333333333335
0 0.45166666666666666 0.12 0.03833333333333333 0.07333333333333333
0 0.5041666666666667 0.12833333333333333 0.043333333333333335 0.041666666666666664
0 0.3875 0.13083333333333333 0.0375 0.08416666666666667
0 0.33666666666666667 0.13666666666666666 0.03666666666666667 0.045
0 0.6233333333333333 0.14416666666666667 0.023333333333333334 0.04083333333333333
0 0.31416666666666665 0.15166666666666667 0.030833333333333334 0.07833333333333334
0 0.295 0.15916666666666668 0.024166666666666666 0.041666666666666664
0 0.3525 0.1625 0.04 0.0625
0 0.45916666666666667 0.16333333333333333 0.04416666666666667 0.05583333333333333
0 0.5975 0.16916666666666666 0.03333333333333333 0.07
0 0.32 0.18333333333333332 0.0325 0.058333333333333334
0 0.2875 0.21666666666666667 0.03916666666666667 0.043333333333333335
0 0.5708333333333333 0.22583333333333333 0.04 0.03916666666666667
0 0.31833333333333336 0.23583333333333334 0.028333333333333332 0.09166666666666666
0 0.29833333333333334 0.25 0.034166666666666665 0.08666666666666667
0 0.5666666666666667 0.25833333333333336 0.03833333333333333 0.06416666666666666
0 0.5341666666666667 0.26916666666666667 0.035833333333333335 0.034166666666666665
0 0.5733333333333334 0.2791666666666667 0.025 0.06583333333333333
0 0.18583333333333332 0.2825 0.028333333333333332 0.075
0 0.2633333333333333 0.285 0.03333333333333333 0.07416666666666667
0 0.5225 0.3016666666666667 0.0425 0.0375
0 0.6116666666666667 0.3075 0.020833333333333332 0.08083333333333333
0 0.2808333333333333 0.31083333333333335 0.02 0.08166666666666667
0 0.5441666666666667 0.3175 0.035833333333333335 0.065
0 0.5208333333333334 0.33416666666666667 0.03333333333333333 0.06583333333333333
0 0.49833333333333335 0.3383333333333333 0.029166666666666667 0.056666666666666664
0 0.1675 0.35083333333333333 0.024166666666666666 0.07833333333333334
0 0.6025 0.3516666666666667 0.016666666666666666 0.0575
0 0.24083333333333334 0.3516666666666667 0.0225 0.09166666666666666
0 0.13166666666666665 0.37333333333333335 0.025 0.07
0 0.15583333333333332 0.37583333333333335 0.03666666666666667 0.06833333333333333
0 0.19666666666666666 0.38166666666666665 0.030833333333333334 0.03166666666666667
0 0.22833333333333333 0.3825 0.0225 0.09083333333333334
0 0.49 0.385 0.0325 0.056666666666666664
0 0.25 0.3858333333333333 0.02 0.09166666666666666
0 0.32416666666666666 0.3875 0.029166666666666667 0.07583333333333334
0 0.5275 0.3975 0.041666666666666664 0.05333333333333334
0 0.15833333333333333 0.415 0.03666666666666667 0.0525
0 0.19083333333333333 0.42 0.0475 0.045