0 0.4125 0.42083333333333334 0.034166666666666665 0.04583333333333333
0 0.4725 0.43416666666666665 0.0275 0.0725
0 0.41 0.4508333333333333 0.041666666666666664 0.0525
0 0.43 0.46166666666666667 0.0325 0.049166666666666664
0 0.48 0.4775 0.04416666666666667 0.03833333333333333
0 0.4608333333333333 0.4841666666666667 0.035 0.058333333333333334
0 0.4166666666666667 0.495 0.0375 0.05416666666666667
0 0.4483333333333333 0.525 0.0325 0.06666666666666667
0 0.4658333333333333 0.5275 0.0375 0.05
0 0.43666666666666665 0.545 0.035833333333333335 0.06833333333333333
0 0.4058333333333333 0.5475 0.03166666666666667 0.07166666666666667
0 0.5075 0.5525 0.041666666666666664 0.03666666666666667
0 0.47333333333333333 0.5641666666666667 0.041666666666666664 0.0375
0 0.44083333333333335 0.5833333333333334 0.04416666666666667 0.0475
0 0.48333333333333334 0.5833333333333334 0.041666666666666664 0.035
0 0.5075 0.5983333333333334 0.035833333333333335 0.0525
0 0.475 0.6058333333333333 0.035 0.03
0 0.44583333333333336 0.6058333333333333 0.04416666666666667 0.03833333333333333
0 0.5208333333333334 0.6166666666666667 0.041666666666666664 0.03833333333333333
0 0.5408333333333334 0.6208333333333333 0.0375 0.05
0 0.48 0.6275 0.035833333333333335 0.025
0 0.45166666666666666 0.6316666666666667 0.03 0.0275
0 0.39166666666666666 0.64 0.043333333333333335 0.049166666666666664
0 0.51 0.6466666666666666 0.0325 0.03916666666666667
0 0.5775 0.6525 0.035833333333333335 0.043333333333333335
0 0.5508333333333333 0.6583333333333333 0.03333333333333333 0.043333333333333335
0 0.5333333333333333 0.6583333333333333 0.030833333333333334 0.04833333333333333
0 0.4841666666666667 0.6691666666666667 0.03 0.0575
0 0.5075 0.6716666666666666 0.0375 0.04083333333333333
0 0.45666666666666667 0.6783333333333333 0.0425 0.0375
0 0.5683333333333334 0.6808333333333333 0.03833333333333333 0.035833333333333335
0 0.4275 0.6833333333333333 0.030833333333333334 0.043333333333333335
0 0.5358333333333334 0.6908333333333333 0.03 0.0325
0 0.5066666666666667 0.6983333333333334 0.03666666666666667 0.035
0 0.47583333333333333 0.705 0.03833333333333333 0.0325
0 0.6175 0.7075 0.035833333333333335 0.0525
0 0.43416666666666665 0.71 0.041666666666666664 0.035833333333333335
0 0.5675 0.715 0.041666666666666664 0.0325
0 0.6666666666666666 0.7175 0.0375 0.049166666666666664
0 0.49833333333333335 0.7225 0.0475 0.029166666666666667
0 0.5875 0.7283333333333334 0.03833333333333333 0.056666666666666664
0 0.6241666666666666 0.7291666666666666 0.02666666666666667 0.0525
0 0.6425 0.7308333333333333 0.03166666666666667 0.05583333333333333
0 0.5333333333333333 0.7325 0.04083333333333333 0.043333333333333335
0 0.555 0.7408333333333333 0.03833333333333333 0.02666666666666667
0 0.4866666666666667 0.7416666666666667 0.043333333333333335 0.03
0 0.6041666666666666 0.7425 0.03833333333333333 0.043333333333333335
0 0.6608333333333334 0.7466666666666667 0.04416666666666667 0.03666666666666667
0 0.5008333333333334 0.765 0.041666666666666664 0.0325
0 0.6358333333333334 0.7658333333333334 0.029166666666666667 0.0325
0 0.5575 0.7675 0.03 0.0375
0 0.5333333333333333 0.7691666666666667 0.03666666666666667 0.041666666666666664
0 0.5741666666666667 0.7716666666666666 0.03333333333333333 0.04
0 0.5883333333333334 0.7833333333333333 0.0425 0.0325
0 0.6166666666666667 0.7841666666666667 0.03166666666666667 0.03
0 0.6566666666666666 0.7925 0.035833333333333335 0.03666666666666667
0 0.5525 0.7925 0.03833333333333333 0.03166666666666667
0 0.5833333333333334 0.8075 0.041666666666666664 0.03333333333333333
0 0.6258333333333334 0.8175 0.041666666666666664 0.035833333333333335
0 0.66 0.8216666666666667 0.03166666666666667 0.034166666666666665
0 0.6816666666666666 0.83 0.045 0.04583333333333333
0 0.6975 0.895 0.03833333333333333 0.034166666666666665
0 0.37833333333333335 0.020833333333333332 0.025833333333333333 0.041666666666666664
0 0.4 0.0725 0.018333333333333333 0.07583333333333334
0 0.5391666666666667 0.09583333333333334 0.03166666666666667 0.0775
0 0.4116666666666667 0.11 0.020833333333333332 0.0675
0 0.8391666666666666 0.12 0.03 0.07083333333333333
0 0.4025 0.14416666666666667 0.015 0.06666666666666667
0 0.43083333333333335 0.15666666666666668 0.02 0.07833333333333334
0 0.4175 0.18166666666666667 0.019166666666666665 0.0775
0 0.565 0.185 0.014166666666666666 0.055
0 0.8683333333333333 0.20916666666666667 0.034166666666666665 0.07916666666666666
0 0.43416666666666665 0.20916666666666667 0.025 0.0775
0 0.7725 0.21666666666666667 0.041666666666666664 0.043333333333333335
0 0.6183333333333333 0.22083333333333333 0.030833333333333334 0.06833333333333333
0 0.585 0.23 0.03166666666666667 0.06833333333333333
0 0.455 0.2325 0.029166666666666667 0.075
0 0.61 0.23916666666666667 0.029166666666666667 0.06583333333333333
0 0.43416666666666665 0.24833333333333332 0.020833333333333332 0.075
0 0.7933333333333333 0.25083333333333335 0.049166666666666664 0.045
0 0.6425 0.26916666666666667 0.03833333333333333 0.04
0 0.45 0.2758333333333333 0.0175 0.075
0 0.465 0.2875 0.02 0.06916666666666667
0 0.875 0.29 0.03166666666666667 0.075
0 0.62 0.2925 0.030833333333333334 0.06
0 0.8883333333333333 0.2941666666666667 0.030833333333333334 0.06666666666666667
0 0.6466666666666666 0.30333333333333334 0.03166666666666667 0.03833333333333333
0 0.9116666666666666 0.32083333333333336 0.03166666666666667 0.06416666666666666
0 0.6575 0.33416666666666667 0.04083333333333333 0.043333333333333335
0 0.9025 0.3375 0.018333333333333333 0.03666666666666667
0 0.455 0.3433333333333333 0.018333333333333333 0.08083333333333333
0 0.6091666666666666 0.3541666666666667 0.0425 0.03916666666666667
0 0.375 0.38166666666666665 0.02666666666666667 0.06666666666666667
0 0.4841666666666667 0.3875 0.034166666666666665 0.06416666666666666
0 0.4741666666666667 0.3933333333333333 0.023333333333333334 0.085
0 0.4058333333333333 0.3983333333333333 0.035833333333333335 0.045