0 0.46166666666666667 0.5133333333333333 0.04583333333333333 0.041666666666666664
0 0.44916666666666666 0.5708333333333333 0.0225 0.0775
0 0.4666666666666667 0.5716666666666667 0.025833333333333333 0.09083333333333334
0 0.445 0.6275 0.019166666666666665 0.04583333333333333
0 0.5025 0.235 0.05 0.0375
0 0.5508333333333333 0.24916666666666668 0.055 0.056666666666666664
0 0.5091666666666667 0.2816666666666667 0.029166666666666667 0.07916666666666666
0 0.7966666666666666 0.2816666666666667 0.051666666666666666 0.0425
0 0.4666666666666667 0.2833333333333333 0.025 0.08
0 0.4875 0.29 0.0225 0.08
0 0.8316666666666667 0.30416666666666664 0.03666666666666667 0.05333333333333334
0 0.7391666666666666 0.30916666666666665 0.045 0.04666666666666667
0 0.5291666666666667 0.31083333333333335 0.02666666666666667 0.0725
0 0.7616666666666667 0.31833333333333336 0.03833333333333333 0.04416666666666667
0 0.8033333333333333 0.33416666666666667 0.050833333333333335 0.056666666666666664
0 0.4791666666666667 0.3425 0.020833333333333332 0.09
0 0.515 0.35 0.049166666666666664 0.0575
0 0.5641666666666667 0.3541666666666667 0.045 0.04833333333333333
0 0.7441666666666666 0.3541666666666667 0.0425 0.035
0 0.7258333333333333 0.3625 0.0675 0.04416666666666667
0 0.5008333333333334 0.375 0.03 0.0825
0 0.47333333333333333 0.38916666666666666 0.0275 0.09666666666666666
0 0.5333333333333333 0.39416666666666667 0.050833333333333335 0.04583333333333333
0 0.4633333333333333 0.41083333333333333 0.029166666666666667 0.0875