0 0.7433333333333333 0.05416666666666667 0.05583333333333333 0.10833333333333334
0 0.5766666666666667 0.8391666666666666 0.05416666666666667 0.19666666666666666
0 0.3491666666666667 0.88 0.09833333333333333 0.14666666666666667
0 0.8441666666666666 0.9091666666666667 0.065 0.18083333333333335
0 0.7733333333333333 0.9233333333333333 0.06583333333333333 0.1525
0 0.2575 0.95 0.06833333333333333 0.09666666666666666
0 0.35 0.1225 0.04583333333333333 0.18333333333333332
0 0.7083333333333334 0.13666666666666666 0.049166666666666664 0.20583333333333334
0 0.66 0.1425 0.059166666666666666 0.15666666666666668
0 0.9316666666666666 0.36666666666666664 0.06583333333333333 0.1525
0 0.3883333333333333 0.0375 0.043333333333333335 0.07416666666666667
0 0.23833333333333334 0.04 0.04666666666666667 0.07666666666666666