0 0.11 0.4575 0.0875 0.07666666666666666
0 0.9275 0.4725 0.0775 0.0675
0 0.19166666666666668 0.4775 0.08416666666666667 0.08
0 0.17333333333333334 0.54 0.08333333333333333 0.060833333333333336
0 0.19833333333333333 0.625 0.08 0.13416666666666666
0 0.16083333333333333 0.6275 0.0475 0.13583333333333333
0 0.22916666666666666 0.6716666666666666 0.07416666666666667 0.115
0 0.47583333333333333 0.7458333333333333 0.08416666666666667 0.06916666666666667
0 0.19583333333333333 0.050833333333333335 0.03916666666666667 0.10166666666666667
0 0.6666666666666666 0.8858333333333334 0.05416666666666667 0.12416666666666666
0 0.6516666666666666 0.9658333333333333 0.07166666666666667 0.06666666666666667
0 0.6716666666666666 0.1075 0.0775 0.0675
0 0.8241666666666667 0.1125 0.075 0.11083333333333334
0 0.9791666666666666 0.20666666666666667 0.04 0.07916666666666666
0 0.5741666666666667 0.2608333333333333 0.06 0.11083333333333334
0 0.6383333333333333 0.008333333333333333 0.07916666666666666 0.016666666666666666
0 0.14333333333333334 0.37916666666666665 0.0775 0.09
0 0.95 0.3983333333333333 0.07916666666666666 0.07083333333333333