0 0.2225 0.55 0.029166666666666667 0.050833333333333335
0 0.2683333333333333 0.545 0.02 0.0675
0 0.20583333333333334 0.5416666666666666 0.0275 0.0625
0 0.245 0.5083333333333333 0.02 0.07583333333333334
0 0.22916666666666666 0.49583333333333335 0.020833333333333332 0.06583333333333333
0 0.21916666666666668 0.4891666666666667 0.023333333333333334 0.06333333333333334
0 0.18333333333333332 0.48333333333333334 0.034166666666666665 0.06916666666666667
0 0.20583333333333334 0.47333333333333333 0.015833333333333335 0.08416666666666667
0 0.23166666666666666 0.44166666666666665 0.04 0.050833333333333335
0 0.18083333333333335 0.4375 0.029166666666666667 0.08416666666666667
0 0.6891666666666667 0.97 0.028333333333333332 0.059166666666666666
0 0.19166666666666668 0.4166666666666667 0.025 0.06666666666666667
0 0.23583333333333334 0.4066666666666667 0.03916666666666667 0.0475
0 0.21916666666666668 0.4058333333333333 0.03 0.0575
0 0.20416666666666666 0.39916666666666667 0.023333333333333334 0.06916666666666667
0 0.5625 0.3775 0.034166666666666665 0.06833333333333333
0 0.5408333333333334 0.37166666666666665 0.03333333333333333 0.049166666666666664
0 0.46166666666666667 0.3675 0.02 0.08833333333333333
0 0.5158333333333334 0.36583333333333334 0.0375 0.059166666666666666
0 0.20666666666666667 0.36583333333333334 0.03166666666666667 0.049166666666666664
0 0.23416666666666666 0.35083333333333333 0.03666666666666667 0.05333333333333334
0 0.5308333333333334 0.325 0.02666666666666667 0.06166666666666667
0 0.515 0.325 0.021666666666666667 0.0625
0 0.21416666666666667 0.3225 0.03166666666666667 0.060833333333333336
0 0.49666666666666665 0.30666666666666664 0.023333333333333334 0.06416666666666666
0 0.23083333333333333 0.30583333333333335 0.023333333333333334 0.06583333333333333
0 0.22166666666666668 0.2783333333333333 0.034166666666666665 0.07083333333333333
0 0.25 0.2608333333333333 0.025 0.06916666666666667
0 0.215 0.2375 0.018333333333333333 0.0775
0 0.24 0.2075 0.018333333333333333 0.07
0 0.5391666666666667 0.9541666666666667 0.020833333333333332 0.06666666666666667
0 0.22333333333333333 0.19583333333333333 0.020833333333333332 0.08333333333333333
0 0.18833333333333332 0.1275 0.023333333333333334 0.075
0 0.5733333333333334 0.10583333333333333 0.03333333333333333 0.06833333333333333
0 0.5566666666666666 0.045 0.024166666666666666 0.0625
0 0.45916666666666667 0.03916666666666667 0.025 0.0775
0 0.5241666666666667 0.9366666666666666 0.02666666666666667 0.041666666666666664
0 0.5666666666666667 0.9233333333333333 0.03666666666666667 0.030833333333333334
0 0.5033333333333333 0.9075 0.03 0.03916666666666667
0 0.5525 0.9033333333333333 0.041666666666666664 0.03
0 0.6733333333333333 0.9033333333333333 0.028333333333333332 0.07833333333333334
0 0.3675 0.8891666666666667 0.03666666666666667 0.05
0 0.47583333333333333 0.8775 0.04083333333333333 0.0425
0 0.38666666666666666 0.8766666666666667 0.04416666666666667 0.03666666666666667
0 0.6533333333333333 0.8691666666666666 0.025 0.0725
0 0.41333333333333333 0.8683333333333333 0.03333333333333333 0.056666666666666664
0 0.3416666666666667 0.8591666666666666 0.034166666666666665 0.04416666666666667
0 0.32 0.8566666666666667 0.024166666666666666 0.034166666666666665
0 0.43666666666666665 0.8416666666666667 0.03916666666666667 0.05
0 0.35083333333333333 0.8383333333333334 0.035833333333333335 0.06666666666666667
0 0.4508333333333333 0.8283333333333334 0.03 0.06416666666666666
0 0.315 0.8208333333333333 0.04 0.0325
0 0.42916666666666664 0.8041666666666667 0.025 0.05416666666666667
0 0.35333333333333333 0.8016666666666666 0.021666666666666667 0.07916666666666666
0 0.595 0.7916666666666666 0.025833333333333333 0.0275
0 0.33 0.7741666666666667 0.020833333333333332 0.07833333333333334
0 0.5583333333333333 0.7733333333333333 0.030833333333333334 0.02666666666666667
0 0.5833333333333334 0.7666666666666667 0.0375 0.035833333333333335
0 0.38916666666666666 0.7641666666666667 0.03833333333333333 0.0575
0 0.5358333333333334 0.76 0.034166666666666665 0.050833333333333335
0 0.5516666666666666 0.7533333333333333 0.0325 0.0225
0 0.575 0.7383333333333333 0.03333333333333333 0.03666666666666667
0 0.5933333333333334 0.7358333333333333 0.03 0.051666666666666666
0 0.5433333333333333 0.7275 0.0375 0.03
0 0.2841666666666667 0.7241666666666666 0.025 0.07833333333333334
0 0.2175 0.72 0.03666666666666667 0.043333333333333335
0 0.24833333333333332 0.7066666666666667 0.029166666666666667 0.03666666666666667
0 0.5591666666666667 0.7033333333333334 0.03833333333333333 0.050833333333333335
0 0.23 0.6983333333333334 0.035833333333333335 0.030833333333333334
0 0.2708333333333333 0.6966666666666667 0.02 0.075
0 0.31916666666666665 0.695 0.016666666666666666 0.07583333333333334
0 0.5208333333333334 0.6933333333333334 0.0275 0.0475
0 0.29 0.6916666666666667 0.0175 0.0725
0 0.5366666666666666 0.6891666666666667 0.0225 0.050833333333333335
0 0.625 0.6875 0.02 0.07666666666666666
0 0.3591666666666667 0.6783333333333333 0.03333333333333333 0.07
0 0.39416666666666667 0.6725 0.04083333333333333 0.034166666666666665
0 0.24333333333333335 0.6658333333333334 0.03666666666666667 0.049166666666666664
0 0.2275 0.6625 0.0325 0.04
0 0.29833333333333334 0.6541666666666667 0.021666666666666667 0.0725
0 0.5116666666666667 0.6533333333333333 0.028333333333333332 0.043333333333333335
0 0.6158333333333333 0.6408333333333334 0.015 0.058333333333333334
0 0.20166666666666666 0.6391666666666667 0.021666666666666667 0.06833333333333333
0 0.255 0.6266666666666667 0.035 0.0375
0 0.23166666666666666 0.625 0.030833333333333334 0.056666666666666664
0 0.5308333333333334 0.6216666666666667 0.0475 0.0475
0 0.22 0.6025 0.02666666666666667 0.056666666666666664
0 0.19666666666666666 0.5983333333333334 0.020833333333333332 0.06666666666666667
0 0.25583333333333336 0.5983333333333334 0.03 0.051666666666666666
0 0.2225 0.5708333333333333 0.03166666666666667 0.04
0 0.6108333333333333 0.5683333333333334 0.021666666666666667 0.07666666666666666
0 0.245 0.5583333333333333 0.030833333333333334 0.05