0 0.8375 0.47333333333333333 0.024166666666666666 0.055
0 0.8233333333333334 0.49916666666666665 0.016666666666666666 0.055
0 0.8341666666666666 0.5316666666666666 0.025 0.07333333333333333
0 0.7566666666666667 0.5375 0.023333333333333334 0.056666666666666664
0 0.775 0.54 0.029166666666666667 0.0675
0 0.8116666666666666 0.5441666666666667 0.025 0.06916666666666667
0 0.7233333333333334 0.5475 0.023333333333333334 0.06916666666666667
0 0.74 0.5533333333333333 0.0175 0.07583333333333334
0 0.77 0.5858333333333333 0.03666666666666667 0.03
0 0.7425 0.5866666666666667 0.03833333333333333 0.050833333333333335
0 0.31333333333333335 0.056666666666666664 0.0175 0.060833333333333336
0 0.7108333333333333 0.6591666666666667 0.018333333333333333 0.0675
0 0.7266666666666667 0.6833333333333333 0.016666666666666666 0.07083333333333333
0 0.7216666666666667 0.6975 0.019166666666666665 0.0675
0 0.7016666666666667 0.73 0.018333333333333333 0.08083333333333333
0 0.7208333333333333 0.7391666666666666 0.023333333333333334 0.06916666666666667
0 0.7975 0.7541666666666667 0.03916666666666667 0.059166666666666666
0 0.7175 0.7641666666666667 0.0225 0.06666666666666667
0 0.7383333333333333 0.765 0.0175 0.0825
0 0.3825 0.075 0.0175 0.06166666666666667
0 0.7358333333333333 0.8016666666666666 0.018333333333333333 0.0625
0 0.71 0.8066666666666666 0.019166666666666665 0.045
0 0.48833333333333334 0.8125 0.021666666666666667 0.0725
0 0.4033333333333333 0.08 0.0275 0.050833333333333335
0 0.4608333333333333 0.8416666666666667 0.03666666666666667 0.03666666666666667
0 0.29583333333333334 0.0825 0.024166666666666666 0.0775
0 0.3675 0.0825 0.021666666666666667 0.05416666666666667
0 0.4841666666666667 0.8491666666666666 0.018333333333333333 0.06166666666666667
0 0.7291666666666666 0.865 0.021666666666666667 0.07083333333333333
0 0.5133333333333333 0.87 0.041666666666666664 0.0525
0 0.4675 0.8808333333333334 0.028333333333333332 0.05
0 0.5125 0.9041666666666667 0.030833333333333334 0.04666666666666667
0 0.5375 0.9191666666666667 0.0275 0.0425
0 0.4691666666666667 0.9191666666666667 0.02666666666666667 0.04416666666666667
0 0.49166666666666664 0.9275 0.03333333333333333 0.045
0 0.5208333333333334 0.9408333333333333 0.03666666666666667 0.05
0 0.4816666666666667 0.9558333333333333 0.02666666666666667 0.03833333333333333
0 0.5466666666666666 0.9558333333333333 0.043333333333333335 0.04666666666666667
0 0.5041666666666667 0.9608333333333333 0.0325 0.030833333333333334
0 0.55 0.9775 0.035 0.03166666666666667
0 0.3475 0.09666666666666666 0.0275 0.06
0 0.565 0.9958333333333333 0.03166666666666667 0.0075
0 0.30083333333333334 0.11416666666666667 0.014166666666666666 0.059166666666666666
0 0.38166666666666665 0.11666666666666667 0.024166666666666666 0.051666666666666666
0 0.36083333333333334 0.1275 0.021666666666666667 0.04583333333333333
0 0.3175 0.13833333333333334 0.013333333333333334 0.0625
0 0.2866666666666667 0.14916666666666667 0.0225 0.0525
0 0.2725 0.15 0.018333333333333333 0.0725
0 0.3441666666666667 0.15583333333333332 0.016666666666666666 0.049166666666666664
0 0.36333333333333334 0.15916666666666668 0.0325 0.055
0 0.3283333333333333 0.17083333333333334 0.02 0.043333333333333335
0 0.36833333333333335 0.015833333333333335 0.0175 0.03166666666666667
0 0.2991666666666667 0.1775 0.02 0.0775
0 0.31 0.18583333333333332 0.02 0.0525
0 0.34833333333333333 0.19 0.014166666666666666 0.023333333333333334
0 0.3308333333333333 0.22333333333333333 0.03916666666666667 0.05416666666666667
0 0.2725 0.2375 0.024166666666666666 0.04833333333333333
0 0.2841666666666667 0.24583333333333332 0.0225 0.0725
0 0.3875 0.29583333333333334 0.018333333333333333 0.06666666666666667
0 0.42833333333333334 0.31666666666666665 0.0125 0.04833333333333333
0 0.4608333333333333 0.31916666666666665 0.024166666666666666 0.075
0 0.4483333333333333 0.3283333333333333 0.014166666666666666 0.045
0 0.4125 0.03166666666666667 0.016666666666666666 0.055
0 0.8391666666666666 0.36916666666666664 0.020833333333333332 0.07583333333333334
0 0.5466666666666666 0.3983333333333333 0.025 0.07
0 0.4025 0.03916666666666667 0.011666666666666667 0.058333333333333334
0 0.9 0.0425 0.03 0.07416666666666667