0 0.4725 0.47333333333333333 0.0475 0.075
0 0.6875 0.4825 0.03 0.07916666666666666
0 0.785 0.48833333333333334 0.023333333333333334 0.0825
0 0.7625 0.4891666666666667 0.020833333333333332 0.07666666666666666
0 0.4025 0.5166666666666667 0.024166666666666666 0.09666666666666666
0 0.8533333333333334 0.5175 0.035 0.04833333333333333
0 0.8975 0.5216666666666666 0.021666666666666667 0.07416666666666667
0 0.8716666666666667 0.5258333333333334 0.028333333333333332 0.09
0 0.8833333333333333 0.5408333333333334 0.0225 0.07583333333333334
0 0.8216666666666667 0.5441666666666667 0.04833333333333333 0.041666666666666664
0 0.835 0.5658333333333333 0.0375 0.04666666666666667
0 0.3491666666666667 0.03666666666666667 0.0225 0.07333333333333333
0 0.8758333333333334 0.6041666666666666 0.03 0.0725
0 0.8866666666666667 0.6216666666666667 0.023333333333333334 0.09666666666666666
0 0.8533333333333334 0.6291666666666667 0.035 0.07833333333333334
0 0.8258333333333333 0.6375 0.034166666666666665 0.08333333333333333
0 0.8566666666666667 0.66 0.03 0.060833333333333336
0 0.8883333333333333 0.6775 0.021666666666666667 0.07666666666666666
0 0.8533333333333334 0.705 0.03166666666666667 0.056666666666666664
0 0.865 0.7158333333333333 0.02666666666666667 0.06916666666666667
0 0.8258333333333333 0.7216666666666667 0.04083333333333333 0.07916666666666666
0 0.46 0.0475 0.04 0.0725
0 0.435 0.7325 0.030833333333333334 0.1025
0 0.4533333333333333 0.74 0.0325 0.08166666666666667
0 0.8841666666666667 0.755 0.0275 0.08416666666666667
0 0.8566666666666667 0.7641666666666667 0.041666666666666664 0.07916666666666666
0 0.48333333333333334 0.7658333333333334 0.0475 0.07416666666666667
0 0.5508333333333333 0.7841666666666667 0.04416666666666667 0.07833333333333334
0 0.885 0.7866666666666666 0.028333333333333332 0.06583333333333333
0 0.4825 0.8 0.035 0.055
0 0.4658333333333333 0.8075 0.03 0.08
0 0.8466666666666667 0.8166666666666667 0.041666666666666664 0.05333333333333334
0 0.8658333333333333 0.835 0.0375 0.04416666666666667
0 0.49666666666666665 0.8358333333333333 0.03666666666666667 0.06166666666666667
0 0.37 0.06 0.0175 0.0575
0 0.8533333333333334 0.8716666666666667 0.03333333333333333 0.041666666666666664
0 0.4058333333333333 0.06333333333333334 0.02666666666666667 0.060833333333333336
0 0.8516666666666667 0.9008333333333334 0.035 0.0575
0 0.8216666666666667 0.9075 0.03916666666666667 0.04833333333333333
0 0.8308333333333333 0.9391666666666667 0.059166666666666666 0.04083333333333333
0 0.39416666666666667 0.07083333333333333 0.025833333333333333 0.051666666666666666
0 0.8491666666666666 0.9525 0.043333333333333335 0.07083333333333333
0 0.3625 0.07583333333333334 0.019166666666666665 0.059166666666666666
0 0.4075 0.9833333333333333 0.04583333333333333 0.03166666666666667
0 0.34833333333333333 0.1025 0.03166666666666667 0.09333333333333334
0 0.39 0.11083333333333334 0.03333333333333333 0.03333333333333333
0 0.37333333333333335 0.14083333333333334 0.023333333333333334 0.07583333333333334
0 0.4266666666666667 0.1425 0.03916666666666667 0.03666666666666667
0 0.4008333333333333 0.15583333333333332 0.021666666666666667 0.07666666666666666
0 0.45166666666666666 0.16583333333333333 0.04583333333333333 0.03833333333333333
0 0.6075 0.16833333333333333 0.051666666666666666 0.07166666666666667
0 0.4875 0.17583333333333334 0.04 0.03666666666666667
0 0.5658333333333333 0.20083333333333334 0.03666666666666667 0.10166666666666667
0 0.38666666666666666 0.20333333333333334 0.025833333333333333 0.04583333333333333
0 0.5091666666666667 0.20583333333333334 0.043333333333333335 0.035
0 0.6791666666666667 0.21416666666666667 0.030833333333333334 0.0775
0 0.65 0.22583333333333333 0.04666666666666667 0.06833333333333333
0 0.5316666666666666 0.23 0.04666666666666667 0.035
0 0.3983333333333333 0.2375 0.035833333333333335 0.03
0 0.7025 0.23916666666666667 0.02666666666666667 0.06583333333333333
0 0.7216666666666667 0.2525 0.028333333333333332 0.04416666666666667
0 0.6891666666666667 0.2608333333333333 0.04 0.06416666666666666
0 0.42583333333333334 0.2675 0.029166666666666667 0.05583333333333333
0 0.4075 0.2733333333333333 0.0325 0.06166666666666667
0 0.30916666666666665 0.2758333333333333 0.04666666666666667 0.041666666666666664
0 0.4 0.29583333333333334 0.025 0.06583333333333333
0 0.7233333333333334 0.2975 0.029166666666666667 0.05333333333333334
0 0.325 0.3 0.03166666666666667 0.030833333333333334
0 0.6891666666666667 0.31 0.0325 0.08
0 0.43583333333333335 0.31333333333333335 0.03916666666666667 0.04833333333333333
0 0.7233333333333334 0.32416666666666666 0.03333333333333333 0.05583333333333333
0 0.82 0.3258333333333333 0.025833333333333333 0.09666666666666666
0 0.8583333333333333 0.32666666666666666 0.0375 0.06333333333333334
0 0.42333333333333334 0.3283333333333333 0.030833333333333334 0.058333333333333334
0 0.7166666666666667 0.3325 0.029166666666666667 0.07
0 0.8466666666666667 0.3333333333333333 0.0275 0.07416666666666667
0 0.4708333333333333 0.3433333333333333 0.043333333333333335 0.03916666666666667
0 0.7425 0.35 0.025833333333333333 0.08666666666666667
0 0.8391666666666666 0.3525 0.025833333333333333 0.08166666666666667
0 0.4558333333333333 0.3625 0.035 0.0575
0 0.8783333333333333 0.37916666666666665 0.020833333333333332 0.06416666666666666
0 0.8641666666666666 0.38666666666666666 0.021666666666666667 0.06166666666666667
0 0.48833333333333334 0.38916666666666666 0.03333333333333333 0.0625
0 0.8325 0.3933333333333333 0.0225 0.0875
0 0.8158333333333333 0.4166666666666667 0.016666666666666666 0.06583333333333333
0 0.7716666666666666 0.43083333333333335 0.02 0.07666666666666666
0 0.8875 0.43583333333333335 0.03916666666666667 0.055
0 0.8525 0.4575 0.03333333333333333 0.08416666666666667
0 0.8841666666666667 0.4625 0.03666666666666667 0.08166666666666667