0 0.5958333333333333 0.4716666666666667 0.0475 0.04416666666666667
0 0.5325 0.485 0.029166666666666667 0.06583333333333333
0 0.6733333333333333 0.49166666666666664 0.04 0.035833333333333335
0 0.3883333333333333 0.49416666666666664 0.0275 0.05
0 0.5533333333333333 0.4975 0.035833333333333335 0.06833333333333333
0 0.6891666666666667 0.5025 0.04 0.04583333333333333
0 0.71 0.51 0.0425 0.03833333333333333
0 0.2866666666666667 0.5291666666666667 0.018333333333333333 0.08166666666666667
0 0.655 0.53 0.0325 0.060833333333333336
0 0.26166666666666666 0.5391666666666667 0.03916666666666667 0.06416666666666666
0 0.23083333333333333 0.5658333333333333 0.03666666666666667 0.050833333333333335
0 0.2816666666666667 0.5791666666666667 0.02 0.085
0 0.22833333333333333 0.5833333333333334 0.0375 0.045
0 0.2658333333333333 0.5933333333333334 0.02666666666666667 0.06916666666666667
0 0.265 0.6108333333333333 0.030833333333333334 0.07583333333333334
0 0.21416666666666667 0.6258333333333334 0.020833333333333332 0.08583333333333333
0 0.2525 0.63 0.019166666666666665 0.0725
0 0.22666666666666666 0.6308333333333334 0.018333333333333333 0.07583333333333334
0 0.23833333333333334 0.6333333333333333 0.0175 0.07833333333333334
0 0.21666666666666667 0.6925 0.02666666666666667 0.075
0 0.23916666666666667 0.7033333333333334 0.028333333333333332 0.08333333333333333
0 0.8508333333333333 0.705 0.04416666666666667 0.03666666666666667
0 0.81 0.7208333333333333 0.025 0.06916666666666667
0 0.5 0.155 0.024166666666666666 0.07833333333333334
0 0.6266666666666667 0.185 0.04 0.03916666666666667
0 0.4766666666666667 0.2025 0.025833333333333333 0.06583333333333333
0 0.6308333333333334 0.215 0.04083333333333333 0.0475
0 0.6416666666666667 0.21666666666666667 0.025833333333333333 0.043333333333333335
0 0.48 0.24083333333333334 0.020833333333333332 0.06916666666666667
0 0.6391666666666667 0.25 0.043333333333333335 0.04666666666666667
0 0.6383333333333333 0.2783333333333333 0.0325 0.06583333333333333
0 0.5841666666666666 0.4125 0.018333333333333333 0.08583333333333333
0 0.6 0.41833333333333333 0.019166666666666665 0.07666666666666666
0 0.5608333333333333 0.43083333333333335 0.0325 0.04833333333333333
0 0.54 0.44083333333333335 0.0375 0.05583333333333333
0 0.5583333333333333 0.4608333333333333 0.03 0.055