0 0.41 0.015 0.04 0.03
0 0.375 0.021666666666666667 0.03333333333333333 0.043333333333333335
0 0.21916666666666668 0.48 0.02 0.0725
0 0.25 0.49583333333333335 0.023333333333333334 0.07333333333333333
0 0.2275 0.5091666666666667 0.02 0.07916666666666666
0 0.5375 0.019166666666666665 0.0425 0.03833333333333333
0 0.23833333333333334 0.021666666666666667 0.03666666666666667 0.043333333333333335
0 0.33416666666666667 0.029166666666666667 0.02 0.058333333333333334
0 0.2608333333333333 0.020833333333333332 0.0325 0.04083333333333333
0 0.1875 0.5958333333333333 0.0225 0.07166666666666667
0 0.5941666666666666 0.6333333333333333 0.0375 0.07083333333333333
0 0.575 0.705 0.025833333333333333 0.08166666666666667
0 0.6675 0.8025 0.04583333333333333 0.0625
0 0.6183333333333333 0.8458333333333333 0.02666666666666667 0.034166666666666665
0 0.6541666666666667 0.85 0.041666666666666664 0.056666666666666664
0 0.4866666666666667 0.8608333333333333 0.034166666666666665 0.08833333333333333
0 0.6258333333333334 0.8858333333333334 0.04083333333333333 0.035
0 0.6558333333333334 0.8858333333333334 0.028333333333333332 0.08666666666666667
0 0.6225 0.9133333333333333 0.043333333333333335 0.03833333333333333
0 0.5766666666666667 0.9266666666666666 0.03333333333333333 0.05416666666666667
0 0.525 0.055 0.0375 0.049166666666666664
0 0.3075 0.0575 0.019166666666666665 0.08166666666666667
0 0.2725 0.06 0.04833333333333333 0.051666666666666666
0 0.21833333333333332 0.065 0.025833333333333333 0.07416666666666667
0 0.24666666666666667 0.06583333333333333 0.03166666666666667 0.07166666666666667
0 0.5566666666666666 0.06833333333333333 0.05 0.041666666666666664
0 0.26916666666666667 0.09 0.018333333333333333 0.05416666666666667
0 0.23583333333333334 0.09666666666666666 0.0325 0.0425
0 0.2791666666666667 0.0975 0.034166666666666665 0.075
0 0.6483333333333333 0.10583333333333333 0.02666666666666667 0.08916666666666667
0 0.245 0.1325 0.034166666666666665 0.045
0 0.22166666666666668 0.13416666666666666 0.02666666666666667 0.07083333333333333
0 0.65 0.135 0.020833333333333332 0.059166666666666666
0 0.2791666666666667 0.1475 0.024166666666666666 0.07416666666666667
0 0.24416666666666667 0.16416666666666666 0.030833333333333334 0.06166666666666667
0 0.26916666666666667 0.16916666666666666 0.0225 0.08166666666666667
0 0.6366666666666667 0.17416666666666666 0.024166666666666666 0.0675
0 0.2525 0.20416666666666666 0.0325 0.06583333333333333
0 0.23583333333333334 0.21333333333333335 0.03166666666666667 0.07
0 0.22333333333333333 0.24416666666666667 0.019166666666666665 0.06416666666666666
0 0.23916666666666667 0.24583333333333332 0.028333333333333332 0.051666666666666666
0 0.3441666666666667 0.0075 0.021666666666666667 0.015
0 0.265 0.26666666666666666 0.021666666666666667 0.0825
0 0.2425 0.2808333333333333 0.03166666666666667 0.05416666666666667
0 0.5941666666666666 0.009166666666666667 0.04 0.018333333333333333
0 0.20166666666666666 0.29833333333333334 0.0275 0.0825
0 0.23833333333333334 0.31666666666666665 0.024166666666666666 0.0775
0 0.30416666666666664 0.014166666666666666 0.019166666666666665 0.028333333333333332
0 0.25666666666666665 0.32166666666666666 0.04 0.056666666666666664
0 0.22083333333333333 0.3325 0.025 0.09
0 0.565 0.335 0.04 0.049166666666666664
0 0.5866666666666667 0.3358333333333333 0.0375 0.0675
0 0.48583333333333334 0.3441666666666667 0.024166666666666666 0.08166666666666667
0 0.5358333333333334 0.34833333333333333 0.03666666666666667 0.0575
0 0.23833333333333334 0.35083333333333333 0.0275 0.06916666666666667
0 0.28583333333333333 0.019166666666666665 0.02666666666666667 0.03833333333333333
0 0.265 0.37416666666666665 0.0325 0.07
0 0.5558333333333333 0.38083333333333336 0.029166666666666667 0.07
0 0.535 0.38666666666666666 0.0225 0.05333333333333334
0 0.2225 0.39166666666666666 0.028333333333333332 0.06833333333333333
0 0.5616666666666666 0.013333333333333334 0.0275 0.02666666666666667
0 0.25583333333333336 0.405 0.0275 0.055
0 0.24 0.4066666666666667 0.02 0.059166666666666666
0 0.5141666666666667 0.4191666666666667 0.025 0.0675
0 0.225 0.43583333333333335 0.0275 0.08416666666666667
0 0.25583333333333336 0.44583333333333336 0.020833333333333332 0.06333333333333334
0 0.2725 0.44666666666666666 0.02 0.0675