0 0.6941666666666667 0.5358333333333334 0.025833333333333333 0.06166666666666667
0 0.9533333333333334 0.5358333333333334 0.0275 0.07583333333333334
0 0.6675 0.515 0.03 0.05
0 0.715 0.51 0.025 0.0675
0 0.6916666666666667 0.5008333333333334 0.02666666666666667 0.058333333333333334
0 0.9558333333333333 0.485 0.034166666666666665 0.085
0 0.7125 0.47 0.015833333333333335 0.06
0 0.6866666666666666 0.46166666666666667 0.0225 0.07666666666666666
0 0.3433333333333333 0.45916666666666667 0.0325 0.06166666666666667
0 0.31666666666666665 0.44916666666666666 0.020833333333333332 0.045
0 0.7033333333333334 0.44583333333333336 0.015833333333333335 0.0625
0 0.7458333333333333 0.44 0.028333333333333332 0.06583333333333333
0 0.33416666666666667 0.435 0.019166666666666665 0.059166666666666666
0 0.7141666666666666 0.4275 0.0175 0.041666666666666664
0 0.3491666666666667 0.4191666666666667 0.024166666666666666 0.0575
0 0.2966666666666667 0.4175 0.020833333333333332 0.06333333333333334
0 0.30833333333333335 0.4125 0.019166666666666665 0.06666666666666667
0 0.95 0.9583333333333334 0.0525 0.0375
0 0.6975 0.405 0.018333333333333333 0.07833333333333334
0 0.36666666666666664 0.4041666666666667 0.018333333333333333 0.06583333333333333
0 0.37833333333333335 0.3975 0.015 0.06583333333333333
0 0.27166666666666667 0.39666666666666667 0.03166666666666667 0.06416666666666666
0 0.3325 0.39166666666666666 0.021666666666666667 0.0525
0 0.7375 0.3908333333333333 0.043333333333333335 0.04666666666666667
0 0.7666666666666667 0.38416666666666666 0.0275 0.04583333333333333
0 0.32 0.3775 0.023333333333333334 0.06166666666666667
0 0.3475 0.37583333333333335 0.016666666666666666 0.065
0 0.71 0.37083333333333335 0.016666666666666666 0.07583333333333334
0 0.3 0.37 0.023333333333333334 0.059166666666666666
0 0.13 0.36833333333333335 0.0325 0.06
0 0.10833333333333334 0.36333333333333334 0.02666666666666667 0.060833333333333336
0 0.8341666666666666 0.3591666666666667 0.03333333333333333 0.03666666666666667
0 0.3616666666666667 0.35833333333333334 0.018333333333333333 0.058333333333333334
0 0.7733333333333333 0.35333333333333333 0.04 0.07166666666666667
0 0.31666666666666665 0.3416666666666667 0.021666666666666667 0.055
0 0.3425 0.34 0.018333333333333333 0.058333333333333334
0 0.13 0.34 0.025 0.055
0 0.17333333333333334 0.33166666666666667 0.0225 0.059166666666666666
0 0.37666666666666665 0.32916666666666666 0.0175 0.06833333333333333
0 0.16416666666666666 0.32416666666666666 0.034166666666666665 0.0475
0 0.19 0.3225 0.03166666666666667 0.07333333333333333
0 0.36083333333333334 0.3125 0.013333333333333334 0.051666666666666666
0 0.8475 0.31 0.0375 0.065
0 0.13333333333333333 0.30583333333333335 0.03666666666666667 0.04666666666666667
0 0.3325 0.3016666666666667 0.023333333333333334 0.06583333333333333
0 0.31833333333333336 0.29833333333333334 0.020833333333333332 0.05416666666666667
0 0.37333333333333335 0.295 0.018333333333333333 0.0825
0 0.3425 0.2941666666666667 0.015833333333333335 0.055
0 0.2575 0.2866666666666667 0.035833333333333335 0.06166666666666667
0 0.18583333333333332 0.2841666666666667 0.034166666666666665 0.04416666666666667
0 0.24166666666666667 0.2825 0.04083333333333333 0.0375
0 0.1725 0.2808333333333333 0.035 0.043333333333333335
0 0.35333333333333333 0.28 0.015833333333333335 0.059166666666666666
0 0.8558333333333333 0.27166666666666667 0.021666666666666667 0.07583333333333334
0 0.29 0.27 0.0325 0.03
0 0.21083333333333334 0.2675 0.021666666666666667 0.05416666666666667
0 0.38666666666666666 0.2658333333333333 0.015 0.0625
0 0.14583333333333334 0.265 0.043333333333333335 0.041666666666666664
0 0.3675 0.26166666666666666 0.019166666666666665 0.06833333333333333
0 0.8758333333333334 0.25166666666666665 0.028333333333333332 0.05583333333333333
0 0.3458333333333333 0.25166666666666665 0.02666666666666667 0.04
0 0.3275 0.24666666666666667 0.030833333333333334 0.0575
0 0.24916666666666668 0.24666666666666667 0.0325 0.049166666666666664
0 0.2841666666666667 0.24416666666666667 0.043333333333333335 0.03833333333333333
0 0.2025 0.24416666666666667 0.0275 0.056666666666666664
0 0.37 0.22833333333333333 0.02666666666666667 0.04666666666666667
0 0.23083333333333333 0.22833333333333333 0.024166666666666666 0.051666666666666666
0 0.3516666666666667 0.22666666666666666 0.03 0.03916666666666667
0 0.8775 0.21666666666666667 0.0325 0.0725
0 0.24666666666666667 0.2125 0.025833333333333333 0.0425
0 0.26916666666666667 0.21 0.04583333333333333 0.03916666666666667
0 0.2966666666666667 0.20833333333333334 0.0325 0.04666666666666667
0 0.375 0.2025 0.0325 0.03666666666666667
0 0.22 0.2 0.024166666666666666 0.07083333333333333
0 0.9783333333333334 0.9341666666666667 0.04 0.041666666666666664
0 0.9675 0.9191666666666667 0.045 0.059166666666666666
0 0.9366666666666666 0.8358333333333333 0.05 0.04
0 0.6983333333333334 0.7908333333333334 0.04583333333333333 0.03833333333333333
0 0.6858333333333333 0.7525 0.018333333333333333 0.07666666666666666
0 0.7083333333333334 0.7358333333333333 0.025833333333333333 0.08
0 0.6508333333333334 0.7183333333333334 0.020833333333333332 0.07666666666666666
0 0.6791666666666667 0.7175 0.0225 0.06666666666666667
0 0.6675 0.6833333333333333 0.015833333333333335 0.08166666666666667
0 0.7083333333333334 0.6825 0.016666666666666666 0.07916666666666666
0 0.955 0.9808333333333333 0.0575 0.0375
0 0.69 0.6791666666666667 0.018333333333333333 0.059166666666666666
0 0.6966666666666667 0.6533333333333333 0.020833333333333332 0.07583333333333334
0 0.8291666666666667 0.65 0.023333333333333334 0.0675
0 0.9783333333333334 0.65 0.04 0.06666666666666667
0 0.71 0.6491666666666667 0.025833333333333333 0.05416666666666667
0 0.655 0.6416666666666667 0.018333333333333333 0.085
0 0.6791666666666667 0.6391666666666667 0.018333333333333333 0.075
0 0.7141666666666666 0.6208333333333333 0.023333333333333334 0.05333333333333334
0 0.9791666666666666 0.605 0.04 0.06583333333333333
0 0.99 0.605 0.016666666666666666 0.07
0 0.6975 0.5983333333333334 0.019166666666666665 0.07416666666666667
0 0.6708333333333333 0.595 0.02 0.07333333333333333
0 0.6908333333333333 0.5675 0.020833333333333332 0.045
0 0.7108333333333333 0.5633333333333334 0.024166666666666666 0.06833333333333333
0 0.9758333333333333 0.5633333333333334 0.024166666666666666 0.0625
0 0.6658333333333334 0.5608333333333333 0.0325 0.0625