0 0.8791666666666667 0.3958333333333333 0.035833333333333335 0.1175
0 0.7491666666666666 0.26166666666666666 0.041666666666666664 0.12916666666666668
0 0.8516666666666667 0.17583333333333334 0.06583333333333333 0.10666666666666667
0 0.6133333333333333 0.16166666666666665 0.035833333333333335 0.10333333333333333
0 0.75 0.14666666666666667 0.03916666666666667 0.10833333333333334
0 0.6933333333333334 0.13583333333333333 0.04666666666666667 0.10333333333333333
0 0.32166666666666666 0.8633333333333333 0.07166666666666667 0.10416666666666667
0 0.5683333333333334 0.8458333333333333 0.0775 0.059166666666666666
0 0.5025 0.8141666666666667 0.0625 0.11333333333333333
0 0.3975 0.8033333333333333 0.07416666666666667 0.059166666666666666
0 0.29583333333333334 0.7541666666666667 0.08 0.058333333333333334
0 0.4166666666666667 0.7391666666666666 0.07083333333333333 0.056666666666666664
0 0.36666666666666664 0.7016666666666667 0.03333333333333333 0.1375
0 0.7808333333333334 0.6983333333333334 0.0525 0.12
0 0.7191666666666666 0.6716666666666666 0.03833333333333333 0.11833333333333333
0 0.37833333333333335 0.9691666666666666 0.07333333333333333 0.060833333333333336
0 0.6625 0.5333333333333333 0.034166666666666665 0.10916666666666666