0 0.8541666666666666 0.545 0.0275 0.08416666666666667
0 0.8741666666666666 0.5391666666666667 0.0225 0.07916666666666666
0 0.48833333333333334 0.5325 0.021666666666666667 0.08333333333333333
0 0.8008333333333333 0.4775 0.04833333333333333 0.0575
0 0.9866666666666667 0.4191666666666667 0.025833333333333333 0.04833333333333333
0 0.3491666666666667 0.4083333333333333 0.023333333333333334 0.085
0 0.34 0.35833333333333334 0.018333333333333333 0.09
0 0.31916666666666665 0.3425 0.030833333333333334 0.065
0 0.37083333333333335 0.3408333333333333 0.03166666666666667 0.03166666666666667
0 0.305 0.3283333333333333 0.02666666666666667 0.05583333333333333
0 0.32 0.295 0.02 0.06916666666666667
0 0.27 0.29 0.045 0.04083333333333333
0 0.305 0.2791666666666667 0.03333333333333333 0.0725
0 0.25583333333333336 0.2725 0.04 0.05416666666666667
0 0.2941666666666667 0.25416666666666665 0.0275 0.04833333333333333
0 0.2658333333333333 0.25083333333333335 0.041666666666666664 0.0475
0 0.2891666666666667 0.2175 0.024166666666666666 0.0725
0 0.26666666666666666 0.20583333333333334 0.034166666666666665 0.058333333333333334
0 0.515 0.9825 0.02666666666666667 0.03166666666666667
0 0.5691666666666667 0.6591666666666667 0.04583333333333333 0.0475
0 0.61 0.6416666666666667 0.04 0.05333333333333334
0 0.5858333333333333 0.6141666666666666 0.030833333333333334 0.0625
0 0.5675 0.6116666666666667 0.03833333333333333 0.07166666666666667
0 0.6041666666666666 0.6091666666666666 0.035833333333333335 0.060833333333333336
0 0.62 0.605 0.04 0.0625
0 0.8891666666666667 0.5816666666666667 0.028333333333333332 0.08
0 0.8591666666666666 0.5808333333333333 0.03666666666666667 0.07
0 0.59 0.5516666666666666 0.028333333333333332 0.07166666666666667