0 0.38416666666666666 0.4608333333333333 0.0575 0.06166666666666667
0 0.38166666666666665 0.5208333333333334 0.05416666666666667 0.0575
0 0.43083333333333335 0.5716666666666667 0.05333333333333334 0.06583333333333333
0 0.45166666666666666 0.6125 0.0525 0.0575
0 0.45916666666666667 0.6941666666666667 0.05333333333333334 0.0675
0 0.455 0.7633333333333333 0.045 0.07916666666666666
0 0.4041666666666667 0.8633333333333333 0.058333333333333334 0.06666666666666667
0 0.4375 0.05 0.06333333333333334 0.07166666666666667
0 0.75 0.09 0.06 0.06916666666666667
0 0.42916666666666664 0.15916666666666668 0.05583333333333333 0.07666666666666666
0 0.3933333333333333 0.30916666666666665 0.055 0.06333333333333334
0 0.4483333333333333 0.018333333333333333 0.035833333333333335 0.03666666666666667
0 0.4141666666666667 0.36583333333333334 0.056666666666666664 0.06