0 0.5533333333333333 0.4725 0.04 0.043333333333333335
0 0.5616666666666666 0.525 0.020833333333333332 0.07
0 0.2658333333333333 0.2725 0.04 0.03833333333333333
0 0.3016666666666667 0.29333333333333333 0.03833333333333333 0.035
0 0.5225 0.2975 0.020833333333333332 0.07416666666666667
0 0.2783333333333333 0.30583333333333335 0.0425 0.03916666666666667
0 0.5033333333333333 0.3075 0.030833333333333334 0.035833333333333335
0 0.33916666666666667 0.30833333333333335 0.041666666666666664 0.04083333333333333
0 0.31416666666666665 0.31916666666666665 0.04083333333333333 0.0325
0 0.5241666666666667 0.325 0.025833333333333333 0.058333333333333334
0 0.37916666666666665 0.3375 0.041666666666666664 0.035
0 0.4625 0.3383333333333333 0.035 0.0525
0 0.5441666666666667 0.3408333333333333 0.021666666666666667 0.07333333333333333
0 0.5008333333333334 0.34833333333333333 0.03666666666666667 0.04666666666666667
0 0.5225 0.35583333333333333 0.03333333333333333 0.06
0 0.5583333333333333 0.36083333333333334 0.015833333333333335 0.07166666666666667
0 0.49333333333333335 0.36833333333333335 0.035 0.0575
0 0.43 0.375 0.045 0.060833333333333336
0 0.4708333333333333 0.3775 0.04083333333333333 0.04416666666666667
0 0.5325 0.3875 0.023333333333333334 0.0775
0 0.5175 0.39166666666666666 0.035 0.06416666666666666
0 0.5375 0.4175 0.03166666666666667 0.06416666666666666