0 0.7433333333333333 0.02 0.0575 0.03916666666666667
0 0.17333333333333334 0.5158333333333334 0.04666666666666667 0.18666666666666668
0 0.6983333333333334 0.035833333333333335 0.04583333333333333 0.07083333333333333
0 0.30416666666666664 0.04083333333333333 0.055 0.08166666666666667
0 0.5625 0.8375 0.060833333333333336 0.21
0 0.31583333333333335 0.8908333333333334 0.10666666666666667 0.13833333333333334
0 0.8541666666666666 0.9083333333333333 0.07 0.18166666666666667
0 0.7725 0.9241666666666667 0.07416666666666667 0.15083333333333335
0 0.22083333333333333 0.9516666666666667 0.07166666666666667 0.095
0 0.6525 0.08166666666666667 0.06583333333333333 0.1575
0 0.9466666666666667 0.3283333333333333 0.0725 0.16416666666666666