0 0.8116666666666666 0.59 0.019166666666666665 0.07
0 0.505 0.6033333333333334 0.019166666666666665 0.0775
0 0.8241666666666667 0.6108333333333333 0.0275 0.085
0 0.8016666666666666 0.6383333333333333 0.023333333333333334 0.07083333333333333
0 0.7816666666666666 0.6566666666666666 0.0225 0.06166666666666667
0 0.7408333333333333 0.6691666666666667 0.034166666666666665 0.050833333333333335
0 0.7941666666666667 0.695 0.02666666666666667 0.0825
0 0.7716666666666666 0.6975 0.0275 0.07666666666666666
0 0.7408333333333333 0.7016666666666667 0.03833333333333333 0.05333333333333334
0 0.31833333333333336 0.034166666666666665 0.025 0.06
0 0.71 0.7933333333333333 0.02 0.08
0 0.6791666666666667 0.8708333333333333 0.020833333333333332 0.0825
0 0.29583333333333334 0.04583333333333333 0.0225 0.08
0 0.7391666666666666 0.8766666666666667 0.04083333333333333 0.06166666666666667
0 0.6941666666666667 0.915 0.0175 0.08916666666666667
0 0.6816666666666666 0.945 0.02 0.0925
0 0.7016666666666667 0.9625 0.020833333333333332 0.07333333333333333
0 0.6666666666666666 0.965 0.02666666666666667 0.06666666666666667
0 0.6283333333333333 0.9808333333333333 0.02 0.035
0 0.64 0.9808333333333333 0.0175 0.03666666666666667
0 0.655 0.9858333333333333 0.02 0.02666666666666667
0 0.27 0.0775 0.029166666666666667 0.0625
0 0.305 0.08666666666666667 0.035833333333333335 0.049166666666666664
0 0.23 0.095 0.0275 0.05333333333333334
0 0.2425 0.09916666666666667 0.035833333333333335 0.06583333333333333
0 0.27 0.12 0.034166666666666665 0.08583333333333333
0 0.21083333333333334 0.13416666666666666 0.018333333333333333 0.07416666666666667
0 0.28 0.13833333333333334 0.03166666666666667 0.07166666666666667
0 0.2425 0.15833333333333333 0.02666666666666667 0.06416666666666666
0 0.21916666666666668 0.17083333333333334 0.023333333333333334 0.05
0 0.18416666666666667 0.20083333333333334 0.021666666666666667 0.0875
0 0.17 0.20416666666666666 0.019166666666666665 0.08083333333333333
0 0.19166666666666668 0.205 0.03166666666666667 0.07416666666666667
0 0.215 0.20916666666666667 0.030833333333333334 0.06166666666666667
0 0.15833333333333333 0.21 0.03333333333333333 0.08916666666666667
0 0.19333333333333333 0.2175 0.023333333333333334 0.0325
0 0.2325 0.21833333333333332 0.03916666666666667 0.06166666666666667
0 0.23666666666666666 0.22916666666666666 0.03 0.023333333333333334
0 0.3466666666666667 0.005833333333333334 0.015 0.011666666666666667
0 0.15916666666666668 0.24583333333333332 0.035 0.060833333333333336
0 0.22916666666666666 0.2625 0.04416666666666667 0.06333333333333334
0 0.19833333333333333 0.2633333333333333 0.021666666666666667 0.07916666666666666
0 0.15 0.2758333333333333 0.02 0.06916666666666667
0 0.18166666666666667 0.27666666666666667 0.015833333333333335 0.09
0 0.1425 0.3025 0.018333333333333333 0.08
0 0.16916666666666666 0.31416666666666665 0.02 0.08666666666666667
0 0.2916666666666667 0.32416666666666666 0.020833333333333332 0.0775
0 0.155 0.35833333333333334 0.025 0.09166666666666666
0 0.36833333333333335 0.38333333333333336 0.0225 0.0425
0 0.33416666666666667 0.020833333333333332 0.018333333333333333 0.041666666666666664
0 0.3775 0.4175 0.020833333333333332 0.04583333333333333
0 0.3575 0.43083333333333335 0.03 0.06833333333333333