0 0.5575 0.5183333333333333 0.023333333333333334 0.07166666666666667
0 0.5441666666666667 0.5191666666666667 0.016666666666666666 0.07
0 0.5291666666666667 0.5391666666666667 0.018333333333333333 0.08416666666666667
0 0.575 0.5483333333333333 0.02 0.08666666666666667
0 0.8175 0.5541666666666667 0.030833333333333334 0.06
0 0.7875 0.5733333333333334 0.03916666666666667 0.06833333333333333
0 0.5383333333333333 0.5825 0.020833333333333332 0.06833333333333333
0 0.8258333333333333 0.5833333333333334 0.028333333333333332 0.06
0 0.8 0.6 0.03833333333333333 0.04666666666666667
0 0.7025 0.6383333333333333 0.04833333333333333 0.04
0 0.27416666666666667 0.7025 0.021666666666666667 0.09166666666666666
0 0.365 0.7216666666666667 0.030833333333333334 0.0325
0 0.25166666666666665 0.7266666666666667 0.03833333333333333 0.035
0 0.23083333333333333 0.7691666666666667 0.023333333333333334 0.06166666666666667
0 0.25 0.7691666666666667 0.021666666666666667 0.06666666666666667
0 0.2658333333333333 0.7758333333333334 0.028333333333333332 0.07416666666666667
0 0.18916666666666668 0.8066666666666666 0.0475 0.0625
0 0.25333333333333335 0.8133333333333334 0.0225 0.06
0 0.23833333333333334 0.8141666666666667 0.0225 0.07166666666666667
0 0.2025 0.8166666666666667 0.03333333333333333 0.05416666666666667
0 0.22916666666666666 0.8191666666666667 0.03 0.09583333333333334
0 0.895 0.8216666666666667 0.04833333333333333 0.050833333333333335
0 0.8508333333333333 0.8483333333333334 0.043333333333333335 0.049166666666666664
0 0.21833333333333332 0.8616666666666667 0.019166666666666665 0.06666666666666667
0 0.2 0.8716666666666667 0.023333333333333334 0.09083333333333334
0 0.21 0.9208333333333333 0.030833333333333334 0.07083333333333333
0 0.4741666666666667 0.14583333333333334 0.03 0.08
0 0.4825 0.17666666666666667 0.0225 0.07416666666666667
0 0.45416666666666666 0.19416666666666665 0.015 0.08916666666666667
0 0.49833333333333335 0.205 0.030833333333333334 0.07416666666666667
0 0.4708333333333333 0.22083333333333333 0.0175 0.08333333333333333
0 0.49 0.2525 0.025 0.07333333333333333
0 0.4866666666666667 0.28833333333333333 0.025833333333333333 0.07166666666666667
0 0.7816666666666666 0.29083333333333333 0.04416666666666667 0.065
0 0.7991666666666667 0.36666666666666664 0.035 0.09166666666666666
0 0.5458333333333333 0.4525 0.04416666666666667 0.035
0 0.5391666666666667 0.4691666666666667 0.05 0.0425