0 0.7766666666666666 0.5641666666666667 0.019166666666666665 0.07333333333333333
0 0.44416666666666665 0.55 0.04416666666666667 0.03666666666666667
0 0.4066666666666667 0.5383333333333333 0.035833333333333335 0.035
0 0.7625 0.5366666666666666 0.019166666666666665 0.08666666666666667
0 0.7266666666666667 0.5308333333333334 0.03916666666666667 0.04083333333333333
0 0.4125 0.5241666666666667 0.041666666666666664 0.0375
0 0.7975 0.5133333333333333 0.018333333333333333 0.06666666666666667
0 0.6791666666666667 0.5058333333333334 0.0225 0.08166666666666667
0 0.7783333333333333 0.5033333333333333 0.019166666666666665 0.07916666666666666
0 0.8 0.47833333333333333 0.015833333333333335 0.0475
0 0.6566666666666666 0.4691666666666667 0.02 0.06
0 0.825 0.46 0.035833333333333335 0.065
0 0.635 0.4575 0.03166666666666667 0.060833333333333336
0 0.7783333333333333 0.4475 0.03333333333333333 0.07333333333333333
0 0.6158333333333333 0.43666666666666665 0.021666666666666667 0.030833333333333334
0 0.6583333333333333 0.43 0.0275 0.045
0 0.6358333333333334 0.42583333333333334 0.0275 0.04583333333333333
0 0.59 0.41833333333333333 0.025833333333333333 0.06416666666666666
0 0.6125 0.4025 0.023333333333333334 0.0475
0 0.5941666666666666 0.39416666666666667 0.0275 0.058333333333333334
0 0.4741666666666667 0.39416666666666667 0.03166666666666667 0.04583333333333333
0 0.635 0.3908333333333333 0.0175 0.04666666666666667
0 0.49083333333333334 0.3908333333333333 0.034166666666666665 0.050833333333333335
0 0.6208333333333333 0.3858333333333333 0.034166666666666665 0.04416666666666667
0 0.4483333333333333 0.375 0.025 0.06416666666666666
0 0.5566666666666666 0.37 0.035833333333333335 0.05583333333333333
0 0.5141666666666667 0.3625 0.0375 0.04833333333333333
0 0.59 0.355 0.03166666666666667 0.04666666666666667
0 0.5266666666666666 0.35333333333333333 0.0425 0.04
0 0.5691666666666667 0.3525 0.028333333333333332 0.06
0 0.61 0.35 0.035833333333333335 0.034166666666666665
0 0.4766666666666667 0.3458333333333333 0.04083333333333333 0.0425
0 0.5491666666666667 0.3441666666666667 0.03916666666666667 0.035
0 0.44583333333333336 0.33916666666666667 0.03333333333333333 0.055
0 0.4225 0.325 0.019166666666666665 0.06416666666666666
0 0.5025 0.3225 0.04416666666666667 0.03833333333333333
0 0.5416666666666666 0.315 0.0475 0.035833333333333335
0 0.405 0.29 0.023333333333333334 0.07333333333333333
0 0.4216666666666667 0.27666666666666667 0.035833333333333335 0.0525
0 0.6466666666666666 0.9883333333333333 0.04666666666666667 0.02
0 0.6641666666666667 0.7525 0.045 0.03916666666666667
0 0.7408333333333333 0.5716666666666667 0.023333333333333334 0.06833333333333333