0 0.3875 0.465 0.0125 0.056666666666666664
0 0.42333333333333334 0.485 0.0175 0.07583333333333334
0 0.3975 0.4925 0.0175 0.06583333333333333
0 0.41083333333333333 0.495 0.013333333333333334 0.07
0 0.39666666666666667 0.04583333333333333 0.03333333333333333 0.0425
0 0.385 0.49833333333333335 0.020833333333333332 0.050833333333333335
0 0.37916666666666665 0.5258333333333334 0.021666666666666667 0.065
0 0.37 0.535 0.025 0.06916666666666667
0 0.41083333333333333 0.54 0.019166666666666665 0.06
0 0.39916666666666667 0.5491666666666667 0.025 0.0525
0 0.4266666666666667 0.5566666666666666 0.024166666666666666 0.058333333333333334
0 0.36833333333333335 0.5616666666666666 0.0275 0.058333333333333334
0 0.40166666666666667 0.5758333333333333 0.03 0.04416666666666667
0 0.3908333333333333 0.5808333333333333 0.0275 0.04583333333333333
0 0.3625 0.5833333333333334 0.028333333333333332 0.05
0 0.42333333333333334 0.5858333333333333 0.02666666666666667 0.04833333333333333
0 0.4216666666666667 0.6108333333333333 0.03166666666666667 0.03666666666666667
0 0.39416666666666667 0.6116666666666667 0.03 0.04833333333333333
0 0.4325 0.0575 0.0375 0.03666666666666667
0 0.3616666666666667 0.6141666666666666 0.030833333333333334 0.030833333333333334
0 0.3925 0.6308333333333334 0.0325 0.050833333333333335
0 0.42333333333333334 0.6316666666666667 0.03 0.03
0 0.36083333333333334 0.6391666666666667 0.025 0.023333333333333334
0 0.38 0.6408333333333334 0.029166666666666667 0.0375
0 0.42 0.6516666666666666 0.03166666666666667 0.03
0 0.3975 0.665 0.03166666666666667 0.03
0 0.39916666666666667 0.6858333333333333 0.035 0.035
0 0.3983333333333333 0.7241666666666666 0.028333333333333332 0.05583333333333333
0 0.42083333333333334 0.7433333333333333 0.029166666666666667 0.065
0 0.415 0.77 0.03333333333333333 0.0525
0 0.4716666666666667 0.8908333333333334 0.035833333333333335 0.0725
0 0.15166666666666667 0.08833333333333333 0.025 0.030833333333333334
0 0.37166666666666665 0.0075 0.03666666666666667 0.015
0 0.2775 0.09666666666666666 0.029166666666666667 0.041666666666666664
0 0.175 0.10416666666666667 0.04 0.03166666666666667
0 0.15 0.11416666666666667 0.03333333333333333 0.03166666666666667
0 0.2575 0.115 0.04 0.0325
0 0.1225 0.1175 0.03 0.06416666666666666
0 0.10333333333333333 0.11916666666666667 0.020833333333333332 0.06416666666666666
0 0.29333333333333333 0.12333333333333334 0.03333333333333333 0.030833333333333334
0 0.13 0.1275 0.025833333333333333 0.025833333333333333
0 0.5891666666666666 0.1275 0.030833333333333334 0.055
0 0.32416666666666666 0.13083333333333333 0.025833333333333333 0.043333333333333335
0 0.3416666666666667 0.1325 0.03333333333333333 0.028333333333333332
0 0.2708333333333333 0.14083333333333334 0.0375 0.041666666666666664
0 0.7183333333333334 0.013333333333333334 0.020833333333333332 0.02666666666666667
0 0.09083333333333334 0.15 0.018333333333333333 0.05333333333333334
0 0.30083333333333334 0.15166666666666667 0.029166666666666667 0.04583333333333333
0 0.3516666666666667 0.15583333333333332 0.03333333333333333 0.0325
0 0.3625 0.15666666666666668 0.025 0.02666666666666667
0 0.32083333333333336 0.16 0.018333333333333333 0.058333333333333334
0 0.3491666666666667 0.17166666666666666 0.02666666666666667 0.05
0 0.3375 0.17666666666666667 0.019166666666666665 0.06166666666666667
0 0.375 0.18083333333333335 0.0325 0.03166666666666667
0 0.0875 0.18333333333333332 0.018333333333333333 0.055
0 0.39416666666666667 0.1875 0.025833333333333333 0.035833333333333335
0 0.09833333333333333 0.19166666666666668 0.015833333333333335 0.04833333333333333
0 0.37833333333333335 0.205 0.029166666666666667 0.034166666666666665
0 0.35833333333333334 0.20666666666666667 0.03 0.03
0 0.08333333333333333 0.21416666666666667 0.021666666666666667 0.0575
0 0.38416666666666666 0.0175 0.035833333333333335 0.030833333333333334
0 0.3958333333333333 0.2275 0.016666666666666666 0.08
0 0.4091666666666667 0.23416666666666666 0.019166666666666665 0.07583333333333334
0 0.1025 0.24333333333333335 0.03 0.0725
0 0.425 0.25166666666666665 0.020833333333333332 0.050833333333333335
0 0.44083333333333335 0.26916666666666667 0.021666666666666667 0.05416666666666667
0 0.11083333333333334 0.2808333333333333 0.04666666666666667 0.04416666666666667
0 0.43083333333333335 0.2866666666666667 0.03 0.0425
0 0.3933333333333333 0.30416666666666664 0.0275 0.030833333333333334
0 0.4175 0.305 0.03916666666666667 0.04
0 0.37583333333333335 0.31 0.02 0.0775
0 0.44166666666666665 0.3275 0.02666666666666667 0.0575
0 0.455 0.3283333333333333 0.023333333333333334 0.058333333333333334
0 0.3958333333333333 0.3358333333333333 0.023333333333333334 0.049166666666666664
0 0.4141666666666667 0.3408333333333333 0.016666666666666666 0.0625
0 0.4025 0.35583333333333333 0.015833333333333335 0.06416666666666666
0 0.4791666666666667 0.36 0.034166666666666665 0.045
0 0.47333333333333333 0.375 0.03666666666666667 0.045
0 0.39666666666666667 0.38083333333333336 0.019166666666666665 0.0575
0 0.4166666666666667 0.034166666666666665 0.03333333333333333 0.03
0 0.37833333333333335 0.39666666666666667 0.021666666666666667 0.06916666666666667
0 0.3883333333333333 0.41083333333333333 0.013333333333333334 0.055
0 0.4075 0.4275 0.013333333333333334 0.059166666666666666
0 0.4175 0.435 0.016666666666666666 0.06833333333333333
0 0.3983333333333333 0.43833333333333335 0.014166666666666666 0.0625
0 0.37833333333333335 0.4483333333333333 0.015833333333333335 0.06666666666666667