0 0.47333333333333333 0.9458333333333333 0.02666666666666667 0.08583333333333333
0 0.4508333333333333 0.8666666666666667 0.02 0.10416666666666667
0 0.49083333333333334 0.7991666666666667 0.0475 0.0425
0 0.53 0.7975 0.04416666666666667 0.049166666666666664
0 0.5175 0.7783333333333333 0.03333333333333333 0.0275
0 0.32416666666666666 0.7733333333333333 0.03833333333333333 0.059166666666666666
0 0.5725 0.7683333333333333 0.03916666666666667 0.060833333333333336
0 0.49833333333333335 0.7633333333333333 0.04833333333333333 0.045
0 0.2966666666666667 0.7616666666666667 0.04083333333333333 0.059166666666666666
0 0.5608333333333333 0.76 0.043333333333333335 0.05416666666666667
0 0.54 0.755 0.043333333333333335 0.04583333333333333
0 0.2708333333333333 0.7541666666666667 0.04416666666666667 0.0675
0 0.4375 0.7275 0.03666666666666667 0.058333333333333334
0 0.29583333333333334 0.7066666666666667 0.016666666666666666 0.07916666666666666
0 0.24583333333333332 0.7033333333333334 0.0325 0.06166666666666667
0 0.4075 0.69 0.030833333333333334 0.0675
0 0.21 0.6166666666666667 0.035833333333333335 0.08916666666666667
0 0.23416666666666666 0.5991666666666666 0.0325 0.03833333333333333
0 0.23833333333333334 0.59 0.04416666666666667 0.065
0 0.205 0.5491666666666667 0.035 0.05416666666666667