0 0.88 0.5191666666666667 0.05583333333333333 0.1725
0 0.42833333333333334 0.049166666666666664 0.060833333333333336 0.09833333333333333
0 0.51 0.7191666666666666 0.058333333333333334 0.20666666666666667
0 0.7475 0.7525 0.08666666666666667 0.15
0 0.24 0.7916666666666666 0.07583333333333334 0.1875
0 0.31666666666666665 0.81 0.0625 0.18166666666666667
0 0.8366666666666667 0.8558333333333333 0.08583333333333333 0.1625
0 0.33666666666666667 0.9341666666666667 0.05 0.13
0 0.5658333333333333 0.9541666666666667 0.06666666666666667 0.09083333333333334
0 0.17083333333333334 0.9758333333333333 0.06833333333333333 0.045
0 0.39916666666666667 0.9825 0.051666666666666666 0.03166666666666667
0 0.735 0.09166666666666666 0.050833333333333335 0.17833333333333334
0 0.38666666666666666 0.09916666666666667 0.050833333333333335 0.17
0 0.8533333333333334 0.02 0.04666666666666667 0.04
0 0.155 0.24916666666666668 0.06 0.1525