0 0.7133333333333334 0.44 0.0525 0.14
0 0.715 0.31833333333333336 0.043333333333333335 0.15583333333333332
0 0.955 0.2966666666666667 0.07916666666666666 0.1575
0 0.2325 0.9325 0.065 0.13166666666666665
0 0.7925 0.9441666666666667 0.0825 0.09583333333333334
0 0.7808333333333334 0.22083333333333333 0.08416666666666667 0.0775
0 0.7583333333333333 0.12833333333333333 0.095 0.08416666666666667
0 0.8233333333333334 0.025 0.09333333333333334 0.049166666666666664
0 0.31833333333333336 0.9125 0.08416666666666667 0.10416666666666667
0 0.7758333333333334 0.885 0.0825 0.065
0 0.4141666666666667 0.865 0.06583333333333333 0.1575
0 0.3408333333333333 0.8566666666666667 0.09083333333333334 0.08166666666666667
0 0.7766666666666666 0.8341666666666666 0.07166666666666667 0.09
0 0.6666666666666666 0.8125 0.07583333333333334 0.13833333333333334
0 0.42833333333333334 0.7808333333333334 0.0575 0.14916666666666667
0 0.5941666666666666 0.7633333333333333 0.05333333333333334 0.15416666666666667
0 0.785 0.7458333333333333 0.09 0.10416666666666667
0 0.1725 0.9833333333333333 0.06166666666666667 0.03
0 0.6583333333333333 0.6933333333333334 0.0675 0.15583333333333332
0 0.6141666666666666 0.6375 0.04416666666666667 0.16083333333333333
0 0.6841666666666667 0.5875 0.06833333333333333 0.16333333333333333
0 0.30833333333333335 0.9658333333333333 0.07 0.065