0 0.43333333333333335 0.04583333333333333 0.024166666666666666 0.041666666666666664
0 0.44166666666666665 0.4775 0.0325 0.05416666666666667
0 0.4175 0.050833333333333335 0.024166666666666666 0.06666666666666667
0 0.3516666666666667 0.0525 0.016666666666666666 0.0525
0 0.45916666666666667 0.5775 0.015833333333333335 0.08333333333333333
0 0.4625 0.6541666666666667 0.023333333333333334 0.0725
0 0.48 0.6733333333333333 0.029166666666666667 0.07666666666666666
0 0.4575 0.6816666666666666 0.02 0.07833333333333334
0 0.3725 0.06916666666666667 0.019166666666666665 0.0575
0 0.47333333333333333 0.745 0.03333333333333333 0.059166666666666666
0 0.44416666666666665 0.075 0.03333333333333333 0.029166666666666667
0 0.4875 0.8116666666666666 0.023333333333333334 0.07833333333333334
0 0.4683333333333333 0.8216666666666667 0.03166666666666667 0.0625
0 0.5058333333333334 0.8275 0.018333333333333333 0.0625
0 0.47583333333333333 0.8566666666666667 0.03166666666666667 0.034166666666666665
0 0.5191666666666667 0.87 0.03 0.03333333333333333
0 0.4708333333333333 0.875 0.03333333333333333 0.045
0 0.4025 0.009166666666666667 0.018333333333333333 0.018333333333333333
0 0.495 0.8841666666666667 0.025833333333333333 0.029166666666666667
0 0.3625 0.09 0.0175 0.06583333333333333
0 0.5066666666666667 0.9208333333333333 0.03 0.05416666666666667
0 0.53 0.9225 0.0375 0.04583333333333333
0 0.5283333333333333 0.9575 0.02 0.06
0 0.5466666666666666 0.9616666666666667 0.035833333333333335 0.04416666666666667
0 0.5433333333333333 0.9791666666666666 0.015833333333333335 0.04
0 0.56 0.99 0.025 0.018333333333333333
0 0.35083333333333333 0.10083333333333333 0.015833333333333335 0.06583333333333333
0 0.4575 0.10666666666666667 0.03333333333333333 0.04416666666666667
0 0.44666666666666666 0.10916666666666666 0.04083333333333333 0.051666666666666666
0 0.3358333333333333 0.12416666666666666 0.019166666666666665 0.07083333333333333
0 0.345 0.14166666666666666 0.013333333333333334 0.055
0 0.365 0.15 0.0175 0.06833333333333333
0 0.3775 0.1525 0.021666666666666667 0.0625
0 0.35833333333333334 0.16416666666666666 0.019166666666666665 0.0725
0 0.3375 0.19166666666666668 0.0175 0.0725
0 0.35 0.20083333333333334 0.0175 0.065
0 0.36 0.205 0.025 0.065
0 0.38083333333333336 0.21 0.0175 0.06833333333333333
0 0.35083333333333333 0.2375 0.0275 0.03833333333333333
0 0.37833333333333335 0.023333333333333334 0.035 0.04666666666666667
0 0.35833333333333334 0.025833333333333333 0.015833333333333335 0.050833333333333335
0 0.37583333333333335 0.26416666666666666 0.023333333333333334 0.07166666666666667
0 0.34 0.2683333333333333 0.029166666666666667 0.06
0 0.3383333333333333 0.0275 0.02666666666666667 0.055
0 0.36 0.27666666666666667 0.025 0.0525
0 0.36 0.31583333333333335 0.03333333333333333 0.0475
0 0.405 0.3458333333333333 0.0325 0.05583333333333333
0 0.3908333333333333 0.3566666666666667 0.034166666666666665 0.05
0 0.4075 0.3958333333333333 0.035833333333333335 0.05
0 0.4241666666666667 0.4025 0.03333333333333333 0.06166666666666667
0 0.38666666666666666 0.4116666666666667 0.02666666666666667 0.0425
0 0.4058333333333333 0.0425 0.03166666666666667 0.065
0 0.43083333333333335 0.43916666666666665 0.028333333333333332 0.06