0 0.41583333333333333 0.5075 0.03 0.08166666666666667
0 0.43583333333333335 0.49833333333333335 0.041666666666666664 0.0825
0 0.4766666666666667 0.4625 0.05416666666666667 0.06166666666666667
0 0.425 0.46 0.043333333333333335 0.07
0 0.46 0.45 0.051666666666666666 0.0525
0 0.4841666666666667 0.42083333333333334 0.06 0.04666666666666667
0 0.44666666666666666 0.4075 0.0525 0.08833333333333333
0 0.5383333333333333 0.36333333333333334 0.058333333333333334 0.045
0 0.5558333333333333 0.3275 0.0625 0.056666666666666664
0 0.5941666666666666 0.3225 0.050833333333333335 0.06166666666666667
0 0.5641666666666667 0.3 0.056666666666666664 0.05
0 0.6141666666666666 0.28 0.051666666666666666 0.055
0 0.6466666666666666 0.22416666666666665 0.049166666666666664 0.07166666666666667
0 0.6166666666666667 0.19583333333333333 0.0016666666666666668 0.0016666666666666668
0 0.3175 0.7866666666666666 0.02666666666666667 0.08833333333333333
0 0.3358333333333333 0.7633333333333333 0.045 0.07166666666666667
0 0.2966666666666667 0.7633333333333333 0.03 0.08916666666666667
0 0.25416666666666665 0.7608333333333334 0.05583333333333333 0.059166666666666666
0 0.2791666666666667 0.7608333333333334 0.0475 0.051666666666666666
0 0.3541666666666667 0.7391666666666666 0.045 0.085
0 0.3308333333333333 0.7158333333333333 0.03916666666666667 0.08666666666666667
0 0.2966666666666667 0.7158333333333333 0.04083333333333333 0.06833333333333333
0 0.26666666666666666 0.7125 0.03666666666666667 0.06833333333333333
0 0.23416666666666666 0.7116666666666667 0.04416666666666667 0.0675
0 0.21416666666666667 0.7108333333333333 0.0325 0.0575
0 0.39416666666666667 0.7091666666666666 0.0575 0.045
0 0.24583333333333332 0.7008333333333333 0.04083333333333333 0.09083333333333334
0 0.30333333333333334 0.6983333333333334 0.03833333333333333 0.07
0 0.4116666666666667 0.6933333333333334 0.0425 0.03916666666666667
0 0.26 0.6575 0.051666666666666666 0.07916666666666666
0 0.42916666666666664 0.6533333333333333 0.043333333333333335 0.10083333333333333
0 0.4275 0.62 0.035 0.08083333333333333
0 0.43333333333333335 0.5583333333333333 0.0325 0.11083333333333334
0 0.4525 0.5416666666666666 0.03 0.11