0 0.36333333333333334 0.045 0.019166666666666665 0.0575
0 0.8283333333333334 0.4925 0.025 0.06416666666666666
0 0.8125 0.52 0.02 0.065
0 0.37666666666666665 0.049166666666666664 0.024166666666666666 0.08666666666666667
0 0.8225 0.5491666666666667 0.024166666666666666 0.06583333333333333
0 0.7616666666666667 0.555 0.03166666666666667 0.06916666666666667
0 0.7433333333333333 0.5591666666666667 0.025 0.07
0 0.8908333333333334 0.05333333333333334 0.03833333333333333 0.0925
0 0.7066666666666667 0.5608333333333333 0.025833333333333333 0.075
0 0.8008333333333333 0.565 0.025 0.08
0 0.7233333333333334 0.5758333333333333 0.02666666666666667 0.085
0 0.7575 0.6041666666666666 0.0325 0.035
0 0.7308333333333333 0.6291666666666667 0.028333333333333332 0.08083333333333333
0 0.7166666666666667 0.7191666666666666 0.0175 0.06916666666666667
0 0.7041666666666667 0.7225 0.025 0.06666666666666667
0 0.7075 0.7591666666666667 0.023333333333333334 0.0625
0 0.2833333333333333 0.07416666666666667 0.015 0.060833333333333336
0 0.6866666666666666 0.7675 0.015833333333333335 0.0775
0 0.785 0.7741666666666667 0.045 0.07333333333333333
0 0.725 0.7841666666666667 0.019166666666666665 0.0725
0 0.7041666666666667 0.7891666666666667 0.018333333333333333 0.0625
0 0.36 0.08 0.025 0.07416666666666667
0 0.7041666666666667 0.83 0.025 0.06416666666666666
0 0.7233333333333334 0.8341666666666666 0.0175 0.0675
0 0.7 0.8433333333333334 0.01 0.0275
0 0.6858333333333333 0.85 0.0175 0.0875
0 0.38166666666666665 0.08333333333333333 0.03 0.050833333333333335
0 0.7216666666666667 0.8741666666666666 0.0175 0.065
0 0.4633333333333333 0.89 0.043333333333333335 0.059166666666666666
0 0.7141666666666666 0.8916666666666667 0.018333333333333333 0.07416666666666667
0 0.5075 0.93 0.04083333333333333 0.06583333333333333
0 0.4558333333333333 0.93 0.0325 0.0625
0 0.5366666666666666 0.9408333333333333 0.03666666666666667 0.05416666666666667
0 0.4775 0.9433333333333334 0.03 0.06583333333333333
0 0.44583333333333336 0.9475 0.0275 0.0475
0 0.26166666666666666 0.09333333333333334 0.024166666666666666 0.075
0 0.3408333333333333 0.09416666666666666 0.019166666666666665 0.06
0 0.5041666666666667 0.9683333333333334 0.035833333333333335 0.0575
0 0.555 0.9808333333333333 0.035 0.03666666666666667
0 0.5391666666666667 0.98 0.035833333333333335 0.03833333333333333
0 0.46416666666666667 0.98 0.03833333333333333 0.03666666666666667
0 0.5158333333333334 0.9883333333333333 0.0425 0.0225
0 0.3225 0.09916666666666667 0.030833333333333334 0.059166666666666666
0 0.27416666666666667 0.115 0.014166666666666666 0.07416666666666667
0 0.36 0.11666666666666667 0.025833333333333333 0.05416666666666667
0 0.33416666666666667 0.1375 0.019166666666666665 0.045
0 0.2916666666666667 0.13916666666666666 0.015833333333333335 0.0675
0 0.24333333333333335 0.15333333333333332 0.023333333333333334 0.07666666666666666
0 0.2575 0.15666666666666668 0.024166666666666666 0.06416666666666666
0 0.3175 0.16083333333333333 0.016666666666666666 0.04833333333333333
0 0.33916666666666667 0.165 0.025833333333333333 0.045
0 0.3025 0.17916666666666667 0.0175 0.05
0 0.2825 0.19083333333333333 0.019166666666666665 0.049166666666666664
0 0.32166666666666666 0.20166666666666666 0.024166666666666666 0.04
0 0.26916666666666667 0.20166666666666666 0.021666666666666667 0.07416666666666667
0 0.34833333333333333 0.020833333333333332 0.023333333333333334 0.041666666666666664
0 0.30583333333333335 0.23 0.03833333333333333 0.051666666666666666
0 0.2775 0.23166666666666666 0.03 0.055
0 0.2475 0.23583333333333334 0.02666666666666667 0.04833333333333333
0 0.2525 0.2841666666666667 0.03 0.08
0 0.365 0.305 0.02666666666666667 0.07666666666666666
0 0.405 0.3225 0.013333333333333334 0.055
0 0.3925 0.03 0.016666666666666666 0.05
0 0.4425 0.33 0.025 0.08416666666666667
0 0.4241666666666667 0.3358333333333333 0.0125 0.050833333333333335
0 0.5316666666666666 0.4325 0.0275 0.08416666666666667
0 0.8358333333333333 0.44166666666666665 0.018333333333333333 0.07166666666666667