0 0.38083333333333336 0.465 0.023333333333333334 0.0475
0 0.4375 0.4791666666666667 0.025 0.07416666666666667
0 0.43583333333333335 0.5183333333333333 0.025833333333333333 0.07083333333333333
0 0.455 0.535 0.02 0.07583333333333334
0 0.43583333333333335 0.5533333333333333 0.025 0.0825
0 0.42333333333333334 0.595 0.0275 0.07583333333333334
0 0.32416666666666666 0.005833333333333334 0.025 0.011666666666666667
0 0.075 0.07 0.05333333333333334 0.051666666666666666
0 0.45916666666666667 0.7458333333333333 0.025833333333333333 0.09
0 0.49416666666666664 0.8358333333333333 0.021666666666666667 0.04833333333333333
0 0.4825 0.8391666666666666 0.023333333333333334 0.06
0 0.465 0.8483333333333334 0.02666666666666667 0.085
0 0.3416666666666667 0.085 0.024166666666666666 0.08166666666666667
0 0.365 0.08833333333333333 0.023333333333333334 0.05583333333333333
0 0.4816666666666667 0.92 0.035833333333333335 0.045
0 0.47583333333333333 0.9425 0.03833333333333333 0.05583333333333333
0 0.385 0.095 0.029166666666666667 0.04583333333333333
0 0.49916666666666665 0.9541666666666667 0.025833333333333333 0.03666666666666667
0 0.5141666666666667 0.9808333333333333 0.025 0.0375
0 0.5408333333333334 0.985 0.03166666666666667 0.028333333333333332
0 0.4175 0.11083333333333334 0.029166666666666667 0.060833333333333336
0 0.43583333333333335 0.115 0.0225 0.051666666666666666
0 0.41 0.1175 0.025 0.06
0 0.3575 0.12666666666666668 0.019166666666666665 0.05333333333333334
0 0.37916666666666665 0.135 0.0175 0.059166666666666666
0 0.44666666666666666 0.14833333333333334 0.03333333333333333 0.035
0 0.3675 0.1525 0.015 0.06
0 0.4633333333333333 0.17583333333333334 0.03833333333333333 0.04666666666666667
0 0.3575 0.17583333333333334 0.015833333333333335 0.060833333333333336
0 0.44583333333333336 0.18 0.035 0.050833333333333335
0 0.3416666666666667 0.1825 0.024166666666666666 0.06416666666666666
0 0.3725 0.21333333333333335 0.015 0.058333333333333334
0 0.35333333333333333 0.21416666666666667 0.015833333333333335 0.06
0 0.38416666666666666 0.22583333333333333 0.020833333333333332 0.0625
0 0.051666666666666666 0.023333333333333334 0.024166666666666666 0.04583333333333333
0 0.3625 0.23166666666666666 0.014166666666666666 0.058333333333333334
0 0.3408333333333333 0.24666666666666667 0.014166666666666666 0.06583333333333333
0 0.3541666666666667 0.25833333333333336 0.013333333333333334 0.060833333333333336
0 0.36583333333333334 0.2816666666666667 0.019166666666666665 0.059166666666666666
0 0.3875 0.2833333333333333 0.015833333333333335 0.06416666666666666
0 0.3541666666666667 0.295 0.021666666666666667 0.051666666666666666
0 0.07333333333333333 0.03 0.03833333333333333 0.06
0 0.36333333333333334 0.030833333333333334 0.015 0.060833333333333336
0 0.37916666666666665 0.030833333333333334 0.019166666666666665 0.058333333333333334
0 0.38083333333333336 0.30833333333333335 0.016666666666666666 0.059166666666666666
0 0.3441666666666667 0.335 0.0275 0.05583333333333333
0 0.36333333333333334 0.3425 0.019166666666666665 0.056666666666666664
0 0.33666666666666667 0.3441666666666667 0.02666666666666667 0.056666666666666664
0 0.37833333333333335 0.34833333333333333 0.019166666666666665 0.059166666666666666
0 0.3616666666666667 0.36666666666666664 0.02 0.049166666666666664
0 0.3875 0.38416666666666666 0.029166666666666667 0.0375
0 0.39416666666666667 0.04083333333333333 0.025 0.055
0 0.38666666666666666 0.4141666666666667 0.0275 0.05583333333333333
0 0.4025 0.41833333333333333 0.028333333333333332 0.045
0 0.4116666666666667 0.4575 0.034166666666666665 0.060833333333333336