0 0.0425 0.30916666666666665 0.06583333333333333 0.10583333333333333
0 0.030833333333333334 0.25416666666666665 0.060833333333333336 0.09583333333333334
0 0.08833333333333333 0.21166666666666667 0.059166666666666666 0.1175
0 0.018333333333333333 0.14083333333333334 0.035833333333333335 0.13583333333333333
0 0.8241666666666667 0.12666666666666668 0.08083333333333333 0.07416666666666667
0 0.12083333333333333 0.1175 0.075 0.0775
0 0.44416666666666665 0.10666666666666667 0.07083333333333333 0.08666666666666667
0 0.8758333333333334 0.08916666666666667 0.0775 0.06166666666666667
0 0.025833333333333333 0.045 0.04833333333333333 0.06666666666666667
0 0.10583333333333333 0.8825 0.06416666666666666 0.0725
0 0.3541666666666667 0.7283333333333334 0.06916666666666667 0.1