0 0.395 0.49583333333333335 0.04833333333333333 0.1075
0 0.9233333333333333 0.5325 0.07 0.12
0 0.345 0.5333333333333333 0.0475 0.12333333333333334
0 0.44 0.5341666666666667 0.0625 0.10583333333333333
0 0.9775 0.5641666666666667 0.041666666666666664 0.09833333333333333
0 0.8683333333333333 0.5825 0.085 0.09666666666666666
0 0.18166666666666667 0.5875 0.051666666666666666 0.1275
0 0.25 0.61 0.0375 0.13416666666666666
0 0.3725 0.62 0.0575 0.1175
0 0.8958333333333334 0.6591666666666667 0.08583333333333333 0.08416666666666667
0 0.20416666666666666 0.6941666666666667 0.04 0.14916666666666667
0 0.515 0.7066666666666667 0.04583333333333333 0.12416666666666666
0 0.8791666666666667 0.7175 0.08916666666666667 0.06333333333333334
0 0.96 0.72 0.07666666666666666 0.07666666666666666
0 0.495 0.8725 0.0425 0.1325
0 0.4483333333333333 0.2375 0.06583333333333333 0.075