0 0.8516666666666667 0.5275 0.03916666666666667 0.07083333333333333
0 0.7941666666666667 0.9608333333333333 0.021666666666666667 0.075
0 0.2075 0.5058333333333334 0.04083333333333333 0.03333333333333333
0 0.18833333333333332 0.4825 0.03833333333333333 0.03166666666666667
0 0.2075 0.4666666666666667 0.03833333333333333 0.030833333333333334
0 0.23833333333333334 0.45166666666666666 0.04083333333333333 0.030833333333333334
0 0.2125 0.4425 0.035833333333333335 0.03166666666666667
0 0.19666666666666666 0.41833333333333333 0.03333333333333333 0.04
0 0.22166666666666668 0.41333333333333333 0.04583333333333333 0.030833333333333334
0 0.1625 0.3825 0.013333333333333334 0.0425
0 0.20416666666666666 0.38166666666666665 0.03 0.03333333333333333
0 0.19 0.3775 0.023333333333333334 0.06833333333333333
0 0.17333333333333334 0.36916666666666664 0.019166666666666665 0.0775
0 0.21666666666666667 0.33166666666666667 0.028333333333333332 0.051666666666666666
0 0.19666666666666666 0.325 0.03 0.05416666666666667
0 0.30916666666666665 0.31666666666666665 0.024166666666666666 0.06333333333333334
0 0.175 0.30916666666666665 0.020833333333333332 0.06416666666666666
0 0.21666666666666667 0.30833333333333335 0.03 0.04583333333333333
0 0.19166666666666668 0.2866666666666667 0.02666666666666667 0.059166666666666666
0 0.24416666666666667 0.2816666666666667 0.02666666666666667 0.06666666666666667
0 0.3225 0.28 0.035 0.035
0 0.3016666666666667 0.275 0.034166666666666665 0.03916666666666667
0 0.2925 0.2675 0.03666666666666667 0.043333333333333335
0 0.19833333333333333 0.2658333333333333 0.0325 0.05416666666666667
0 0.29 0.24666666666666667 0.034166666666666665 0.03833333333333333
0 0.17583333333333334 0.24333333333333335 0.023333333333333334 0.06666666666666667
0 0.3225 0.23666666666666666 0.03 0.04666666666666667
0 0.19833333333333333 0.21416666666666667 0.029166666666666667 0.08
0 0.20583333333333334 0.20833333333333334 0.024166666666666666 0.07083333333333333
0 0.7825 0.93 0.0275 0.05
0 0.3408333333333333 0.15916666666666668 0.020833333333333332 0.07916666666666666
0 0.2225 0.15333333333333332 0.04083333333333333 0.06583333333333333
0 0.21 0.12833333333333333 0.035 0.059166666666666666
0 0.23 0.11 0.020833333333333332 0.051666666666666666
0 0.2475 0.09083333333333334 0.020833333333333332 0.08166666666666667
0 0.7658333333333334 0.9166666666666666 0.024166666666666666 0.028333333333333332
0 0.7866666666666666 0.8908333333333334 0.035833333333333335 0.06333333333333334
0 0.8083333333333333 0.8825 0.023333333333333334 0.07666666666666666
0 0.8283333333333334 0.8775 0.028333333333333332 0.07083333333333333
0 0.25416666666666665 0.8758333333333334 0.016666666666666666 0.049166666666666664
0 0.9725 0.8641666666666666 0.025833333333333333 0.07583333333333334
0 0.78 0.8633333333333333 0.0225 0.0325
0 0.2325 0.8383333333333334 0.04083333333333333 0.0375
0 0.7425 0.8275 0.025 0.06833333333333333
0 0.8516666666666667 0.8166666666666667 0.025 0.0725
0 0.23666666666666666 0.8108333333333333 0.03333333333333333 0.030833333333333334
0 0.25166666666666665 0.795 0.028333333333333332 0.02666666666666667
0 0.22583333333333333 0.7733333333333333 0.021666666666666667 0.05333333333333334
0 0.34833333333333333 0.7725 0.03833333333333333 0.05333333333333334
0 0.25083333333333335 0.7708333333333334 0.04083333333333333 0.03833333333333333
0 0.8816666666666667 0.7691666666666667 0.030833333333333334 0.07583333333333334
0 0.8491666666666666 0.7666666666666667 0.0175 0.06666666666666667
0 0.8641666666666666 0.7566666666666667 0.019166666666666665 0.0575
0 0.8333333333333334 0.7516666666666667 0.020833333333333332 0.08333333333333333
0 0.2225 0.7308333333333333 0.03166666666666667 0.059166666666666666
0 0.23833333333333334 0.7258333333333333 0.035 0.0525
0 0.8475 0.7241666666666666 0.0225 0.04583333333333333
0 0.8816666666666667 0.7191666666666666 0.03166666666666667 0.05583333333333333
0 0.8575 0.7183333333333334 0.016666666666666666 0.07666666666666666
0 0.9 0.705 0.025833333333333333 0.07166666666666667
0 0.8758333333333334 0.6833333333333333 0.025 0.05333333333333334
0 0.5066666666666667 0.6775 0.030833333333333334 0.075
0 0.8458333333333333 0.6666666666666666 0.023333333333333334 0.0825
0 0.8691666666666666 0.65 0.024166666666666666 0.08333333333333333
0 0.9183333333333333 0.6433333333333333 0.0325 0.05
0 0.8575 0.6266666666666667 0.019166666666666665 0.06666666666666667
0 0.88 0.625 0.025833333333333333 0.06666666666666667
0 0.28 0.6025 0.0325 0.0725
0 0.8433333333333334 0.5733333333333334 0.0175 0.055
0 0.7766666666666666 0.9666666666666667 0.02666666666666667 0.045
0 0.8758333333333334 0.565 0.0175 0.055
0 0.8541666666666666 0.5625 0.03333333333333333 0.08083333333333333
0 0.8908333333333334 0.5608333333333333 0.025833333333333333 0.075