0 0.735 0.11666666666666667 0.06833333333333333 0.13666666666666666
0 0.8366666666666667 0.1475 0.07333333333333333 0.09416666666666666
0 0.85 0.015833333333333335 0.06416666666666666 0.03
0 0.7 0.17333333333333334 0.07166666666666667 0.10166666666666667
0 0.49916666666666665 0.21833333333333332 0.060833333333333336 0.1075
0 0.36083333333333334 0.24083333333333334 0.06583333333333333 0.10916666666666666
0 0.8233333333333334 0.25416666666666665 0.07083333333333333 0.08416666666666667
0 0.7716666666666666 0.2575 0.04416666666666667 0.12416666666666666
0 0.7016666666666667 0.3016666666666667 0.0575 0.1275
0 0.16083333333333333 0.3125 0.065 0.11416666666666667
0 0.028333333333333332 0.37666666666666665 0.05583333333333333 0.10166666666666667
0 0.8083333333333333 0.04083333333333333 0.075 0.07166666666666667