0 0.23833333333333334 0.4841666666666667 0.025 0.07083333333333333
0 0.36 0.4925 0.018333333333333333 0.07583333333333334
0 0.6483333333333333 0.5075 0.045 0.06666666666666667
0 0.435 0.5233333333333333 0.030833333333333334 0.0725
0 0.3416666666666667 0.5283333333333333 0.023333333333333334 0.08916666666666667
0 0.2475 0.5333333333333333 0.0275 0.08583333333333333
0 0.7066666666666667 0.5566666666666666 0.019166666666666665 0.08083333333333333
0 0.23333333333333334 0.5716666666666667 0.0225 0.075
0 0.22416666666666665 0.5791666666666667 0.025 0.09916666666666667
0 0.25916666666666666 0.6266666666666667 0.029166666666666667 0.08583333333333333
0 0.25666666666666665 0.6533333333333333 0.03166666666666667 0.06583333333333333
0 0.285 0.6575 0.0325 0.08833333333333333
0 0.23333333333333334 0.6608333333333334 0.030833333333333334 0.06833333333333333
0 0.2275 0.6841666666666667 0.0275 0.0825
0 0.22166666666666668 0.7425 0.02666666666666667 0.08
0 0.25166666666666665 0.7433333333333333 0.0375 0.06333333333333334
0 0.6825 0.765 0.03166666666666667 0.09416666666666666
0 0.24583333333333332 0.7725 0.0325 0.07416666666666667
0 0.6625 0.7741666666666667 0.03 0.07166666666666667
0 0.64 0.7841666666666667 0.04583333333333333 0.07666666666666666
0 0.24166666666666667 0.8066666666666666 0.035833333333333335 0.05333333333333334
0 0.5716666666666667 0.8158333333333333 0.04083333333333333 0.06416666666666666
0 0.6375 0.82 0.028333333333333332 0.04833333333333333
0 0.6516666666666666 0.8333333333333334 0.025 0.07083333333333333
0 0.25416666666666665 0.84 0.049166666666666664 0.03916666666666667
0 0.25166666666666665 0.8566666666666667 0.04666666666666667 0.0525
0 0.6216666666666667 0.8641666666666666 0.0375 0.0575
0 0.25416666666666665 0.895 0.03833333333333333 0.0475
0 0.2816666666666667 0.9016666666666666 0.034166666666666665 0.06833333333333333
0 0.2525 0.9216666666666666 0.034166666666666665 0.058333333333333334
0 0.2816666666666667 0.9625 0.034166666666666665 0.0675
0 0.7183333333333334 0.9891666666666666 0.019166666666666665 0.019166666666666665
0 0.6475 0.10083333333333333 0.03666666666666667 0.06833333333333333
0 0.7516666666666667 0.10666666666666667 0.024166666666666666 0.07333333333333333
0 0.7308333333333333 0.10833333333333334 0.0175 0.059166666666666666
0 0.7033333333333334 0.11 0.023333333333333334 0.06
0 0.18166666666666667 0.125 0.035 0.07416666666666667
0 0.7591666666666667 0.125 0.0225 0.060833333333333336
0 0.7141666666666666 0.12916666666666668 0.0275 0.04833333333333333
0 0.7316666666666667 0.15 0.034166666666666665 0.04833333333333333
0 0.6858333333333333 0.17 0.03333333333333333 0.07
0 0.19166666666666668 0.17916666666666667 0.028333333333333332 0.085
0 0.5 0.19083333333333333 0.0475 0.03833333333333333
0 0.7083333333333334 0.20083333333333334 0.02666666666666667 0.07666666666666666
0 0.5233333333333333 0.20333333333333334 0.043333333333333335 0.05416666666666667
0 0.6383333333333333 0.21416666666666667 0.041666666666666664 0.04666666666666667
0 0.6675 0.2175 0.041666666666666664 0.04
0 0.48583333333333334 0.22666666666666666 0.041666666666666664 0.04833333333333333
0 0.21333333333333335 0.2275 0.0375 0.06583333333333333
0 0.725 0.2375 0.0325 0.0575
0 0.5083333333333333 0.24916666666666668 0.05 0.05
0 0.5533333333333333 0.24916666666666668 0.030833333333333334 0.08666666666666667
0 0.6041666666666666 0.25833333333333336 0.03666666666666667 0.034166666666666665
0 0.215 0.2625 0.03833333333333333 0.05333333333333334
0 0.24333333333333335 0.26416666666666666 0.04083333333333333 0.09083333333333334
0 0.715 0.2816666666666667 0.029166666666666667 0.035
0 0.5841666666666666 0.2825 0.03916666666666667 0.03833333333333333
0 0.42583333333333334 0.28583333333333333 0.0325 0.08333333333333333
0 0.6858333333333333 0.3025 0.03166666666666667 0.06166666666666667
0 0.4025 0.30333333333333334 0.024166666666666666 0.04083333333333333
0 0.22916666666666666 0.3075 0.03 0.06416666666666666
0 0.7933333333333333 0.31166666666666665 0.04416666666666667 0.04
0 0.6941666666666667 0.32083333333333336 0.0225 0.051666666666666666
0 0.25416666666666665 0.32416666666666666 0.028333333333333332 0.055
0 0.7616666666666667 0.034166666666666665 0.023333333333333334 0.06833333333333333
0 0.7908333333333334 0.3358333333333333 0.03166666666666667 0.03
0 0.2733333333333333 0.3375 0.03916666666666667 0.07583333333333334
0 0.7116666666666667 0.3375 0.020833333333333332 0.051666666666666666
0 0.43666666666666665 0.3441666666666667 0.0325 0.0775
0 0.4008333333333333 0.3491666666666667 0.028333333333333332 0.051666666666666666
0 0.30416666666666664 0.3525 0.021666666666666667 0.08416666666666667
0 0.24 0.3541666666666667 0.028333333333333332 0.05583333333333333
0 0.6791666666666667 0.3591666666666667 0.034166666666666665 0.04
0 0.2625 0.36333333333333334 0.0325 0.055
0 0.4041666666666667 0.36583333333333334 0.03166666666666667 0.07583333333333334
0 0.6925 0.37166666666666665 0.025 0.051666666666666666
0 0.4125 0.3725 0.0275 0.0725
0 0.38083333333333336 0.38083333333333336 0.0225 0.08083333333333333
0 0.6416666666666667 0.3908333333333333 0.041666666666666664 0.041666666666666664
0 0.665 0.3975 0.035833333333333335 0.0475
0 0.25583333333333336 0.405 0.016666666666666666 0.05416666666666667
0 0.245 0.4066666666666667 0.010833333333333334 0.065
0 0.27166666666666667 0.4091666666666667 0.030833333333333334 0.060833333333333336
0 0.2991666666666667 0.42 0.019166666666666665 0.055
0 0.6316666666666667 0.42916666666666664 0.0375 0.050833333333333335
0 0.2375 0.43166666666666664 0.021666666666666667 0.05416666666666667
0 0.3491666666666667 0.445 0.024166666666666666 0.09
0 0.25583333333333336 0.45166666666666666 0.024166666666666666 0.0675