0 0.5525 0.5166666666666667 0.043333333333333335 0.06416666666666666
0 0.5808333333333333 0.505 0.030833333333333334 0.05416666666666667
0 0.4166666666666667 0.505 0.029166666666666667 0.056666666666666664
0 0.6041666666666666 0.4925 0.034166666666666665 0.07083333333333333
0 0.7083333333333334 0.49166666666666664 0.043333333333333335 0.04666666666666667
0 0.5516666666666666 0.48333333333333334 0.034166666666666665 0.06833333333333333
0 0.7258333333333333 0.48 0.0425 0.051666666666666666
0 0.5783333333333334 0.48 0.04 0.06333333333333334
0 0.7475 0.4741666666666667 0.04583333333333333 0.045
0 0.30833333333333335 0.4666666666666667 0.025 0.09
0 0.2791666666666667 0.4475 0.04 0.05583333333333333
0 0.6883333333333334 0.44583333333333336 0.035833333333333335 0.058333333333333334
0 0.25666666666666665 0.4166666666666667 0.0375 0.058333333333333334
0 0.30083333333333334 0.405 0.0225 0.08416666666666667
0 0.2825 0.3958333333333333 0.02666666666666667 0.06833333333333333
0 0.25 0.3908333333333333 0.0425 0.056666666666666664
0 0.2758333333333333 0.3525 0.020833333333333332 0.06583333333333333
0 0.24583333333333332 0.35083333333333333 0.021666666666666667 0.08666666666666667
0 0.22916666666666666 0.345 0.025833333333333333 0.095
0 0.26166666666666666 0.3258333333333333 0.021666666666666667 0.08
0 0.24916666666666668 0.29333333333333333 0.030833333333333334 0.0775
0 0.22583333333333333 0.28 0.0225 0.06166666666666667
0 0.8958333333333334 0.25916666666666666 0.04083333333333333 0.045
0 0.235 0.25583333333333336 0.028333333333333332 0.07
0 0.8508333333333333 0.23416666666666666 0.035 0.075
0 0.5208333333333334 0.79 0.020833333333333332 0.08583333333333333
0 0.5083333333333333 0.7416666666666667 0.0225 0.06666666666666667
0 0.48333333333333334 0.7116666666666667 0.020833333333333332 0.0925
0 0.7033333333333334 0.66 0.0225 0.08083333333333333
0 0.6975 0.6258333333333334 0.024166666666666666 0.09583333333333334
0 0.6866666666666666 0.5983333333333334 0.02666666666666667 0.08416666666666667
0 0.6725 0.5725 0.02666666666666667 0.07666666666666666
0 0.6283333333333333 0.5441666666666667 0.021666666666666667 0.08583333333333333
0 0.5925 0.5433333333333333 0.045 0.05
0 0.6083333333333333 0.5316666666666666 0.03166666666666667 0.065