0 0.17333333333333334 0.5891666666666666 0.03 0.0525
0 0.22416666666666665 0.5975 0.028333333333333332 0.0725
0 0.1975 0.6025 0.035833333333333335 0.07083333333333333
0 0.20583333333333334 0.6125 0.024166666666666666 0.06666666666666667
0 0.25833333333333336 0.6258333333333334 0.035 0.04083333333333333
0 0.1725 0.6266666666666667 0.028333333333333332 0.07083333333333333
0 0.235 0.6483333333333333 0.024166666666666666 0.09166666666666666
0 0.1925 0.66 0.04 0.049166666666666664
0 0.2475 0.6658333333333334 0.041666666666666664 0.07583333333333334
0 0.4975 0.6975 0.0175 0.08333333333333333
0 0.48833333333333334 0.7208333333333333 0.021666666666666667 0.095
0 0.23666666666666666 0.7233333333333334 0.0275 0.07333333333333333
0 0.5108333333333334 0.7291666666666666 0.0175 0.09166666666666666
0 0.24416666666666667 0.7608333333333334 0.03 0.09166666666666666
0 0.21416666666666667 0.7775 0.0275 0.1075
0 0.5075 0.7875 0.019166666666666665 0.08666666666666667
0 0.49583333333333335 0.7958333333333333 0.025 0.07833333333333334
0 0.22083333333333333 0.7958333333333333 0.02 0.07416666666666667
0 0.24333333333333335 0.8141666666666667 0.029166666666666667 0.075
0 0.5208333333333334 0.8233333333333334 0.019166666666666665 0.09166666666666666
0 0.655 0.07333333333333333 0.024166666666666666 0.06166666666666667
0 0.5925 0.07333333333333333 0.02 0.0575
0 0.22166666666666668 0.8308333333333333 0.0225 0.051666666666666666
0 0.12666666666666668 0.8441666666666666 0.03916666666666667 0.07
0 0.535 0.8508333333333333 0.023333333333333334 0.07083333333333333
0 0.5166666666666667 0.8708333333333333 0.029166666666666667 0.07666666666666666
0 0.21833333333333332 0.88 0.029166666666666667 0.07916666666666666
0 0.22833333333333333 0.8825 0.019166666666666665 0.05333333333333334
0 0.49916666666666665 0.8875 0.024166666666666666 0.08416666666666667
0 0.4816666666666667 0.9033333333333333 0.028333333333333332 0.07416666666666667
0 0.5133333333333333 0.9183333333333333 0.0275 0.06666666666666667
0 0.20083333333333334 0.0825 0.018333333333333333 0.08916666666666667
0 0.485 0.9591666666666666 0.035833333333333335 0.0725
0 0.505 0.965 0.0325 0.06416666666666666
0 0.47 0.9641666666666666 0.03333333333333333 0.06833333333333333
0 0.5791666666666667 0.08666666666666667 0.02 0.0725
0 0.48 0.9858333333333333 0.028333333333333332 0.02666666666666667
0 0.6725 0.09583333333333334 0.023333333333333334 0.085
0 0.6416666666666667 0.008333333333333333 0.013333333333333334 0.016666666666666666
0 0.6891666666666667 0.135 0.014166666666666666 0.08
0 0.5975 0.13666666666666666 0.020833333333333332 0.08416666666666667
0 0.5833333333333334 0.14083333333333334 0.02666666666666667 0.07916666666666666
0 0.6091666666666666 0.15416666666666667 0.015 0.0725
0 0.6233333333333333 0.16583333333333333 0.021666666666666667 0.07666666666666666
0 0.5708333333333333 0.015833333333333335 0.0275 0.030833333333333334
0 0.605 0.20083333333333334 0.024166666666666666 0.07
0 0.62 0.20166666666666666 0.02 0.06416666666666666
0 0.050833333333333335 0.016666666666666666 0.024166666666666666 0.03333333333333333
0 0.6366666666666667 0.22916666666666666 0.014166666666666666 0.055
0 0.6266666666666667 0.26416666666666666 0.025833333333333333 0.0825
0 0.6966666666666667 0.2658333333333333 0.016666666666666666 0.0825
0 0.66 0.2808333333333333 0.02666666666666667 0.051666666666666666
0 0.645 0.2825 0.013333333333333334 0.05
0 0.6858333333333333 0.30416666666666664 0.029166666666666667 0.05416666666666667
0 0.6616666666666666 0.31166666666666665 0.03166666666666667 0.04083333333333333
0 0.6591666666666667 0.3475 0.035833333333333335 0.07666666666666666
0 0.685 0.3491666666666667 0.03333333333333333 0.07083333333333333
0 0.15 0.35583333333333333 0.030833333333333334 0.085
0 0.7091666666666666 0.3591666666666667 0.0275 0.065
0 0.11583333333333333 0.3825 0.03 0.060833333333333336
0 0.6166666666666667 0.0325 0.023333333333333334 0.065
0 0.7108333333333333 0.3975 0.03666666666666667 0.0375
0 0.595 0.4116666666666667 0.024166666666666666 0.0725
0 0.12333333333333334 0.4191666666666667 0.024166666666666666 0.07
0 0.5116666666666667 0.425 0.0225 0.08083333333333333
0 0.5258333333333334 0.435 0.016666666666666666 0.05
0 0.105 0.4475 0.021666666666666667 0.07833333333333334
0 0.5475 0.44916666666666666 0.024166666666666666 0.04666666666666667
0 0.4266666666666667 0.47 0.0275 0.0675
0 0.11666666666666667 0.49333333333333335 0.025833333333333333 0.07916666666666666