0 0.6808333333333333 0.03916666666666667 0.06666666666666667 0.0775
0 0.855 0.5616666666666666 0.07416666666666667 0.1125
0 0.1425 0.5625 0.08083333333333333 0.07583333333333334
0 0.31583333333333335 0.6466666666666666 0.07166666666666667 0.06916666666666667
0 0.9575 0.6875 0.051666666666666666 0.14333333333333334
0 0.32916666666666666 0.8408333333333333 0.0725 0.08916666666666667
0 0.3875 0.06333333333333334 0.07333333333333333 0.0775
0 0.6291666666666667 0.9733333333333334 0.07 0.0525
0 0.34 0.14333333333333334 0.06583333333333333 0.09583333333333334
0 0.9741666666666666 0.22416666666666665 0.04833333333333333 0.11833333333333333
0 0.315 0.23083333333333333 0.07583333333333334 0.08333333333333333
0 0.1825 0.3333333333333333 0.08083333333333333 0.0925
0 0.18083333333333335 0.44583333333333336 0.07083333333333333 0.08083333333333333