0 0.82 0.45166666666666666 0.030833333333333334 0.09666666666666666
0 0.4225 0.5275 0.045 0.059166666666666666
0 0.3908333333333333 0.5516666666666666 0.04666666666666667 0.07
0 0.45 0.655 0.055 0.05416666666666667
0 0.385 0.6883333333333334 0.045 0.0725
0 0.29333333333333333 0.7125 0.049166666666666664 0.085
0 0.395 0.7858333333333334 0.04583333333333333 0.0775
0 0.14083333333333334 0.79 0.03666666666666667 0.09083333333333334
0 0.7933333333333333 0.9283333333333333 0.03166666666666667 0.10416666666666667
0 0.09583333333333334 0.9283333333333333 0.04833333333333333 0.0775
0 0.05 0.9425 0.035833333333333335 0.10666666666666667
0 0.3283333333333333 0.9541666666666667 0.050833333333333335 0.06166666666666667
0 0.15416666666666667 0.9666666666666667 0.0575 0.06583333333333333
0 0.8675 0.2775 0.045 0.065
0 0.5866666666666667 0.37083333333333335 0.028333333333333332 0.09166666666666666
0 0.7058333333333333 0.3933333333333333 0.0325 0.09166666666666666
0 0.665 0.4216666666666667 0.030833333333333334 0.08583333333333333