0 0.5408333333333334 0.4166666666666667 0.02 0.08833333333333333
0 0.5733333333333334 0.41833333333333333 0.024166666666666666 0.07833333333333334
0 0.565 0.44166666666666665 0.021666666666666667 0.07083333333333333
0 0.5958333333333333 0.4508333333333333 0.021666666666666667 0.09583333333333334
0 0.8108333333333333 0.46166666666666667 0.0475 0.059166666666666666
0 0.5425 0.4683333333333333 0.0225 0.07666666666666666
0 0.8408333333333333 0.47 0.03833333333333333 0.055
0 0.7733333333333333 0.4741666666666667 0.041666666666666664 0.05416666666666667
0 0.805 0.49916666666666665 0.045 0.04083333333333333
0 0.6766666666666666 0.505 0.059166666666666666 0.055
0 0.27 0.5875 0.02 0.08916666666666667
0 0.3725 0.5916666666666667 0.029166666666666667 0.0725
0 0.24 0.5975 0.04666666666666667 0.0375
0 0.24416666666666667 0.6358333333333334 0.023333333333333334 0.07
0 0.22416666666666665 0.6466666666666666 0.018333333333333333 0.06916666666666667
0 0.2658333333333333 0.6583333333333333 0.0325 0.07416666666666667
0 0.18583333333333332 0.6708333333333333 0.04833333333333333 0.058333333333333334
0 0.19333333333333333 0.6841666666666667 0.0425 0.07416666666666667
0 0.235 0.685 0.024166666666666666 0.075
0 0.25416666666666665 0.695 0.019166666666666665 0.07083333333333333
0 0.20916666666666667 0.7091666666666666 0.018333333333333333 0.12
0 0.2225 0.715 0.0275 0.08583333333333333
0 0.915 0.725 0.03916666666666667 0.051666666666666666
0 0.19166666666666668 0.7408333333333333 0.025833333333333333 0.09166666666666666
0 0.855 0.7475 0.04583333333333333 0.055
0 0.9358333333333333 0.7733333333333333 0.0325 0.0975
0 0.19916666666666666 0.7941666666666667 0.0325 0.07583333333333334
0 0.9116666666666666 0.8675 0.05333333333333334 0.08
0 0.49916666666666665 0.08833333333333333 0.041666666666666664 0.049166666666666664
0 0.5216666666666666 0.09 0.035833333333333335 0.049166666666666664
0 0.4825 0.0975 0.035 0.06833333333333333
0 0.5141666666666667 0.13083333333333333 0.035 0.0525
0 0.4741666666666667 0.13666666666666666 0.02 0.0725
0 0.48333333333333334 0.17 0.021666666666666667 0.0775
0 0.5291666666666667 0.18 0.051666666666666666 0.04
0 0.5725 0.35833333333333334 0.025833333333333333 0.07916666666666666
0 0.5558333333333333 0.3958333333333333 0.019166666666666665 0.07666666666666666