0 0.46416666666666667 0.45 0.03166666666666667 0.051666666666666666
0 0.49166666666666664 0.45666666666666667 0.03166666666666667 0.045
0 0.5233333333333333 0.45666666666666667 0.035 0.030833333333333334
0 0.44 0.4575 0.02 0.06833333333333333
0 0.4583333333333333 0.47 0.03166666666666667 0.05583333333333333
0 0.47333333333333333 0.5025 0.041666666666666664 0.0325
0 0.45166666666666666 0.515 0.035833333333333335 0.04833333333333333
0 0.4741666666666667 0.525 0.0375 0.0575
0 0.4533333333333333 0.5425 0.03 0.051666666666666666
0 0.44583333333333336 0.5491666666666667 0.03333333333333333 0.05583333333333333
0 0.4775 0.5516666666666666 0.029166666666666667 0.035
0 0.49166666666666664 0.58 0.043333333333333335 0.035
0 0.4583333333333333 0.5983333333333334 0.030833333333333334 0.06
0 0.5 0.6075 0.04833333333333333 0.050833333333333335
0 0.485 0.6175 0.028333333333333332 0.04833333333333333
0 0.49 0.6475 0.0325 0.04833333333333333
0 0.5166666666666667 0.6516666666666666 0.03666666666666667 0.0325
0 0.5283333333333333 0.6825 0.03833333333333333 0.03666666666666667
0 0.5025 0.6833333333333333 0.03333333333333333 0.04083333333333333
0 0.5633333333333334 0.6991666666666667 0.0375 0.034166666666666665
0 0.53 0.705 0.03166666666666667 0.028333333333333332
0 0.5066666666666667 0.71 0.03333333333333333 0.04833333333333333
0 0.575 0.7225 0.03166666666666667 0.0325
0 0.5491666666666667 0.7275 0.03833333333333333 0.034166666666666665
0 0.515 0.735 0.03833333333333333 0.04583333333333333
0 0.49833333333333335 0.2875 0.035 0.045
0 0.52 0.28833333333333333 0.041666666666666664 0.0375
0 0.45916666666666667 0.3025 0.018333333333333333 0.07833333333333334
0 0.4975 0.30583333333333335 0.0425 0.03333333333333333
0 0.43833333333333335 0.325 0.014166666666666666 0.06
0 0.47 0.3258333333333333 0.0175 0.08416666666666667
0 0.5233333333333333 0.33166666666666667 0.03333333333333333 0.034166666666666665
0 0.5508333333333333 0.3358333333333333 0.0375 0.0425
0 0.5675 0.33666666666666667 0.025 0.055
0 0.49333333333333335 0.3408333333333333 0.0375 0.0275
0 0.525 0.3466666666666667 0.03166666666666667 0.0225
0 0.445 0.3475 0.014166666666666666 0.07916666666666666
0 0.5341666666666667 0.36333333333333334 0.03333333333333333 0.03166666666666667
0 0.5116666666666667 0.36833333333333335 0.03333333333333333 0.034166666666666665
0 0.49166666666666664 0.36916666666666664 0.028333333333333332 0.0375
0 0.4583333333333333 0.37083333333333335 0.015 0.06916666666666667
0 0.5475 0.375 0.025 0.035
0 0.4741666666666667 0.37583333333333335 0.016666666666666666 0.04666666666666667
0 0.525 0.38416666666666666 0.0275 0.0375
0 0.4975 0.3958333333333333 0.028333333333333332 0.035
0 0.5433333333333333 0.3983333333333333 0.035833333333333335 0.03333333333333333
0 0.565 0.4041666666666667 0.025 0.03
0 0.48083333333333333 0.4091666666666667 0.03166666666666667 0.035833333333333335
0 0.5075 0.41333333333333333 0.03 0.025
0 0.5416666666666666 0.4175 0.03666666666666667 0.0275
0 0.46 0.4191666666666667 0.030833333333333334 0.0625
0 0.515 0.42916666666666664 0.03666666666666667 0.029166666666666667
0 0.49166666666666664 0.43916666666666665 0.03333333333333333 0.035833333333333335
0 0.5383333333333333 0.4425 0.0325 0.0275