0 0.945 0.535 0.049166666666666664 0.05333333333333334
0 0.7025 0.5258333333333334 0.029166666666666667 0.07833333333333334
0 0.4775 0.49166666666666664 0.029166666666666667 0.08333333333333333
0 0.5783333333333334 0.4708333333333333 0.02666666666666667 0.08666666666666667
0 0.5408333333333334 0.43833333333333335 0.03166666666666667 0.08
0 0.91 0.42333333333333334 0.030833333333333334 0.0825
0 0.68 0.4225 0.0275 0.0825
0 0.9458333333333333 0.37166666666666665 0.035 0.08
0 0.3358333333333333 0.365 0.04 0.06333333333333334
0 0.31 0.3283333333333333 0.049166666666666664 0.0625
0 0.4041666666666667 0.23416666666666666 0.04666666666666667 0.060833333333333336
0 0.8675 0.23166666666666666 0.041666666666666664 0.07916666666666666
0 0.3233333333333333 0.20666666666666667 0.04666666666666667 0.06
0 0.31583333333333335 0.12916666666666668 0.04 0.07666666666666666
0 0.09166666666666666 0.125 0.03916666666666667 0.0875
0 0.2708333333333333 0.10083333333333333 0.04416666666666667 0.0825
0 0.06 0.0275 0.0475 0.05333333333333334
0 0.014166666666666666 0.018333333333333333 0.0275 0.035833333333333335
0 0.2608333333333333 0.008333333333333333 0.058333333333333334 0.013333333333333334