0 0.3475 0.6325 0.0225 0.08916666666666667
0 0.18666666666666668 0.6541666666666667 0.04666666666666667 0.07333333333333333
0 0.4125 0.7133333333333334 0.014166666666666666 0.07083333333333333
0 0.4 0.7158333333333333 0.020833333333333332 0.10083333333333333
0 0.81 0.7691666666666667 0.04666666666666667 0.08416666666666667
0 0.2775 0.10916666666666666 0.029166666666666667 0.08333333333333333
0 0.29 0.14416666666666667 0.0175 0.07833333333333334
0 0.30666666666666664 0.19083333333333333 0.015833333333333335 0.08333333333333333
0 0.3983333333333333 0.23666666666666666 0.035 0.0375
0 0.31583333333333335 0.2425 0.03 0.0975
0 0.43666666666666665 0.24916666666666668 0.0525 0.058333333333333334
0 0.37666666666666665 0.26916666666666667 0.04 0.06166666666666667
0 0.39 0.305 0.04416666666666667 0.0425
0 0.43 0.30583333333333335 0.034166666666666665 0.07333333333333333
0 0.30583333333333335 0.3175 0.02 0.07333333333333333
0 0.3875 0.34833333333333333 0.028333333333333332 0.085
0 0.4091666666666667 0.37 0.04583333333333333 0.0775
0 0.38083333333333336 0.4041666666666667 0.04416666666666667 0.06
0 0.46416666666666667 0.42333333333333334 0.021666666666666667 0.09333333333333334
0 0.42583333333333334 0.44166666666666665 0.041666666666666664 0.0775