0 0.275 0.5175 0.045 0.045
0 0.6725 0.5175 0.035 0.043333333333333335
0 0.25166666666666665 0.5083333333333333 0.034166666666666665 0.051666666666666666
0 0.69 0.5025 0.0225 0.058333333333333334
0 0.6766666666666666 0.49833333333333335 0.02666666666666667 0.059166666666666666
0 0.7175 0.48083333333333333 0.018333333333333333 0.06416666666666666
0 0.2925 0.4716666666666667 0.03833333333333333 0.06166666666666667
0 0.5858333333333333 0.45666666666666667 0.023333333333333334 0.09583333333333334
0 0.6808333333333333 0.4508333333333333 0.02 0.06333333333333334
0 0.71 0.44916666666666666 0.0175 0.0575
0 0.5741666666666667 0.3983333333333333 0.02 0.08916666666666667
0 0.27166666666666667 0.39166666666666666 0.04416666666666667 0.06333333333333334
0 0.6925 0.37416666666666665 0.025 0.08583333333333333
0 0.7066666666666667 0.3725 0.015 0.0375
0 0.495 0.36916666666666664 0.03916666666666667 0.08166666666666667
0 0.5916666666666667 0.35833333333333334 0.0225 0.0975
0 0.21 0.3458333333333333 0.03 0.0975
0 0.7066666666666667 0.335 0.015833333333333335 0.04833333333333333
0 0.715 0.31333333333333335 0.019166666666666665 0.075
0 0.6808333333333333 0.3125 0.02666666666666667 0.06916666666666667
0 0.7 0.295 0.018333333333333333 0.0725
0 0.7166666666666667 0.25166666666666665 0.028333333333333332 0.07833333333333334
0 0.7266666666666667 0.18416666666666667 0.02666666666666667 0.09083333333333334
0 0.15583333333333332 0.9241666666666667 0.030833333333333334 0.075
0 0.6908333333333333 0.14666666666666667 0.045 0.06666666666666667
0 0.2325 0.13166666666666665 0.03 0.09333333333333334
0 0.275 0.11416666666666667 0.02 0.030833333333333334
0 0.6925 0.095 0.029166666666666667 0.06333333333333334
0 0.2825 0.09166666666666666 0.04083333333333333 0.051666666666666666
0 0.7083333333333334 0.09083333333333334 0.03 0.08416666666666667
0 0.3433333333333333 0.07416666666666667 0.04583333333333333 0.07166666666666667
0 0.2825 0.060833333333333336 0.034166666666666665 0.05
0 0.26666666666666666 0.043333333333333335 0.03 0.07833333333333334
0 0.6833333333333333 0.04 0.04833333333333333 0.04
0 0.29833333333333334 0.023333333333333334 0.043333333333333335 0.043333333333333335
0 0.6908333333333333 0.0225 0.03833333333333333 0.043333333333333335
0 0.15583333333333332 0.8341666666666666 0.02666666666666667 0.09333333333333334
0 0.2708333333333333 0.8191666666666667 0.04083333333333333 0.0525
0 0.185 0.8125 0.018333333333333333 0.06416666666666666
0 0.215 0.8108333333333333 0.025833333333333333 0.060833333333333336
0 0.7675 0.7966666666666666 0.03833333333333333 0.07
0 0.18083333333333335 0.7966666666666666 0.02 0.07583333333333334
0 0.17583333333333334 0.7891666666666667 0.02 0.07083333333333333
0 0.20333333333333334 0.7866666666666666 0.028333333333333332 0.051666666666666666
0 0.7575 0.7725 0.03666666666666667 0.07833333333333334
0 0.4091666666666667 0.7508333333333334 0.03333333333333333 0.08
0 0.23166666666666666 0.7491666666666666 0.029166666666666667 0.06833333333333333
0 0.14166666666666666 0.9775 0.035 0.04416666666666667
0 0.37666666666666665 0.73 0.050833333333333335 0.058333333333333334
0 0.25666666666666665 0.7275 0.03666666666666667 0.043333333333333335
0 0.20833333333333334 0.7191666666666666 0.021666666666666667 0.08583333333333333
0 0.7466666666666667 0.7116666666666667 0.03833333333333333 0.050833333333333335
0 0.44583333333333336 0.7091666666666666 0.03833333333333333 0.0475
0 0.43 0.6991666666666667 0.0525 0.03833333333333333
0 0.25083333333333335 0.6991666666666667 0.04416666666666667 0.0425
0 0.7433333333333333 0.6758333333333333 0.04083333333333333 0.07166666666666667
0 0.19083333333333333 0.6758333333333333 0.025833333333333333 0.045
0 0.4375 0.6733333333333333 0.04833333333333333 0.04416666666666667
0 0.41083333333333333 0.6725 0.0425 0.059166666666666666
0 0.37333333333333335 0.6675 0.034166666666666665 0.09666666666666666
0 0.31833333333333336 0.6541666666666667 0.04083333333333333 0.03666666666666667
0 0.21833333333333332 0.6425 0.021666666666666667 0.0725
0 0.4675 0.6416666666666667 0.035 0.03333333333333333
0 0.7025 0.6375 0.04083333333333333 0.08083333333333333
0 0.44666666666666666 0.6358333333333334 0.0325 0.058333333333333334
0 0.2 0.6341666666666667 0.024166666666666666 0.049166666666666664
0 0.33916666666666667 0.6275 0.041666666666666664 0.035833333333333335
0 0.66 0.6225 0.029166666666666667 0.06666666666666667
0 0.72 0.6116666666666667 0.034166666666666665 0.058333333333333334
0 0.5025 0.6058333333333333 0.03833333333333333 0.0575
0 0.48333333333333334 0.6008333333333333 0.043333333333333335 0.055
0 0.1225 0.6 0.04583333333333333 0.058333333333333334
0 0.2375 0.5991666666666666 0.0325 0.049166666666666664
0 0.20083333333333334 0.5916666666666667 0.020833333333333332 0.06416666666666666
0 0.11833333333333333 0.5816666666666667 0.035 0.024166666666666666
0 0.6658333333333334 0.5808333333333333 0.02666666666666667 0.08916666666666667
0 0.6875 0.5766666666666667 0.03 0.0425
0 0.24083333333333334 0.5558333333333333 0.0425 0.049166666666666664
0 0.7091666666666666 0.5533333333333333 0.024166666666666666 0.065
0 0.6783333333333333 0.55 0.03166666666666667 0.0375
0 0.6358333333333334 0.5475 0.023333333333333334 0.09583333333333334
0 0.22583333333333333 0.5358333333333334 0.0275 0.06666666666666667
0 0.5425 0.5316666666666666 0.0375 0.08666666666666667