0 0.6116666666666667 0.4708333333333333 0.0625 0.04083333333333333
0 0.6441666666666667 0.45166666666666666 0.065 0.041666666666666664
0 0.5608333333333333 0.4375 0.04583333333333333 0.05333333333333334
0 0.5141666666666667 0.42083333333333334 0.056666666666666664 0.041666666666666664
0 0.46166666666666667 0.4141666666666667 0.0575 0.0625
0 0.41833333333333333 0.38916666666666666 0.045 0.03916666666666667
0 0.255 0.3875 0.058333333333333334 0.04083333333333333
0 0.2925 0.38083333333333336 0.0575 0.043333333333333335
0 0.3475 0.37583333333333335 0.05333333333333334 0.04
0 0.42916666666666664 0.35583333333333333 0.051666666666666666 0.065
0 0.38166666666666665 0.35333333333333333 0.0425 0.0425
0 0.4075 0.3525 0.04416666666666667 0.05333333333333334
0 0.235 0.195 0.0575 0.06
0 0.13 0.17833333333333334 0.056666666666666664 0.04583333333333333
0 0.2275 0.16416666666666666 0.04 0.03833333333333333
0 0.050833333333333335 0.08166666666666667 0.041666666666666664 0.08833333333333333
0 0.28833333333333333 0.050833333333333335 0.04 0.09833333333333333
0 0.8358333333333333 0.69 0.055 0.04833333333333333
0 0.9808333333333333 0.6266666666666667 0.0375 0.043333333333333335
0 0.945 0.6225 0.04416666666666667 0.0425
0 0.5541666666666667 0.5433333333333333 0.0475 0.07916666666666666
0 0.7475 0.5366666666666666 0.04583333333333333 0.07833333333333334