0 0.81 0.04583333333333333 0.03 0.060833333333333336
0 0.7825 0.06 0.018333333333333333 0.07666666666666666
0 0.8033333333333333 0.06916666666666667 0.019166666666666665 0.056666666666666664
0 0.8266666666666667 0.07166666666666667 0.018333333333333333 0.05416666666666667
0 0.7975 0.11583333333333333 0.02 0.0575
0 0.81 0.11583333333333333 0.0175 0.07
0 0.7741666666666667 0.12166666666666667 0.025833333333333333 0.05416666666666667
0 0.7641666666666667 0.1225 0.021666666666666667 0.05416666666666667
0 0.7441666666666666 0.145 0.023333333333333334 0.06916666666666667
0 0.7716666666666666 0.14666666666666667 0.03833333333333333 0.05416666666666667
0 0.8266666666666667 0.17083333333333334 0.0375 0.03666666666666667
0 0.7708333333333334 0.1875 0.02 0.05416666666666667
0 0.8 0.1875 0.0425 0.034166666666666665
0 0.8191666666666667 0.21916666666666668 0.02666666666666667 0.07583333333333334
0 0.8241666666666667 0.023333333333333334 0.0175 0.04583333333333333
0 0.7908333333333334 0.03166666666666667 0.0175 0.06333333333333334