0 0.9533333333333334 0.49416666666666664 0.045 0.14
0 0.6308333333333334 0.44666666666666666 0.041666666666666664 0.13916666666666666
0 0.9883333333333333 0.39416666666666667 0.02 0.15166666666666667
0 0.755 0.31416666666666665 0.0425 0.12416666666666666
0 0.9475 0.295 0.06333333333333334 0.14333333333333334
0 0.4275 0.93 0.03166666666666667 0.11916666666666667
0 0.9033333333333333 0.2625 0.06 0.14416666666666667
0 0.2725 0.9266666666666666 0.041666666666666664 0.08666666666666667
0 0.8233333333333334 0.1725 0.05583333333333333 0.1625
0 0.7933333333333333 0.16583333333333333 0.045 0.1525
0 0.18833333333333332 0.9083333333333333 0.045 0.11166666666666666
0 0.8333333333333334 0.014166666666666666 0.03833333333333333 0.0275
0 0.1425 0.8833333333333333 0.0375 0.1025
0 0.11833333333333333 0.8333333333333334 0.0375 0.0925
0 0.20416666666666666 0.8241666666666667 0.04416666666666667 0.1175
0 0.3933333333333333 0.8 0.04416666666666667 0.12416666666666666
0 0.6383333333333333 0.7583333333333333 0.041666666666666664 0.1225
0 0.9925 0.72 0.011666666666666667 0.14666666666666667
0 0.9241666666666667 0.6925 0.045 0.1375
0 0.21333333333333335 0.6766666666666666 0.04833333333333333 0.125
0 0.16416666666666666 0.9658333333333333 0.06416666666666666 0.0675
0 0.7 0.9625 0.04666666666666667 0.07166666666666667