0 0.6291666666666667 0.4041666666666667 0.058333333333333334 0.06
0 0.6116666666666667 0.4058333333333333 0.04583333333333333 0.07916666666666666
0 0.5808333333333333 0.4066666666666667 0.02666666666666667 0.08916666666666667
0 0.4658333333333333 0.41333333333333333 0.041666666666666664 0.045
0 0.44083333333333335 0.42 0.04583333333333333 0.07333333333333333
0 0.5 0.42583333333333334 0.045 0.043333333333333335
0 0.6 0.43166666666666664 0.025833333333333333 0.10333333333333333
0 0.4775 0.44333333333333336 0.04666666666666667 0.0425
0 0.5758333333333333 0.45 0.043333333333333335 0.08
0 0.6266666666666667 0.4558333333333333 0.04083333333333333 0.0525
0 0.555 0.4625 0.041666666666666664 0.07666666666666666
0 0.5316666666666666 0.4675 0.034166666666666665 0.049166666666666664
0 0.4558333333333333 0.4875 0.041666666666666664 0.08583333333333333
0 0.5066666666666667 0.49166666666666664 0.04 0.0675
0 0.53 0.4975 0.04 0.07916666666666666
0 0.4775 0.49916666666666665 0.04833333333333333 0.0475
0 0.4708333333333333 0.5875 0.049166666666666664 0.06666666666666667
0 0.5375 0.2991666666666667 0.03666666666666667 0.075
0 0.4891666666666667 0.3225 0.050833333333333335 0.06
0 0.5966666666666667 0.3275 0.058333333333333334 0.045
0 0.5091666666666667 0.33916666666666667 0.04666666666666667 0.03916666666666667
0 0.6483333333333333 0.345 0.0525 0.05416666666666667
0 0.5516666666666666 0.34833333333333333 0.041666666666666664 0.0475
0 0.5758333333333333 0.34833333333333333 0.03666666666666667 0.07083333333333333
0 0.5975 0.3541666666666667 0.0575 0.060833333333333336
0 0.465 0.37083333333333335 0.055 0.05416666666666667
0 0.6383333333333333 0.375 0.0425 0.0625
0 0.5466666666666666 0.37916666666666665 0.035833333333333335 0.07916666666666666
0 0.6666666666666666 0.3858333333333333 0.03166666666666667 0.05
0 0.4841666666666667 0.3875 0.065 0.04583333333333333
0 0.5641666666666667 0.4008333333333333 0.030833333333333334 0.07666666666666666
0 0.5391666666666667 0.40166666666666667 0.041666666666666664 0.08583333333333333