0 0.4325 0.525 0.051666666666666666 0.16
0 0.6466666666666666 0.9691666666666666 0.043333333333333335 0.060833333333333336
0 0.5033333333333333 0.42333333333333334 0.06416666666666666 0.1475
0 0.0625 0.4033333333333333 0.058333333333333334 0.16416666666666666
0 0.3 0.37916666666666665 0.043333333333333335 0.145
0 0.16083333333333333 0.3233333333333333 0.05583333333333333 0.16416666666666666
0 0.44416666666666665 0.32166666666666666 0.065 0.14583333333333334
0 0.205 0.32 0.04083333333333333 0.1575
0 0.41333333333333333 0.3025 0.07 0.14833333333333334
0 0.2425 0.275 0.04833333333333333 0.1675
0 0.10583333333333333 0.25666666666666665 0.06166666666666667 0.14333333333333334
0 0.345 0.245 0.04833333333333333 0.15583333333333332
0 0.405 0.23416666666666666 0.0475 0.1475
0 0.21 0.18083333333333335 0.05583333333333333 0.13666666666666666
0 0.5558333333333333 0.8016666666666666 0.04666666666666667 0.16