0 0.17833333333333334 0.495 0.04083333333333333 0.11333333333333333
0 0.38416666666666666 0.6341666666666667 0.04 0.13083333333333333
0 0.7025 0.7383333333333333 0.07083333333333333 0.06666666666666667
0 0.25916666666666666 0.7725 0.0475 0.13083333333333333
0 0.3491666666666667 0.835 0.04833333333333333 0.12583333333333332
0 0.12833333333333333 0.8683333333333333 0.03916666666666667 0.12666666666666668
0 0.205 0.875 0.0475 0.11416666666666667
0 0.26 0.8825 0.03666666666666667 0.11166666666666666
0 0.7616666666666667 0.9125 0.05416666666666667 0.09333333333333334
0 0.6808333333333333 0.9675 0.06416666666666666 0.06166666666666667
0 0.7816666666666666 0.015 0.05416666666666667 0.02666666666666667
0 0.8233333333333334 0.15583333333333332 0.059166666666666666 0.10666666666666667
0 0.8733333333333333 0.016666666666666666 0.06 0.030833333333333334
0 0.08416666666666667 0.21083333333333334 0.0825 0.06416666666666666
0 0.025 0.2425 0.04833333333333333 0.095
0 0.23416666666666666 0.26 0.049166666666666664 0.12166666666666667
0 0.875 0.3225 0.05416666666666667 0.10916666666666666
0 0.3416666666666667 0.03666666666666667 0.0775 0.06333333333333334