0 0.285 0.4625 0.018333333333333333 0.06916666666666667
0 0.8375 0.4633333333333333 0.019166666666666665 0.07333333333333333
0 0.3016666666666667 0.46416666666666667 0.03333333333333333 0.05416666666666667
0 0.3883333333333333 0.49416666666666664 0.0225 0.06916666666666667
0 0.4666666666666667 0.5025 0.02 0.06666666666666667
0 0.835 0.515 0.02 0.0675
0 0.4558333333333333 0.5166666666666667 0.014166666666666666 0.05416666666666667
0 0.43583333333333335 0.5325 0.021666666666666667 0.04083333333333333
0 0.39416666666666667 0.04833333333333333 0.0175 0.07416666666666667
0 0.5516666666666666 0.5466666666666666 0.0325 0.0625
0 0.7841666666666667 0.64 0.03166666666666667 0.056666666666666664
0 0.7375 0.6516666666666666 0.020833333333333332 0.06416666666666666
0 0.7608333333333334 0.6541666666666667 0.023333333333333334 0.065
0 0.4891666666666667 0.6566666666666666 0.0175 0.065
0 0.7891666666666667 0.6683333333333333 0.03 0.06166666666666667
0 0.7216666666666667 0.6733333333333333 0.02666666666666667 0.060833333333333336
0 0.7066666666666667 0.6808333333333333 0.03 0.035833333333333335
0 0.4716666666666667 0.7 0.014166666666666666 0.07833333333333334
0 0.7641666666666667 0.7058333333333333 0.029166666666666667 0.050833333333333335
0 0.5083333333333333 0.7133333333333334 0.02 0.08166666666666667
0 0.7216666666666667 0.7158333333333333 0.0325 0.059166666666666666
0 0.495 0.7191666666666666 0.014166666666666666 0.07833333333333334
0 0.4866666666666667 0.7433333333333333 0.015 0.07666666666666666
0 0.725 0.7575 0.0275 0.05583333333333333
0 0.4791666666666667 0.7683333333333333 0.014166666666666666 0.06583333333333333
0 0.49916666666666665 0.7733333333333333 0.021666666666666667 0.06583333333333333
0 0.725 0.7908333333333334 0.024166666666666666 0.058333333333333334
0 0.4683333333333333 0.7966666666666666 0.015833333333333335 0.08333333333333333
0 0.745 0.8 0.02 0.06416666666666666
0 0.4608333333333333 0.8141666666666667 0.020833333333333332 0.06
0 0.4825 0.8258333333333333 0.015 0.08166666666666667
0 0.745 0.835 0.0225 0.06166666666666667
0 0.7208333333333333 0.8375 0.021666666666666667 0.07
0 0.4033333333333333 0.08083333333333333 0.015 0.08583333333333333
0 0.3466666666666667 0.08166666666666667 0.023333333333333334 0.06916666666666667
0 0.46166666666666667 0.875 0.016666666666666666 0.06833333333333333
0 0.835 0.8791666666666667 0.030833333333333334 0.06416666666666666
0 0.7266666666666667 0.8825 0.02 0.04
0 0.47583333333333333 0.885 0.023333333333333334 0.075
0 0.38 0.08333333333333333 0.018333333333333333 0.07166666666666667
0 0.7408333333333333 0.895 0.030833333333333334 0.07416666666666667
0 0.4791666666666667 0.9116666666666666 0.023333333333333334 0.07833333333333334
0 0.45916666666666667 0.9216666666666666 0.024166666666666666 0.058333333333333334
0 0.4658333333333333 0.965 0.023333333333333334 0.051666666666666666
0 0.7491666666666666 0.12166666666666667 0.0275 0.07083333333333333
0 0.39166666666666666 0.12416666666666666 0.015833333333333335 0.09
0 0.3283333333333333 0.13583333333333333 0.018333333333333333 0.07833333333333334
0 0.3516666666666667 0.14 0.0275 0.0525
0 0.31166666666666665 0.15583333333333332 0.016666666666666666 0.08
0 0.7541666666666667 0.1725 0.0275 0.05583333333333333
0 0.3725 0.1925 0.021666666666666667 0.07666666666666666
0 0.37416666666666665 0.24333333333333335 0.019166666666666665 0.06666666666666667
0 0.2991666666666667 0.25083333333333335 0.0225 0.07166666666666667
0 0.37833333333333335 0.28833333333333333 0.023333333333333334 0.0675
0 0.3625 0.2991666666666667 0.015833333333333335 0.058333333333333334
0 0.83 0.31333333333333335 0.019166666666666665 0.0775
0 0.3475 0.3283333333333333 0.014166666666666666 0.058333333333333334
0 0.8883333333333333 0.029166666666666667 0.0225 0.043333333333333335
0 0.35833333333333334 0.3491666666666667 0.020833333333333332 0.0525
0 0.33 0.375 0.021666666666666667 0.0525
0 0.3441666666666667 0.37666666666666665 0.020833333333333332 0.041666666666666664
0 0.8275 0.3925 0.016666666666666666 0.0725
0 0.30416666666666664 0.4 0.03 0.050833333333333335
0 0.35 0.4008333333333333 0.0325 0.07
0 0.32416666666666666 0.41 0.03333333333333333 0.03666666666666667