0 0.26916666666666667 0.58 0.034166666666666665 0.060833333333333336
0 0.3975 0.5608333333333333 0.0425 0.0675
0 0.42083333333333334 0.56 0.03916666666666667 0.06333333333333334
0 0.5166666666666667 0.5575 0.0575 0.07583333333333334
0 0.4691666666666667 0.5341666666666667 0.03833333333333333 0.08166666666666667
0 0.44416666666666665 0.5308333333333334 0.035 0.0725
0 0.5 0.5283333333333333 0.04833333333333333 0.06333333333333334
0 0.4225 0.5216666666666666 0.03666666666666667 0.060833333333333336
0 0.4691666666666667 0.4875 0.05583333333333333 0.051666666666666666
0 0.44333333333333336 0.7183333333333334 0.049166666666666664 0.065
0 0.47833333333333333 0.7133333333333334 0.041666666666666664 0.065
0 0.36833333333333335 0.695 0.060833333333333336 0.043333333333333335
0 0.46 0.6908333333333333 0.04416666666666667 0.03916666666666667
0 0.41833333333333333 0.665 0.04583333333333333 0.05333333333333334
0 0.5083333333333333 0.6641666666666667 0.049166666666666664 0.043333333333333335
0 0.3908333333333333 0.6625 0.041666666666666664 0.04833333333333333
0 0.31416666666666665 0.6608333333333334 0.050833333333333335 0.06583333333333333
0 0.4525 0.6575 0.0525 0.03833333333333333
0 0.36583333333333334 0.6566666666666666 0.05 0.058333333333333334
0 0.4891666666666667 0.6458333333333334 0.04 0.06333333333333334
0 0.5241666666666667 0.6291666666666667 0.050833333333333335 0.065
0 0.45416666666666666 0.6216666666666667 0.045 0.07166666666666667
0 0.4141666666666667 0.62 0.029166666666666667 0.065
0 0.435 0.6191666666666666 0.035 0.06333333333333334
0 0.39 0.605 0.0325 0.07416666666666667
0 0.2966666666666667 0.6008333333333333 0.045 0.09416666666666666
0 0.37083333333333335 0.5991666666666666 0.035 0.08833333333333333
0 0.3233333333333333 0.5966666666666667 0.05 0.07916666666666666
0 0.5291666666666667 0.5908333333333333 0.05 0.0775
0 0.3458333333333333 0.5883333333333334 0.03833333333333333 0.075
0 0.48083333333333333 0.5866666666666667 0.043333333333333335 0.04583333333333333
0 0.4533333333333333 0.5825 0.041666666666666664 0.07