0 0.1475 0.5283333333333333 0.02666666666666667 0.07666666666666666
0 0.10833333333333334 0.495 0.03333333333333333 0.07
0 0.12416666666666666 0.49083333333333334 0.034166666666666665 0.055
0 0.08333333333333333 0.4841666666666667 0.034166666666666665 0.07333333333333333
0 0.043333333333333335 0.4725 0.04416666666666667 0.0375
0 0.15916666666666668 0.4225 0.0425 0.04583333333333333
0 0.16916666666666666 0.36333333333333334 0.035 0.065
0 0.175 0.30833333333333335 0.025 0.06166666666666667
0 0.8566666666666667 0.9616666666666667 0.035 0.04833333333333333
0 0.9016666666666666 0.9608333333333333 0.04416666666666667 0.0625
0 0.32416666666666666 0.2875 0.02666666666666667 0.07083333333333333
0 0.18833333333333332 0.285 0.024166666666666666 0.07666666666666666
0 0.15833333333333333 0.2816666666666667 0.02 0.0675
0 0.14666666666666667 0.2816666666666667 0.03 0.09166666666666666
0 0.3433333333333333 0.25583333333333336 0.04 0.025833333333333333
0 0.1775 0.25416666666666665 0.0225 0.06583333333333333
0 0.20166666666666666 0.24333333333333335 0.013333333333333334 0.043333333333333335
0 0.3233333333333333 0.24166666666666667 0.034166666666666665 0.029166666666666667
0 0.1675 0.23833333333333334 0.021666666666666667 0.0425
0 0.19416666666666665 0.21666666666666667 0.020833333333333332 0.04083333333333333
0 0.3383333333333333 0.215 0.03333333333333333 0.0275
0 0.31333333333333335 0.21 0.0275 0.045
0 0.21583333333333332 0.20666666666666667 0.021666666666666667 0.059166666666666666
0 0.18 0.20416666666666666 0.025833333333333333 0.0625
0 0.2891666666666667 0.20333333333333334 0.025833333333333333 0.07
0 0.26916666666666667 0.19083333333333333 0.034166666666666665 0.075
0 0.20333333333333334 0.19083333333333333 0.021666666666666667 0.07
0 0.19583333333333333 0.14833333333333334 0.0225 0.060833333333333336
0 0.22416666666666665 0.1475 0.025833333333333333 0.06916666666666667
0 0.21333333333333335 0.12833333333333333 0.021666666666666667 0.06
0 0.38916666666666666 0.12666666666666668 0.043333333333333335 0.06416666666666666
0 0.25833333333333336 0.10916666666666666 0.04416666666666667 0.051666666666666666
0 0.225 0.10416666666666667 0.025 0.06166666666666667
0 0.24583333333333332 0.08583333333333333 0.03166666666666667 0.06166666666666667
0 0.22166666666666668 0.0775 0.0475 0.0525
0 0.2833333333333333 0.04583333333333333 0.049166666666666664 0.060833333333333336
0 0.25666666666666665 0.03833333333333333 0.03833333333333333 0.0425
0 0.29333333333333333 0.014166666666666666 0.034166666666666665 0.02666666666666667
0 0.8291666666666667 0.9308333333333333 0.02 0.05333333333333334
0 0.325 0.013333333333333334 0.035 0.025833333333333333
0 0.805 0.92 0.019166666666666665 0.07916666666666666
0 0.8908333333333334 0.9183333333333333 0.03666666666666667 0.075
0 0.9133333333333333 0.9141666666666667 0.0275 0.06416666666666666
0 0.9375 0.9058333333333334 0.029166666666666667 0.060833333333333336
0 0.8158333333333333 0.8675 0.023333333333333334 0.06916666666666667
0 0.9566666666666667 0.8491666666666666 0.028333333333333332 0.0675
0 0.8316666666666667 0.8441666666666666 0.02666666666666667 0.10166666666666667
0 0.8883333333333333 0.8408333333333333 0.03166666666666667 0.07166666666666667
0 0.84 0.83 0.025833333333333333 0.058333333333333334
0 0.8691666666666666 0.8275 0.023333333333333334 0.09583333333333334
0 0.8533333333333334 0.7983333333333333 0.0225 0.05
0 0.8075 0.7975 0.035 0.07916666666666666
0 0.31916666666666665 0.775 0.0425 0.055
0 0.4658333333333333 0.7741666666666667 0.03916666666666667 0.059166666666666666
0 0.8466666666666667 0.7566666666666667 0.024166666666666666 0.056666666666666664
0 0.8258333333333333 0.755 0.019166666666666665 0.065
0 0.8066666666666666 0.755 0.035833333333333335 0.0775
0 0.8508333333333333 0.7275 0.025833333333333333 0.051666666666666666
0 0.8108333333333333 0.7133333333333334 0.024166666666666666 0.075
0 0.7983333333333333 0.7008333333333333 0.02 0.04583333333333333
0 0.845 0.695 0.0425 0.04833333333333333
0 0.8358333333333333 0.6633333333333333 0.03666666666666667 0.0525
0 0.7975 0.6533333333333333 0.050833333333333335 0.034166666666666665
0 0.8058333333333333 0.625 0.05 0.03166666666666667
0 0.805 0.9825 0.0275 0.034166666666666665
0 0.12666666666666668 0.58 0.0275 0.06916666666666667
0 0.25 0.5675 0.041666666666666664 0.0675
0 0.105 0.5425 0.0225 0.06