0 0.765 0.4683333333333333 0.019166666666666665 0.0725
0 0.6266666666666667 0.045 0.04416666666666667 0.03916666666666667
0 0.4633333333333333 0.48583333333333334 0.04083333333333333 0.04083333333333333
0 0.79 0.49 0.01 0.051666666666666666
0 0.7783333333333333 0.49 0.019166666666666665 0.08166666666666667
0 0.6775 0.49416666666666664 0.025833333333333333 0.08083333333333333
0 0.8116666666666666 0.5025 0.0375 0.0675
0 0.4275 0.5058333333333334 0.035833333333333335 0.04416666666666667
0 0.43333333333333335 0.5208333333333334 0.03666666666666667 0.03833333333333333
0 0.66 0.5241666666666667 0.018333333333333333 0.0525
0 0.6416666666666667 0.54 0.0225 0.0575
0 0.6633333333333333 0.5641666666666667 0.024166666666666666 0.0475
0 0.6216666666666667 0.565 0.020833333333333332 0.030833333333333334
0 0.6391666666666667 0.5716666666666667 0.025833333333333333 0.05
0 0.6 0.5858333333333333 0.024166666666666666 0.058333333333333334
0 0.6225 0.5925 0.020833333333333332 0.0425
0 0.645 0.6 0.015833333333333335 0.043333333333333335
0 0.6091666666666666 0.6083333333333333 0.0275 0.055
0 0.6266666666666667 0.6125 0.024166666666666666 0.04833333333333333
0 0.5783333333333334 0.6241666666666666 0.028333333333333332 0.05333333333333334
0 0.5125 0.6258333333333334 0.030833333333333334 0.04833333333333333
0 0.49583333333333335 0.6283333333333333 0.025833333333333333 0.045
0 0.6033333333333334 0.6416666666666667 0.025833333333333333 0.05416666666666667
0 0.5375 0.6416666666666667 0.028333333333333332 0.04666666666666667
0 0.47583333333333333 0.645 0.020833333333333332 0.050833333333333335
0 0.6191666666666666 0.6491666666666667 0.034166666666666665 0.03833333333333333
0 0.5883333333333334 0.6508333333333334 0.018333333333333333 0.059166666666666666
0 0.5475 0.6541666666666667 0.03333333333333333 0.04
0 0.5658333333333333 0.6608333333333334 0.03333333333333333 0.04083333333333333
0 0.49916666666666665 0.665 0.0425 0.04083333333333333
0 0.4766666666666667 0.6741666666666667 0.029166666666666667 0.04666666666666667
0 0.525 0.6858333333333333 0.04416666666666667 0.04083333333333333
0 0.455 0.6891666666666667 0.0175 0.060833333333333336
0 0.56 0.6891666666666667 0.0425 0.03333333333333333
0 0.455 0.7308333333333333 0.025833333333333333 0.05583333333333333
0 0.43916666666666665 0.7366666666666667 0.015833333333333335 0.07083333333333333
0 0.66 0.265 0.02666666666666667 0.03833333333333333
0 0.6391666666666667 0.26916666666666667 0.020833333333333332 0.03
0 0.7291666666666666 0.4125 0.02 0.065
0 0.7625 0.41583333333333333 0.019166666666666665 0.06166666666666667
0 0.7466666666666667 0.435 0.021666666666666667 0.0775
0 0.7808333333333334 0.43583333333333335 0.016666666666666666 0.056666666666666664
0 0.7175 0.46 0.03666666666666667 0.03666666666666667