0 0.4666666666666667 0.925 0.025 0.0775
0 0.43916666666666665 0.8916666666666667 0.0175 0.09166666666666666
0 0.4575 0.8541666666666666 0.03333333333333333 0.06916666666666667
0 0.4925 0.7625 0.05 0.03833333333333333
0 0.5425 0.76 0.03666666666666667 0.05
0 0.5225 0.7475 0.035 0.03916666666666667
0 0.3175 0.7458333333333333 0.0425 0.07166666666666667
0 0.2941666666666667 0.745 0.04 0.06416666666666666
0 0.265 0.7425 0.041666666666666664 0.043333333333333335
0 0.505 0.7366666666666667 0.04083333333333333 0.04083333333333333
0 0.5833333333333334 0.7283333333333334 0.04416666666666667 0.05333333333333334
0 0.5616666666666666 0.7225 0.050833333333333335 0.0425
0 0.5433333333333333 0.7116666666666667 0.03916666666666667 0.041666666666666664
0 0.2575 0.7041666666666667 0.05 0.0525
0 0.285 0.6858333333333333 0.02666666666666667 0.07833333333333334
0 0.21083333333333334 0.6825 0.030833333333333334 0.08583333333333333
0 0.40166666666666667 0.6591666666666667 0.03916666666666667 0.07333333333333333
0 0.3725 0.6141666666666666 0.03 0.07666666666666666
0 0.35583333333333333 0.5983333333333334 0.024166666666666666 0.0525
0 0.29333333333333333 0.575 0.04833333333333333 0.05333333333333334