0 0.08083333333333333 0.4766666666666667 0.09 0.07916666666666666
0 0.020833333333333332 0.5183333333333333 0.041666666666666664 0.1025
0 0.04583333333333333 0.5283333333333333 0.085 0.059166666666666666
0 0.8008333333333333 0.54 0.07666666666666666 0.08833333333333333
0 0.06166666666666667 0.585 0.08666666666666667 0.07666666666666666
0 0.7175 0.6816666666666666 0.08333333333333333 0.07583333333333334
0 0.7075 0.7408333333333333 0.07416666666666667 0.075
0 0.2808333333333333 0.7733333333333333 0.07833333333333334 0.09
0 0.8291666666666667 0.9583333333333334 0.07 0.0825
0 0.9641666666666666 0.9608333333333333 0.06833333333333333 0.075
0 0.42333333333333334 0.965 0.0825 0.06833333333333333
0 0.8841666666666667 0.98 0.058333333333333334 0.03666666666666667
0 0.41583333333333333 0.245 0.08083333333333333 0.0725
0 0.6675 0.02 0.060833333333333336 0.04
0 0.14416666666666667 0.024166666666666666 0.04833333333333333 0.04833333333333333
0 0.035833333333333335 0.30583333333333335 0.07166666666666667 0.08166666666666667
0 0.43 0.3525 0.05416666666666667 0.11916666666666667
0 0.3616666666666667 0.029166666666666667 0.07333333333333333 0.058333333333333334
0 0.4575 0.03 0.07 0.06
0 0.685 0.37 0.06333333333333334 0.1225
0 0.8816666666666667 0.4083333333333333 0.06833333333333333 0.11166666666666666
0 0.034166666666666665 0.4508333333333333 0.06833333333333333 0.06416666666666666