0 0.45166666666666666 0.39166666666666666 0.035833333333333335 0.08083333333333333
0 0.435 0.39 0.04416666666666667 0.060833333333333336
0 0.46 0.3566666666666667 0.020833333333333332 0.09583333333333334
0 0.415 0.345 0.04083333333333333 0.045
0 0.42333333333333334 0.3275 0.0375 0.055
0 0.43666666666666665 0.31916666666666665 0.02666666666666667 0.065
0 0.14916666666666667 0.30583333333333335 0.02666666666666667 0.08833333333333333
0 0.12666666666666668 0.2991666666666667 0.028333333333333332 0.085
0 0.44 0.2866666666666667 0.020833333333333332 0.06916666666666667
0 0.1675 0.26916666666666667 0.03 0.0825
0 0.15833333333333333 0.235 0.034166666666666665 0.056666666666666664
0 0.2275 0.20916666666666667 0.049166666666666664 0.055
0 0.5825 0.17916666666666667 0.03666666666666667 0.07916666666666666
0 0.71 0.12416666666666666 0.02 0.095
0 0.015 0.09583333333333334 0.029166666666666667 0.09083333333333334
0 0.73 0.08583333333333333 0.025 0.0725
0 0.6658333333333334 0.06 0.035 0.03833333333333333
0 0.7516666666666667 0.051666666666666666 0.030833333333333334 0.06333333333333334
0 0.7208333333333333 0.03666666666666667 0.029166666666666667 0.06583333333333333
0 0.7333333333333333 0.02666666666666667 0.03 0.05
0 0.7766666666666666 0.018333333333333333 0.04416666666666667 0.035833333333333335
0 0.8108333333333333 0.0075 0.041666666666666664 0.013333333333333334
0 0.7458333333333333 0.013333333333333334 0.0275 0.025833333333333333
0 0.49666666666666665 0.8833333333333333 0.030833333333333334 0.06833333333333333
0 0.4166666666666667 0.85 0.020833333333333332 0.0925
0 0.49333333333333335 0.8408333333333333 0.028333333333333332 0.07916666666666666
0 0.5158333333333334 0.8375 0.016666666666666666 0.07083333333333333
0 0.4875 0.8133333333333334 0.02666666666666667 0.1
0 0.4683333333333333 0.7641666666666667 0.04833333333333333 0.07333333333333333
0 0.5108333333333334 0.7541666666666667 0.0225 0.10416666666666667
0 0.5233333333333333 0.695 0.018333333333333333 0.08833333333333333
0 0.54 0.6466666666666666 0.03166666666666667 0.09166666666666666