0 0.17833333333333334 0.4866666666666667 0.034166666666666665 0.059166666666666666
0 0.2708333333333333 0.4691666666666667 0.034166666666666665 0.06916666666666667
0 0.7675 0.4066666666666667 0.030833333333333334 0.05
0 0.8341666666666666 0.38416666666666666 0.03 0.049166666666666664
0 0.9658333333333333 0.37166666666666665 0.029166666666666667 0.08333333333333333
0 0.4175 0.3675 0.03916666666666667 0.0375
0 0.8591666666666666 0.365 0.051666666666666666 0.059166666666666666
0 0.8483333333333334 0.36333333333333334 0.05333333333333334 0.06333333333333334
0 0.44666666666666666 0.35333333333333333 0.03166666666666667 0.0475
0 0.42083333333333334 0.3441666666666667 0.03916666666666667 0.04666666666666667
0 0.8691666666666666 0.33416666666666667 0.034166666666666665 0.043333333333333335
0 0.3908333333333333 0.3325 0.04083333333333333 0.04583333333333333
0 0.8391666666666666 0.31583333333333335 0.0375 0.051666666666666666
0 0.8141666666666667 0.315 0.024166666666666666 0.075
0 0.42916666666666664 0.31333333333333335 0.04416666666666667 0.045
0 0.8483333333333334 0.30583333333333335 0.03916666666666667 0.025833333333333333
0 0.37666666666666665 0.2916666666666667 0.04416666666666667 0.04083333333333333
0 0.8383333333333334 0.2866666666666667 0.04 0.029166666666666667
0 0.855 0.2783333333333333 0.0425 0.035833333333333335
0 0.8141666666666667 0.27 0.05416666666666667 0.03916666666666667
0 0.9741666666666666 0.26916666666666667 0.03333333333333333 0.065
0 0.8466666666666667 0.25416666666666665 0.043333333333333335 0.023333333333333334
0 0.8383333333333334 0.23333333333333334 0.03166666666666667 0.025
0 0.99 0.20333333333333334 0.016666666666666666 0.056666666666666664
0 0.21 0.19083333333333333 0.03666666666666667 0.04666666666666667
0 0.24666666666666667 0.18833333333333332 0.03833333333333333 0.05
0 0.18166666666666667 0.9283333333333333 0.025833333333333333 0.059166666666666666
0 0.22833333333333333 0.15 0.034166666666666665 0.04666666666666667
0 0.15833333333333333 0.9241666666666667 0.03833333333333333 0.045
0 0.22916666666666666 0.12583333333333332 0.03 0.030833333333333334
0 0.125 0.9191666666666667 0.035 0.09
0 0.22333333333333333 0.043333333333333335 0.02666666666666667 0.0725
0 0.37833333333333335 0.9008333333333334 0.020833333333333332 0.08833333333333333
0 0.155 0.8933333333333333 0.025 0.06166666666666667
0 0.041666666666666664 0.8783333333333333 0.04833333333333333 0.07
0 0.17666666666666667 0.8633333333333333 0.024166666666666666 0.06666666666666667
0 0.8416666666666667 0.8575 0.04833333333333333 0.049166666666666664
0 0.16416666666666666 0.8441666666666666 0.023333333333333334 0.06166666666666667
0 0.825 0.8241666666666667 0.0475 0.04583333333333333
0 0.12 0.985 0.05333333333333334 0.02666666666666667
0 0.17083333333333334 0.8108333333333333 0.02 0.056666666666666664
0 0.19416666666666665 0.7925 0.019166666666666665 0.07583333333333334
0 0.15083333333333335 0.7825 0.025833333333333333 0.06833333333333333
0 0.18 0.7575 0.02 0.07333333333333333
0 0.89 0.7516666666666667 0.035833333333333335 0.0675
0 0.15333333333333332 0.7508333333333334 0.0325 0.08416666666666667
0 0.165 0.7458333333333333 0.019166666666666665 0.06583333333333333
0 0.185 0.7208333333333333 0.034166666666666665 0.0525
0 0.4525 0.715 0.043333333333333335 0.035833333333333335
0 0.2075 0.7141666666666666 0.034166666666666665 0.04666666666666667
0 0.165 0.7083333333333334 0.025 0.060833333333333336
0 0.455 0.6925 0.0225 0.04083333333333333
0 0.44583333333333336 0.6866666666666666 0.03666666666666667 0.059166666666666666
0 0.17666666666666667 0.6858333333333333 0.035 0.034166666666666665
0 0.15083333333333335 0.6783333333333333 0.018333333333333333 0.04416666666666667
0 0.19666666666666666 0.6766666666666666 0.04416666666666667 0.04583333333333333
0 0.21583333333333332 0.66 0.035833333333333335 0.03833333333333333
0 0.16083333333333333 0.6566666666666666 0.03666666666666667 0.04083333333333333
0 0.19083333333333333 0.6541666666666667 0.020833333333333332 0.020833333333333332
0 0.47 0.6441666666666667 0.02666666666666667 0.058333333333333334
0 0.1675 0.64 0.04083333333333333 0.04666666666666667
0 0.12 0.9741666666666666 0.04666666666666667 0.04833333333333333
0 0.18583333333333332 0.6358333333333334 0.035 0.03333333333333333
0 0.4575 0.6283333333333333 0.028333333333333332 0.06916666666666667
0 0.19583333333333333 0.6066666666666667 0.03833333333333333 0.028333333333333332
0 0.17416666666666666 0.6025 0.028333333333333332 0.049166666666666664
0 0.1475 0.595 0.0225 0.08166666666666667
0 0.16666666666666666 0.5825 0.028333333333333332 0.06666666666666667
0 0.41583333333333333 0.5708333333333333 0.0375 0.03833333333333333
0 0.155 0.5483333333333333 0.023333333333333334 0.06666666666666667
0 0.17666666666666667 0.5316666666666666 0.03166666666666667 0.06166666666666667