0 0.6175 0.495 0.0175 0.05583333333333333
0 0.6408333333333334 0.4866666666666667 0.03 0.05583333333333333
0 0.5958333333333333 0.4716666666666667 0.0175 0.08166666666666667
0 0.5825 0.4666666666666667 0.021666666666666667 0.08916666666666667
0 0.6058333333333333 0.4608333333333333 0.0175 0.08333333333333333
0 0.6233333333333333 0.45 0.015 0.0725
0 0.5158333333333334 0.44 0.02666666666666667 0.06666666666666667
0 0.47833333333333333 0.43 0.0275 0.055
0 0.5308333333333334 0.4266666666666667 0.024166666666666666 0.07
0 0.505 0.42 0.015833333333333335 0.05333333333333334
0 0.6116666666666667 0.4075 0.016666666666666666 0.06666666666666667
0 0.48083333333333333 0.4008333333333333 0.025833333333333333 0.07166666666666667
0 0.49916666666666665 0.39416666666666667 0.019166666666666665 0.08833333333333333
0 0.5833333333333334 0.39166666666666666 0.019166666666666665 0.08333333333333333
0 0.47 0.38916666666666666 0.021666666666666667 0.08083333333333333
0 0.5316666666666666 0.3875 0.02666666666666667 0.0575
0 0.5225 0.36666666666666664 0.016666666666666666 0.06833333333333333
0 0.45916666666666667 0.36083333333333334 0.016666666666666666 0.07083333333333333
0 0.495 0.36 0.02 0.085
0 0.59 0.3575 0.019166666666666665 0.08583333333333333
0 0.53 0.345 0.014166666666666666 0.056666666666666664
0 0.5383333333333333 0.3283333333333333 0.0175 0.07166666666666667
0 0.4558333333333333 0.3233333333333333 0.015 0.085
0 0.47 0.32083333333333336 0.018333333333333333 0.06916666666666667
0 0.5958333333333333 0.32083333333333336 0.015833333333333335 0.07666666666666666
0 0.5733333333333334 0.31916666666666665 0.024166666666666666 0.07166666666666667
0 0.48583333333333334 0.31333333333333335 0.025 0.0625
0 0.5583333333333333 0.28583333333333333 0.028333333333333332 0.07666666666666666
0 0.47 0.2841666666666667 0.020833333333333332 0.051666666666666666
0 0.58 0.2775 0.02 0.07
0 0.49 0.2683333333333333 0.030833333333333334 0.05333333333333334
0 0.465 0.25 0.019166666666666665 0.07916666666666666
0 0.5008333333333334 0.22416666666666665 0.03333333333333333 0.059166666666666666
0 0.485 0.22333333333333333 0.024166666666666666 0.07833333333333334
0 0.4841666666666667 0.20083333333333334 0.024166666666666666 0.08333333333333333
0 0.4575 0.19833333333333333 0.0275 0.07333333333333333
0 0.5041666666666667 0.19666666666666666 0.024166666666666666 0.07666666666666666
0 0.47833333333333333 0.16833333333333333 0.024166666666666666 0.07833333333333334
0 0.4625 0.14666666666666667 0.020833333333333332 0.05583333333333333
0 0.5 0.13583333333333333 0.024166666666666666 0.0775
0 0.49166666666666664 0.095 0.030833333333333334 0.07833333333333334
0 0.5166666666666667 0.06166666666666667 0.03166666666666667 0.07833333333333334
0 0.5175 0.01 0.0275 0.018333333333333333
0 0.5733333333333334 0.84 0.04 0.034166666666666665
0 0.6133333333333333 0.8266666666666667 0.035833333333333335 0.034166666666666665
0 0.3616666666666667 0.8266666666666667 0.02666666666666667 0.06166666666666667
0 0.5608333333333333 0.8258333333333333 0.0425 0.029166666666666667
0 0.31 0.82 0.016666666666666666 0.065
0 0.3325 0.82 0.025 0.055
0 0.42333333333333334 0.8158333333333333 0.035 0.03166666666666667
0 0.5991666666666666 0.815 0.0375 0.030833333333333334
0 0.39416666666666667 0.8033333333333333 0.034166666666666665 0.0425
0 0.37666666666666665 0.8016666666666666 0.035833333333333335 0.06416666666666666
0 0.57 0.7991666666666667 0.041666666666666664 0.035833333333333335
0 0.3591666666666667 0.7958333333333333 0.023333333333333334 0.06
0 0.6 0.7925 0.03666666666666667 0.0375
0 0.43583333333333335 0.7891666666666667 0.0425 0.0275
0 0.3925 0.7833333333333333 0.035 0.04083333333333333
0 0.3383333333333333 0.7791666666666667 0.025833333333333333 0.06416666666666666
0 0.31833333333333336 0.7783333333333333 0.0175 0.085
0 0.4241666666666667 0.7733333333333333 0.0325 0.056666666666666664
0 0.4691666666666667 0.7666666666666667 0.034166666666666665 0.035833333333333335
0 0.855 0.7641666666666667 0.02 0.06
0 0.4533333333333333 0.7608333333333334 0.03333333333333333 0.03916666666666667
0 0.5116666666666667 0.7416666666666667 0.0225 0.0775
0 0.8375 0.7416666666666667 0.024166666666666666 0.08
0 0.5358333333333334 0.7375 0.021666666666666667 0.050833333333333335
0 0.2808333333333333 0.7358333333333333 0.0225 0.08166666666666667
0 0.4841666666666667 0.73 0.043333333333333335 0.04666666666666667
0 0.29833333333333334 0.7241666666666666 0.020833333333333332 0.08416666666666667
0 0.5575 0.7158333333333333 0.034166666666666665 0.029166666666666667
0 0.575 0.7083333333333334 0.020833333333333332 0.0425
0 0.565 0.6866666666666666 0.03916666666666667 0.049166666666666664
0 0.9691666666666666 0.675 0.0275 0.03
0 0.2941666666666667 0.6633333333333333 0.015833333333333335 0.04833333333333333
0 0.515 0.6616666666666666 0.0275 0.060833333333333336
0 0.5983333333333334 0.6616666666666666 0.025 0.043333333333333335
0 0.5633333333333334 0.6583333333333333 0.025 0.06166666666666667
0 0.5866666666666667 0.6466666666666666 0.024166666666666666 0.045
0 0.9816666666666667 0.64 0.019166666666666665 0.043333333333333335
0 0.305 0.6366666666666667 0.019166666666666665 0.07666666666666666
0 0.5333333333333333 0.6216666666666667 0.020833333333333332 0.05
0 0.2816666666666667 0.6183333333333333 0.03 0.050833333333333335
0 0.5891666666666666 0.6108333333333333 0.024166666666666666 0.05416666666666667
0 0.5716666666666667 0.61 0.024166666666666666 0.06
0 0.61 0.6033333333333334 0.0225 0.06416666666666666
0 0.2808333333333333 0.585 0.049166666666666664 0.034166666666666665
0 0.8233333333333334 0.5833333333333334 0.03916666666666667 0.04416666666666667
0 0.6366666666666667 0.5783333333333334 0.028333333333333332 0.0525
0 0.5941666666666666 0.5733333333333334 0.02666666666666667 0.050833333333333335
0 0.5666666666666667 0.5683333333333334 0.018333333333333333 0.07666666666666666
0 0.635 0.5641666666666667 0.024166666666666666 0.05
0 0.6208333333333333 0.5483333333333333 0.021666666666666667 0.07416666666666667
0 0.5866666666666667 0.5425 0.018333333333333333 0.06833333333333333
0 0.5966666666666667 0.5358333333333334 0.018333333333333333 0.058333333333333334
0 0.6383333333333333 0.5183333333333333 0.021666666666666667 0.05
0 0.8508333333333333 0.9516666666666667 0.02666666666666667 0.04583333333333333
0 0.6108333333333333 0.515 0.015 0.06333333333333334
0 0.5758333333333333 0.5133333333333333 0.015 0.0675