0 0.5766666666666667 0.4766666666666667 0.03333333333333333 0.03
0 0.5741666666666667 0.49583333333333335 0.04083333333333333 0.03
0 0.5433333333333333 0.4975 0.0375 0.043333333333333335
0 0.5091666666666667 0.5116666666666667 0.025833333333333333 0.0725
0 0.5191666666666667 0.515 0.028333333333333332 0.051666666666666666
0 0.24666666666666667 0.5183333333333333 0.02 0.08083333333333333
0 0.5783333333333334 0.5266666666666666 0.030833333333333334 0.050833333333333335
0 0.53 0.5275 0.019166666666666665 0.055
0 0.565 0.5358333333333334 0.035 0.05
0 0.5483333333333333 0.5408333333333334 0.020833333333333332 0.06583333333333333
0 0.5383333333333333 0.555 0.016666666666666666 0.0625
0 0.5108333333333334 0.575 0.020833333333333332 0.07916666666666666
0 0.5308333333333334 0.5791666666666667 0.019166666666666665 0.0725
0 0.5608333333333333 0.5841666666666666 0.016666666666666666 0.06833333333333333
0 0.5458333333333333 0.5875 0.011666666666666667 0.058333333333333334
0 0.5233333333333333 0.5883333333333334 0.015 0.0775
0 0.5533333333333333 0.6091666666666666 0.015 0.06166666666666667
0 0.48583333333333334 0.6316666666666667 0.02 0.07166666666666667
0 0.5141666666666667 0.6383333333333333 0.0175 0.0725
0 0.5283333333333333 0.6441666666666667 0.02 0.06666666666666667
0 0.5425 0.6441666666666667 0.015833333333333335 0.07083333333333333
0 0.5583333333333333 0.6508333333333334 0.016666666666666666 0.07416666666666667
0 0.4525 0.6633333333333333 0.015833333333333335 0.056666666666666664
0 0.5 0.6741666666666667 0.0125 0.07833333333333334
0 0.5191666666666667 0.6891666666666667 0.016666666666666666 0.07583333333333334
0 0.5316666666666666 0.6908333333333333 0.015 0.07583333333333334
0 0.5516666666666666 0.7166666666666667 0.02 0.0825
0 0.4741666666666667 0.7175 0.029166666666666667 0.06166666666666667
0 0.5083333333333333 0.7183333333333334 0.015 0.06916666666666667
0 0.4525 0.7208333333333333 0.029166666666666667 0.06666666666666667
0 0.5433333333333333 0.725 0.020833333333333332 0.08
0 0.5291666666666667 0.7408333333333333 0.028333333333333332 0.03916666666666667
0 0.5358333333333334 0.7625 0.03833333333333333 0.04833333333333333
0 0.48833333333333334 0.77 0.03333333333333333 0.06416666666666666
0 0.4625 0.7716666666666666 0.0175 0.06166666666666667
0 0.5233333333333333 0.7766666666666666 0.030833333333333334 0.060833333333333336
0 0.5075 0.7891666666666667 0.035 0.065
0 0.5491666666666667 0.7991666666666667 0.023333333333333334 0.045
0 0.49083333333333334 0.8016666666666666 0.028333333333333332 0.06
0 0.47833333333333333 0.8158333333333333 0.028333333333333332 0.06583333333333333
0 0.5241666666666667 0.8333333333333334 0.03166666666666667 0.04833333333333333
0 0.555 0.8366666666666667 0.034166666666666665 0.035
0 0.5075 0.8441666666666666 0.028333333333333332 0.03833333333333333
0 0.5525 0.8508333333333333 0.03333333333333333 0.03333333333333333
0 0.4841666666666667 0.86 0.029166666666666667 0.06583333333333333
0 0.5158333333333334 0.8708333333333333 0.024166666666666666 0.0375
0 0.5116666666666667 0.875 0.03 0.06166666666666667
0 0.4791666666666667 0.8833333333333333 0.0175 0.0675
0 0.5008333333333334 0.905 0.03 0.03833333333333333
0 0.5358333333333334 0.9258333333333333 0.029166666666666667 0.060833333333333336
0 0.5125 0.9308333333333333 0.03833333333333333 0.04083333333333333
0 0.49833333333333335 0.9366666666666666 0.03333333333333333 0.04583333333333333
0 0.545 0.965 0.035 0.04833333333333333
0 0.52 0.9733333333333334 0.04 0.0375
0 0.9216666666666666 0.09416666666666666 0.04416666666666667 0.04083333333333333
0 0.5533333333333333 0.9858333333333333 0.03333333333333333 0.0275
0 0.735 0.11833333333333333 0.02 0.07333333333333333
0 0.7183333333333334 0.13666666666666666 0.0275 0.08
0 0.8541666666666666 0.16416666666666666 0.025833333333333333 0.03
0 0.5441666666666667 0.1825 0.0375 0.045
0 0.4766666666666667 0.18583333333333332 0.041666666666666664 0.0425
0 0.8508333333333333 0.18666666666666668 0.035833333333333335 0.0675
0 0.51 0.20333333333333334 0.035 0.045
0 0.54 0.21666666666666667 0.035 0.03333333333333333
0 0.525 0.23 0.0375 0.055
0 0.5608333333333333 0.245 0.0425 0.0325
0 0.2708333333333333 0.27166666666666667 0.0275 0.030833333333333334
0 0.4125 0.2833333333333333 0.03833333333333333 0.043333333333333335
0 0.29583333333333334 0.2866666666666667 0.03916666666666667 0.02666666666666667
0 0.2675 0.2966666666666667 0.034166666666666665 0.028333333333333332
0 0.2475 0.29833333333333334 0.030833333333333334 0.06166666666666667
0 0.385 0.29833333333333334 0.041666666666666664 0.03166666666666667
0 0.22833333333333333 0.30083333333333334 0.02 0.06333333333333334
0 0.25416666666666665 0.31166666666666665 0.023333333333333334 0.021666666666666667
0 0.4241666666666667 0.31166666666666665 0.03916666666666667 0.028333333333333332
0 0.7275 0.315 0.035833333333333335 0.058333333333333334
0 0.4525 0.31666666666666665 0.03 0.051666666666666666
0 0.47583333333333333 0.3175 0.03833333333333333 0.029166666666666667
0 0.4025 0.325 0.03333333333333333 0.04083333333333333
0 0.21916666666666668 0.3333333333333333 0.029166666666666667 0.06166666666666667
0 0.4325 0.3408333333333333 0.03666666666666667 0.043333333333333335
0 0.49416666666666664 0.3425 0.029166666666666667 0.03666666666666667
0 0.48333333333333334 0.3441666666666667 0.03666666666666667 0.0425
0 0.4525 0.3466666666666667 0.020833333333333332 0.07
0 0.4825 0.3625 0.03 0.05416666666666667
0 0.47 0.3675 0.020833333333333332 0.05416666666666667
0 0.7433333333333333 0.0325 0.029166666666666667 0.03666666666666667
0 0.21333333333333335 0.37333333333333335 0.023333333333333334 0.06666666666666667
0 0.5275 0.37583333333333335 0.03 0.041666666666666664
0 0.505 0.37916666666666665 0.028333333333333332 0.03166666666666667
0 0.49166666666666664 0.395 0.030833333333333334 0.03166666666666667
0 0.5058333333333334 0.4033333333333333 0.024166666666666666 0.045
0 0.2075 0.4066666666666667 0.024166666666666666 0.06916666666666667
0 0.535 0.4091666666666667 0.028333333333333332 0.06
0 0.5258333333333334 0.415 0.025 0.0575
0 0.225 0.41833333333333333 0.015833333333333335 0.05416666666666667
0 0.5541666666666667 0.42583333333333334 0.018333333333333333 0.045
0 0.57 0.44083333333333335 0.02 0.06
0 0.55 0.45666666666666667 0.034166666666666665 0.05583333333333333
0 0.23416666666666666 0.4708333333333333 0.025 0.0725