0 0.515 0.4725 0.03833333333333333 0.03833333333333333
0 0.5416666666666666 0.4741666666666667 0.03666666666666667 0.043333333333333335
0 0.6016666666666667 0.475 0.035833333333333335 0.04833333333333333
0 0.6225 0.475 0.04 0.04
0 0.4575 0.47583333333333333 0.03666666666666667 0.06
0 0.435 0.4766666666666667 0.035833333333333335 0.03916666666666667
0 0.7316666666666667 0.49 0.030833333333333334 0.07166666666666667
0 0.48083333333333333 0.49416666666666664 0.021666666666666667 0.030833333333333334
0 0.7208333333333333 0.49583333333333335 0.02 0.07166666666666667
0 0.5425 0.49666666666666665 0.03666666666666667 0.029166666666666667
0 0.5066666666666667 0.49833333333333335 0.0425 0.035833333333333335
0 0.755 0.5016666666666667 0.023333333333333334 0.07583333333333334
0 0.6033333333333334 0.5041666666666667 0.04583333333333333 0.035833333333333335
0 0.635 0.5058333333333334 0.035833333333333335 0.035
0 0.43083333333333335 0.5108333333333334 0.04 0.034166666666666665
0 0.46166666666666667 0.5266666666666666 0.041666666666666664 0.06916666666666667
0 0.7341666666666666 0.5341666666666667 0.02666666666666667 0.06
0 0.6366666666666667 0.535 0.0325 0.04583333333333333
0 0.6233333333333333 0.545 0.03 0.055
0 0.45166666666666666 0.5641666666666667 0.019166666666666665 0.0725
0 0.4741666666666667 0.5783333333333334 0.034166666666666665 0.07583333333333334
0 0.6566666666666666 0.5816666666666667 0.03166666666666667 0.0625
0 0.7016666666666667 0.5875 0.015 0.051666666666666666
0 0.6416666666666667 0.595 0.034166666666666665 0.059166666666666666
0 0.4691666666666667 0.6 0.019166666666666665 0.06416666666666666
0 0.46 0.6225 0.015833333333333335 0.065
0 0.49666666666666665 0.6383333333333333 0.0425 0.04666666666666667
0 0.6608333333333334 0.6475 0.015833333333333335 0.08166666666666667
0 0.4725 0.6525 0.014166666666666666 0.0625
0 0.48833333333333334 0.6625 0.025833333333333333 0.060833333333333336
0 0.645 0.6683333333333333 0.024166666666666666 0.07833333333333334
0 0.43583333333333335 0.6733333333333333 0.018333333333333333 0.0825
0 0.4608333333333333 0.6758333333333333 0.016666666666666666 0.06416666666666666
0 0.67 0.6833333333333333 0.0175 0.0825
0 0.5075 0.685 0.020833333333333332 0.06666666666666667
0 0.4825 0.6941666666666667 0.016666666666666666 0.07666666666666666
0 0.5225 0.6958333333333333 0.023333333333333334 0.056666666666666664
0 0.4266666666666667 0.7025 0.015833333333333335 0.09
0 0.4483333333333333 0.7241666666666666 0.0175 0.08416666666666667
0 0.41 0.7258333333333333 0.0175 0.08
0 0.465 0.7491666666666666 0.019166666666666665 0.09
0 0.435 0.7508333333333334 0.016666666666666666 0.07833333333333334
0 0.4225 0.7783333333333333 0.019166666666666665 0.08083333333333333
0 0.45 0.7833333333333333 0.0175 0.06583333333333333
0 0.405 0.7866666666666666 0.0175 0.06916666666666667
0 0.43916666666666665 0.8141666666666667 0.016666666666666666 0.06916666666666667
0 0.4275 0.8266666666666667 0.02 0.08333333333333333
0 0.8883333333333333 0.935 0.0475 0.03333333333333333
0 0.9366666666666666 0.9708333333333333 0.03333333333333333 0.0575
0 0.8408333333333333 0.9933333333333333 0.041666666666666664 0.0125
0 0.495 0.15583333333333332 0.0275 0.06
0 0.49083333333333334 0.185 0.015833333333333335 0.04666666666666667
0 0.47583333333333333 0.19833333333333333 0.03166666666666667 0.06583333333333333
0 0.515 0.21916666666666668 0.03333333333333333 0.06
0 0.37083333333333335 0.225 0.034166666666666665 0.035833333333333335
0 0.4058333333333333 0.23333333333333334 0.0275 0.029166666666666667
0 0.3433333333333333 0.24333333333333335 0.03666666666666667 0.04833333333333333
0 0.51 0.25083333333333335 0.023333333333333334 0.0625
0 0.5383333333333333 0.2525 0.03916666666666667 0.035833333333333335
0 0.38416666666666666 0.25583333333333336 0.0375 0.03666666666666667
0 0.4191666666666667 0.2608333333333333 0.04 0.029166666666666667
0 0.375 0.2633333333333333 0.03166666666666667 0.05583333333333333
0 0.3475 0.2783333333333333 0.025833333333333333 0.06833333333333333
0 0.3566666666666667 0.2833333333333333 0.025 0.0625
0 0.5375 0.2833333333333333 0.03916666666666667 0.050833333333333335
0 0.4175 0.285 0.0425 0.028333333333333332
0 0.48333333333333334 0.2875 0.03916666666666667 0.03833333333333333
0 0.51 0.29 0.034166666666666665 0.029166666666666667
0 0.37666666666666665 0.29083333333333333 0.0325 0.06
0 0.40166666666666667 0.29583333333333334 0.03166666666666667 0.03166666666666667
0 0.43916666666666665 0.29583333333333334 0.043333333333333335 0.0425
0 0.575 0.3025 0.034166666666666665 0.03166666666666667
0 0.45166666666666666 0.30916666666666665 0.03916666666666667 0.024166666666666666
0 0.49083333333333334 0.31 0.04 0.03916666666666667
0 0.5516666666666666 0.3125 0.03833333333333333 0.0275
0 0.5175 0.31666666666666665 0.034166666666666665 0.029166666666666667
0 0.44583333333333336 0.32666666666666666 0.04666666666666667 0.03166666666666667
0 0.4125 0.33 0.04 0.04
0 0.3933333333333333 0.3358333333333333 0.034166666666666665 0.03333333333333333
0 0.545 0.3358333333333333 0.04583333333333333 0.035
0 0.49 0.33666666666666667 0.045 0.03833333333333333
0 0.41333333333333333 0.3625 0.043333333333333335 0.03333333333333333
0 0.5058333333333334 0.365 0.043333333333333335 0.03833333333333333
0 0.45416666666666666 0.37416666666666665 0.0325 0.06583333333333333
0 0.9216666666666666 0.40166666666666667 0.03666666666666667 0.07666666666666666
0 0.7033333333333334 0.4033333333333333 0.03333333333333333 0.07166666666666667
0 0.4058333333333333 0.42 0.04 0.041666666666666664
0 0.44 0.4216666666666667 0.03833333333333333 0.04083333333333333
0 0.5991666666666666 0.425 0.0375 0.03333333333333333
0 0.4775 0.43 0.04666666666666667 0.0375
0 0.5458333333333333 0.43916666666666665 0.03666666666666667 0.04
0 0.5216666666666666 0.44 0.03333333333333333 0.058333333333333334
0 0.5858333333333333 0.44166666666666665 0.0475 0.0325
0 0.49583333333333335 0.4425 0.0375 0.03666666666666667
0 0.9475 0.44666666666666666 0.03166666666666667 0.0725
0 0.42083333333333334 0.44666666666666666 0.041666666666666664 0.030833333333333334
0 0.4583333333333333 0.45 0.041666666666666664 0.0375
0 0.4033333333333333 0.455 0.04 0.03833333333333333
0 0.7075 0.45916666666666667 0.024166666666666666 0.08166666666666667
0 0.7358333333333333 0.4625 0.029166666666666667 0.0725
0 0.48333333333333334 0.47 0.04 0.0325
0 0.5733333333333334 0.47 0.04083333333333333 0.03166666666666667