0 0.5491666666666667 0.5075 0.03166666666666667 0.059166666666666666
0 0.5666666666666667 0.4775 0.03916666666666667 0.035
0 0.5475 0.4708333333333333 0.015833333333333335 0.0425
0 0.5725 0.4191666666666667 0.02 0.07333333333333333
0 0.1225 0.7525 0.0575 0.04666666666666667
0 0.5283333333333333 0.7275 0.041666666666666664 0.03666666666666667
0 0.4716666666666667 0.7208333333333333 0.041666666666666664 0.035
0 0.42333333333333334 0.7116666666666667 0.0475 0.04583333333333333
0 0.185 0.6983333333333334 0.03333333333333333 0.08083333333333333
0 0.5525 0.6841666666666667 0.0325 0.07333333333333333
0 0.535 0.6741666666666667 0.025 0.07
0 0.24166666666666667 0.665 0.049166666666666664 0.0425
0 0.49583333333333335 0.6566666666666666 0.0175 0.06583333333333333
0 0.315 0.6558333333333334 0.04416666666666667 0.03666666666666667
0 0.5233333333333333 0.6516666666666666 0.020833333333333332 0.08083333333333333
0 0.24583333333333332 0.63 0.05 0.0475
0 0.545 0.6275 0.02 0.08
0 0.30583333333333335 0.6225 0.030833333333333334 0.035
0 0.4725 0.615 0.03833333333333333 0.04833333333333333
0 0.3325 0.6075 0.041666666666666664 0.034166666666666665
0 0.5283333333333333 0.6016666666666667 0.02 0.07583333333333334
0 0.5525 0.59 0.025 0.08
0 0.49583333333333335 0.58 0.0425 0.05
0 0.5591666666666667 0.5675 0.025833333333333333 0.07583333333333334