0 0.38333333333333336 0.45666666666666667 0.02 0.07416666666666667
0 0.5458333333333333 0.4625 0.035 0.07833333333333334
0 0.5025 0.465 0.0475 0.03833333333333333
0 0.4191666666666667 0.4725 0.04 0.051666666666666666
0 0.405 0.475 0.03666666666666667 0.055
0 0.44333333333333336 0.47833333333333333 0.035833333333333335 0.051666666666666666
0 0.48583333333333334 0.48833333333333334 0.0525 0.03166666666666667
0 0.41083333333333333 0.5075 0.043333333333333335 0.03166666666666667
0 0.3725 0.5075 0.04083333333333333 0.045
0 0.5916666666666667 0.51 0.03 0.065
0 0.575 0.5116666666666667 0.04 0.0425
0 0.48333333333333334 0.5141666666666667 0.0425 0.0375
0 0.5191666666666667 0.5158333333333334 0.0325 0.05333333333333334
0 0.4508333333333333 0.5233333333333333 0.0425 0.058333333333333334
0 0.47333333333333333 0.5291666666666667 0.03916666666666667 0.056666666666666664
0 0.3625 0.5375 0.04083333333333333 0.04666666666666667
0 0.41333333333333333 0.5383333333333333 0.0425 0.049166666666666664
0 0.43083333333333335 0.5391666666666667 0.03833333333333333 0.04083333333333333
0 0.30583333333333335 0.5433333333333333 0.04 0.056666666666666664
0 0.5208333333333334 0.545 0.0325 0.030833333333333334
0 0.3983333333333333 0.5491666666666667 0.0375 0.041666666666666664
0 0.5408333333333334 0.5583333333333333 0.04583333333333333 0.051666666666666666
0 0.33666666666666667 0.5583333333333333 0.03916666666666667 0.041666666666666664
0 0.3625 0.56 0.04 0.0425
0 0.2866666666666667 0.5691666666666667 0.045 0.043333333333333335
0 0.4558333333333333 0.57 0.034166666666666665 0.04666666666666667
0 0.485 0.5775 0.043333333333333335 0.041666666666666664
0 0.5391666666666667 0.58 0.04583333333333333 0.050833333333333335
0 0.43583333333333335 0.5808333333333333 0.04666666666666667 0.045
0 0.4125 0.5825 0.04833333333333333 0.051666666666666666
0 0.3983333333333333 0.5866666666666667 0.035833333333333335 0.05333333333333334
0 0.38666666666666666 0.5908333333333333 0.03833333333333333 0.04833333333333333
0 0.3675 0.5941666666666666 0.03333333333333333 0.03833333333333333
0 0.29333333333333333 0.6008333333333333 0.035833333333333335 0.0375
0 0.5091666666666667 0.6025 0.03916666666666667 0.0325
0 0.4716666666666667 0.6025 0.03166666666666667 0.02666666666666667
0 0.32166666666666666 0.6116666666666667 0.035833333333333335 0.05583333333333333
0 0.5475 0.615 0.0425 0.025
0 0.495 0.625 0.035833333333333335 0.03166666666666667
0 0.3775 0.6275 0.045 0.04083333333333333
0 0.405 0.6283333333333333 0.0375 0.04083333333333333
0 0.43166666666666664 0.63 0.043333333333333335 0.04833333333333333
0 0.5325 0.6325 0.043333333333333335 0.029166666666666667
0 0.4725 0.6341666666666667 0.04583333333333333 0.0325
0 0.3566666666666667 0.635 0.04416666666666667 0.0525
0 0.30416666666666664 0.635 0.0375 0.03916666666666667
0 0.5216666666666666 0.6533333333333333 0.0425 0.029166666666666667
0 0.3416666666666667 0.655 0.03833333333333333 0.034166666666666665
0 0.29833333333333334 0.66 0.0325 0.041666666666666664
0 0.445 0.6616666666666666 0.0425 0.03166666666666667
0 0.4075 0.6658333333333334 0.035 0.05
0 0.365 0.6658333333333334 0.04083333333333333 0.03916666666666667
0 0.32416666666666666 0.67 0.034166666666666665 0.03916666666666667
0 0.37666666666666665 0.6758333333333333 0.030833333333333334 0.03833333333333333
0 0.3458333333333333 0.6966666666666667 0.04083333333333333 0.03
0 0.31416666666666665 0.6975 0.045 0.051666666666666666
0 0.2925 0.7016666666666667 0.03916666666666667 0.04666666666666667
0 0.3875 0.7025 0.04083333333333333 0.03
0 0.35833333333333334 0.7141666666666666 0.03666666666666667 0.029166666666666667
0 0.4116666666666667 0.7208333333333333 0.043333333333333335 0.03833333333333333
0 0.26166666666666666 0.7258333333333333 0.0375 0.051666666666666666
0 0.33666666666666667 0.7316666666666667 0.03666666666666667 0.03166666666666667
0 0.375 0.7366666666666667 0.04083333333333333 0.0325
0 0.3408333333333333 0.755 0.035833333333333335 0.04083333333333333
0 0.31416666666666665 0.7575 0.035833333333333335 0.03333333333333333
0 0.2658333333333333 0.7616666666666667 0.04416666666666667 0.03666666666666667
0 0.29 0.7741666666666667 0.0475 0.034166666666666665
0 0.33666666666666667 0.8008333333333333 0.0425 0.035833333333333335
0 0.25166666666666665 0.805 0.03333333333333333 0.06583333333333333
0 0.25916666666666666 0.8516666666666667 0.0425 0.04416666666666667
0 0.18166666666666667 0.09916666666666667 0.03333333333333333 0.06833333333333333
0 0.1425 0.12916666666666668 0.0525 0.050833333333333335
0 0.2175 0.13583333333333333 0.05 0.03
0 0.6425 0.1625 0.019166666666666665 0.08416666666666667
0 0.19833333333333333 0.16583333333333333 0.050833333333333335 0.03666666666666667
0 0.1275 0.18 0.03833333333333333 0.06583333333333333
0 0.08166666666666667 0.18916666666666668 0.051666666666666666 0.051666666666666666
0 0.44 0.19 0.04416666666666667 0.050833333333333335
0 0.1 0.19916666666666666 0.029166666666666667 0.05333333333333334
0 0.3983333333333333 0.2075 0.041666666666666664 0.05
0 0.6266666666666667 0.21166666666666667 0.020833333333333332 0.08916666666666667
0 0.44166666666666665 0.21333333333333335 0.0325 0.03916666666666667
0 0.395 0.22666666666666666 0.034166666666666665 0.06333333333333334
0 0.6108333333333333 0.23916666666666667 0.0225 0.08
0 0.3591666666666667 0.25166666666666665 0.04666666666666667 0.03833333333333333
0 0.31416666666666665 0.275 0.041666666666666664 0.035
0 0.3908333333333333 0.2791666666666667 0.028333333333333332 0.0625
0 0.35833333333333334 0.2875 0.04833333333333333 0.03666666666666667
0 0.41 0.2966666666666667 0.029166666666666667 0.07583333333333334
0 0.07833333333333334 0.2975 0.020833333333333332 0.055
0 0.5916666666666667 0.30666666666666664 0.024166666666666666 0.059166666666666666
0 0.3233333333333333 0.30666666666666664 0.051666666666666666 0.034166666666666665
0 0.5783333333333334 0.315 0.025 0.0825
0 0.5808333333333333 0.36833333333333335 0.0225 0.08
0 0.5458333333333333 0.4 0.03916666666666667 0.049166666666666664
0 0.5366666666666666 0.4325 0.045 0.04833333333333333
0 0.565 0.43666666666666665 0.021666666666666667 0.060833333333333336