0 0.36083333333333334 0.5366666666666666 0.020833333333333332 0.08583333333333333
0 0.3125 0.535 0.035833333333333335 0.0375
0 0.75 0.5166666666666667 0.028333333333333332 0.06
0 0.2733333333333333 0.5025 0.019166666666666665 0.08416666666666667
0 0.3225 0.5 0.030833333333333334 0.041666666666666664
0 0.7025 0.49833333333333335 0.043333333333333335 0.04416666666666667
0 0.7216666666666667 0.4975 0.034166666666666665 0.05333333333333334
0 0.3016666666666667 0.49666666666666665 0.021666666666666667 0.07083333333333333
0 0.2925 0.48833333333333334 0.025833333333333333 0.07083333333333333
0 0.8308333333333333 0.9575 0.03333333333333333 0.0675
0 0.31916666666666665 0.48 0.030833333333333334 0.06833333333333333
0 0.6883333333333334 0.46166666666666667 0.035833333333333335 0.051666666666666666
0 0.28583333333333333 0.4558333333333333 0.015 0.06166666666666667
0 0.4041666666666667 0.4533333333333333 0.02 0.08416666666666667
0 0.31333333333333335 0.435 0.019166666666666665 0.060833333333333336
0 0.3 0.43083333333333335 0.020833333333333332 0.0725
0 0.285 0.41333333333333333 0.025 0.065
0 0.4175 0.4066666666666667 0.018333333333333333 0.0825
0 0.7091666666666666 0.38333333333333336 0.041666666666666664 0.05333333333333334
0 0.30916666666666665 0.36583333333333334 0.021666666666666667 0.07
0 0.40166666666666667 0.3616666666666667 0.023333333333333334 0.08666666666666667
0 0.49 0.35833333333333334 0.03 0.07333333333333333
0 0.765 0.335 0.0275 0.08666666666666667
0 0.28583333333333333 0.32416666666666666 0.02 0.08
0 0.31 0.3125 0.0225 0.06916666666666667
0 0.29583333333333334 0.30583333333333335 0.0175 0.08583333333333333
0 0.28 0.2575 0.025833333333333333 0.065
0 0.2891666666666667 0.22916666666666666 0.03166666666666667 0.08333333333333333
0 0.2633333333333333 0.2225 0.021666666666666667 0.0775
0 0.2775 0.18666666666666668 0.018333333333333333 0.0725
0 0.26666666666666666 0.145 0.02666666666666667 0.07083333333333333
0 0.7508333333333334 0.1375 0.029166666666666667 0.08333333333333333
0 0.7275 0.1175 0.02666666666666667 0.07416666666666667
0 0.7016666666666667 0.10583333333333333 0.0425 0.0725
0 0.2816666666666667 0.09333333333333334 0.035833333333333335 0.04666666666666667
0 0.6375 0.07833333333333334 0.03833333333333333 0.04416666666666667
0 0.6975 0.06666666666666667 0.030833333333333334 0.05333333333333334
0 0.7191666666666666 0.06583333333333333 0.03 0.0675
0 0.2866666666666667 0.056666666666666664 0.025 0.04583333333333333
0 0.31583333333333335 0.03166666666666667 0.030833333333333334 0.0625
0 0.2916666666666667 0.025833333333333333 0.03333333333333333 0.04833333333333333
0 0.6858333333333333 0.023333333333333334 0.03666666666666667 0.04583333333333333
0 0.8166666666666667 0.905 0.0375 0.0575
0 0.8125 0.8383333333333334 0.020833333333333332 0.07583333333333334
0 0.7875 0.7916666666666666 0.0175 0.0575
0 0.7083333333333334 0.79 0.035833333333333335 0.04666666666666667
0 0.7658333333333334 0.7858333333333334 0.0325 0.04666666666666667
0 0.7708333333333334 0.7633333333333333 0.024166666666666666 0.055
0 0.7975 0.7633333333333333 0.019166666666666665 0.0625
0 0.8333333333333334 0.9791666666666666 0.04 0.03833333333333333
0 0.23 0.7525 0.03666666666666667 0.05416666666666667
0 0.5933333333333334 0.7483333333333333 0.03666666666666667 0.0525
0 0.245 0.7383333333333333 0.0325 0.07
0 0.5691666666666667 0.7341666666666666 0.02666666666666667 0.0575
0 0.7508333333333334 0.7341666666666666 0.02666666666666667 0.06
0 0.7683333333333333 0.7225 0.03 0.058333333333333334
0 0.6191666666666666 0.7141666666666666 0.049166666666666664 0.04583333333333333
0 0.7225 0.7025 0.035 0.049166666666666664
0 0.7375 0.685 0.034166666666666665 0.043333333333333335
0 0.5566666666666666 0.6841666666666667 0.03833333333333333 0.04833333333333333
0 0.24916666666666668 0.6825 0.03833333333333333 0.04833333333333333
0 0.32083333333333336 0.6775 0.035833333333333335 0.03
0 0.7625 0.67 0.025 0.06333333333333334
0 0.785 0.6558333333333334 0.0225 0.045
0 0.5725 0.65 0.0425 0.059166666666666666
0 0.5475 0.65 0.04083333333333333 0.0325
0 0.6316666666666667 0.6466666666666666 0.04666666666666667 0.04666666666666667
0 0.25583333333333336 0.6416666666666667 0.0375 0.049166666666666664
0 0.6608333333333334 0.6308333333333334 0.04 0.0375
0 0.5216666666666666 0.6233333333333333 0.0325 0.02666666666666667
0 0.7741666666666667 0.6175 0.03 0.035833333333333335
0 0.29 0.615 0.034166666666666665 0.065
0 0.5408333333333334 0.615 0.03 0.0525
0 0.26666666666666666 0.6058333333333333 0.03916666666666667 0.055
0 0.6433333333333333 0.605 0.03916666666666667 0.03666666666666667
0 0.49833333333333335 0.595 0.035833333333333335 0.0475
0 0.5091666666666667 0.5875 0.03666666666666667 0.0475
0 0.8541666666666666 0.5858333333333333 0.04 0.05416666666666667
0 0.32 0.585 0.0375 0.065
0 0.7583333333333333 0.5841666666666666 0.043333333333333335 0.03916666666666667
0 0.7783333333333333 0.5833333333333334 0.018333333333333333 0.05583333333333333
0 0.8541666666666666 0.5675 0.028333333333333332 0.03333333333333333
0 0.305 0.5641666666666667 0.034166666666666665 0.03916666666666667
0 0.2791666666666667 0.5541666666666667 0.03166666666666667 0.0575
0 0.48083333333333333 0.5525 0.045 0.03833333333333333
0 0.7491666666666666 0.55 0.035833333333333335 0.05583333333333333