0 0.5066666666666667 0.8825 0.04583333333333333 0.135
0 0.5825 0.7833333333333333 0.056666666666666664 0.11666666666666667
0 0.13 0.7458333333333333 0.056666666666666664 0.14416666666666667
0 0.375 0.7375 0.034166666666666665 0.135
0 0.2816666666666667 0.6758333333333333 0.035 0.13666666666666666
0 0.5258333333333334 0.6616666666666666 0.04833333333333333 0.1225
0 0.22666666666666666 0.6575 0.04833333333333333 0.14
0 0.5075 0.6341666666666667 0.059166666666666666 0.12083333333333333
0 0.17916666666666667 0.62 0.05583333333333333 0.12916666666666668
0 0.3175 0.6175 0.03333333333333333 0.13416666666666666
0 0.42333333333333334 0.6066666666666667 0.04083333333333333 0.13083333333333333
0 0.4791666666666667 0.595 0.04083333333333333 0.13083333333333333
0 0.28583333333333333 0.5375 0.04416666666666667 0.11666666666666667