0 0.6958333333333333 0.4608333333333333 0.0125 0.035
0 0.3308333333333333 0.9383333333333334 0.0008333333333333334 0.0025
0 0.8366666666666667 0.14 0.008333333333333333 0.02
0 0.8291666666666667 0.145 0.008333333333333333 0.02
0 0.8466666666666667 0.14583333333333334 0.008333333333333333 0.020833333333333332
0 0.8758333333333334 0.15 0.01 0.0225
0 0.8558333333333333 0.15083333333333335 0.010833333333333334 0.0225
0 0.8666666666666667 0.1525 0.010833333333333334 0.025
0 0.9066666666666666 0.15583333333333332 0.010833333333333334 0.0225
0 0.8133333333333334 0.15666666666666668 0.013333333333333334 0.02
0 0.885 0.15666666666666668 0.016666666666666666 0.0225
0 0.8266666666666667 0.16333333333333333 0.011666666666666667 0.0175
0 0.8308333333333333 0.1875 0.013333333333333334 0.02666666666666667
0 0.38666666666666666 0.19833333333333333 0.010833333333333334 0.011666666666666667
0 0.37833333333333335 0.2025 0.011666666666666667 0.009166666666666667
0 0.3875 0.20666666666666667 0.0125 0.018333333333333333
0 0.925 0.20833333333333334 0.010833333333333334 0.014166666666666666
0 0.36666666666666664 0.2125 0.005833333333333334 0.015
0 0.37416666666666665 0.21333333333333335 0.014166666666666666 0.018333333333333333
0 0.895 0.2325 0.013333333333333334 0.011666666666666667
0 0.9508333333333333 0.25583333333333336 0.015 0.015833333333333335
0 0.9375 0.2633333333333333 0.016666666666666666 0.019166666666666665
0 0.445 0.2991666666666667 0.01 0.024166666666666666
0 0.5033333333333333 0.3 0.015833333333333335 0.0375
0 0.45916666666666667 0.3016666666666667 0.014166666666666666 0.028333333333333332
0 0.4508333333333333 0.3016666666666667 0.011666666666666667 0.02666666666666667
0 0.42083333333333334 0.3016666666666667 0.014166666666666666 0.019166666666666665
0 0.4008333333333333 0.3025 0.009166666666666667 0.018333333333333333
0 0.4975 0.30583333333333335 0.015833333333333335 0.025833333333333333
0 0.4675 0.3075 0.0175 0.024166666666666666
0 0.9041666666666667 0.3075 0.0225 0.03333333333333333
0 0.92 0.30916666666666665 0.013333333333333334 0.020833333333333332
0 0.48333333333333334 0.31166666666666665 0.008333333333333333 0.029166666666666667
0 0.3858333333333333 0.31416666666666665 0.0175 0.02
0 0.36916666666666664 0.315 0.016666666666666666 0.030833333333333334
0 0.9075 0.315 0.014166666666666666 0.023333333333333334
0 0.4191666666666667 0.31916666666666665 0.01 0.024166666666666666
0 0.39916666666666667 0.32166666666666666 0.009166666666666667 0.025
0 0.4125 0.32416666666666666 0.0125 0.030833333333333334
0 0.63 0.38333333333333336 0.014166666666666666 0.0275
0 0.6883333333333334 0.42 0.011666666666666667 0.029166666666666667
0 0.6733333333333333 0.43416666666666665 0.018333333333333333 0.030833333333333334
0 0.6991666666666667 0.4483333333333333 0.018333333333333333 0.045