0 0.15833333333333333 0.06416666666666666 0.02 0.058333333333333334
0 0.1775 0.10583333333333333 0.020833333333333332 0.0525
0 0.13833333333333334 0.10583333333333333 0.015833333333333335 0.050833333333333335
0 0.1525 0.12166666666666667 0.015 0.056666666666666664
0 0.195 0.145 0.028333333333333332 0.07166666666666667
0 0.165 0.15666666666666668 0.025833333333333333 0.06333333333333334
0 0.17416666666666666 0.16666666666666666 0.0175 0.050833333333333335
0 0.14666666666666667 0.17 0.020833333333333332 0.04416666666666667
0 0.20083333333333334 0.175 0.02 0.05416666666666667
0 0.16166666666666665 0.20166666666666666 0.018333333333333333 0.04666666666666667
0 0.17833333333333334 0.22583333333333333 0.0275 0.075
0 0.2075 0.22666666666666666 0.0125 0.051666666666666666
0 0.1925 0.22666666666666666 0.0175 0.06666666666666667
0 0.22416666666666665 0.23583333333333334 0.02 0.07333333333333333
0 0.145 0.2733333333333333 0.03916666666666667 0.034166666666666665
0 0.205 0.2841666666666667 0.021666666666666667 0.06666666666666667
0 0.175 0.29583333333333334 0.03916666666666667 0.04416666666666667
0 0.14083333333333334 0.31833333333333336 0.035 0.04