0 0.3908333333333333 0.49083333333333334 0.018333333333333333 0.07833333333333334
0 0.8525 0.49333333333333335 0.021666666666666667 0.075
0 0.8308333333333333 0.49583333333333335 0.034166666666666665 0.050833333333333335
0 0.7891666666666667 0.4975 0.04833333333333333 0.028333333333333332
0 0.835 0.5125 0.02666666666666667 0.0425
0 0.7691666666666667 0.5166666666666667 0.0375 0.04
0 0.7908333333333334 0.5258333333333334 0.03333333333333333 0.03833333333333333
0 0.8083333333333333 0.5333333333333333 0.0225 0.06333333333333334
0 0.4475 0.04833333333333333 0.03333333333333333 0.04833333333333333
0 0.8233333333333334 0.5541666666666667 0.03333333333333333 0.04583333333333333
0 0.33666666666666667 0.05 0.0225 0.075
0 0.8458333333333333 0.5675 0.02 0.06833333333333333
0 0.8341666666666666 0.5808333333333333 0.015833333333333335 0.07
0 0.7866666666666666 0.5858333333333333 0.03166666666666667 0.075
0 0.8116666666666666 0.5941666666666666 0.030833333333333334 0.0525
0 0.8133333333333334 0.6133333333333333 0.029166666666666667 0.04666666666666667
0 0.8375 0.6233333333333333 0.0225 0.06333333333333334
0 0.7833333333333333 0.6391666666666667 0.04 0.065
0 0.8458333333333333 0.6416666666666667 0.018333333333333333 0.07666666666666666
0 0.8141666666666667 0.6483333333333333 0.03 0.058333333333333334
0 0.8275 0.67 0.0225 0.049166666666666664
0 0.7891666666666667 0.6758333333333333 0.02666666666666667 0.06666666666666667
0 0.4241666666666667 0.6933333333333334 0.02666666666666667 0.08166666666666667
0 0.44166666666666665 0.7075 0.034166666666666665 0.06666666666666667
0 0.8391666666666666 0.715 0.02666666666666667 0.0725
0 0.8183333333333334 0.7175 0.035 0.06916666666666667
0 0.8483333333333334 0.7225 0.025 0.06916666666666667
0 0.4658333333333333 0.7233333333333334 0.043333333333333335 0.06333333333333334
0 0.36 0.06583333333333333 0.024166666666666666 0.051666666666666666
0 0.5325 0.7416666666666667 0.0375 0.0625
0 0.4683333333333333 0.7508333333333334 0.029166666666666667 0.058333333333333334
0 0.4508333333333333 0.7608333333333334 0.03166666666666667 0.06833333333333333
0 0.8108333333333333 0.7675 0.035833333333333335 0.051666666666666666
0 0.8225 0.775 0.043333333333333335 0.05583333333333333
0 0.495 0.7975 0.029166666666666667 0.07333333333333333
0 0.3475 0.075 0.019166666666666665 0.06583333333333333
0 0.8108333333333333 0.8183333333333334 0.03333333333333333 0.045
0 0.8125 0.845 0.030833333333333334 0.0525
0 0.7866666666666666 0.8491666666666666 0.0375 0.04666666666666667
0 0.37916666666666665 0.08 0.023333333333333334 0.0525
0 0.7758333333333334 0.89 0.030833333333333334 0.04583333333333333
0 0.8008333333333333 0.9016666666666666 0.023333333333333334 0.06583333333333333
0 0.3958333333333333 0.0875 0.029166666666666667 0.07083333333333333
0 0.4 0.9675 0.03166666666666667 0.06416666666666666
0 0.3775 0.10916666666666666 0.035833333333333335 0.030833333333333334
0 0.345 0.1275 0.025 0.085
0 0.3591666666666667 0.1375 0.021666666666666667 0.07583333333333334
0 0.41083333333333333 0.14583333333333334 0.035833333333333335 0.04833333333333333
0 0.385 0.15333333333333332 0.025 0.07583333333333334
0 0.43416666666666665 0.15916666666666668 0.0475 0.035
0 0.4666666666666667 0.16333333333333333 0.034166666666666665 0.034166666666666665
0 0.5408333333333334 0.1875 0.035833333333333335 0.08
0 0.6016666666666667 0.19166666666666668 0.03 0.06666666666666667
0 0.49083333333333334 0.1925 0.03833333333333333 0.035
0 0.37583333333333335 0.19833333333333333 0.025833333333333333 0.041666666666666664
0 0.6491666666666667 0.205 0.03666666666666667 0.04583333333333333
0 0.5225 0.21666666666666667 0.041666666666666664 0.03833333333333333
0 0.6283333333333333 0.22 0.03833333333333333 0.051666666666666666
0 0.67 0.22083333333333333 0.03 0.06916666666666667
0 0.3858333333333333 0.22333333333333333 0.0325 0.030833333333333334
0 0.6891666666666667 0.22833333333333333 0.020833333333333332 0.03916666666666667
0 0.6591666666666667 0.24083333333333334 0.03833333333333333 0.06666666666666667
0 0.395 0.26 0.03166666666666667 0.056666666666666664
0 0.41583333333333333 0.26166666666666666 0.029166666666666667 0.05333333333333334
0 0.6916666666666667 0.26916666666666667 0.0275 0.04416666666666667
0 0.39166666666666666 0.2775 0.02666666666666667 0.05583333333333333
0 0.6608333333333334 0.2791666666666667 0.03166666666666667 0.07166666666666667
0 0.3525 0.2816666666666667 0.05 0.055
0 0.6958333333333333 0.30333333333333334 0.029166666666666667 0.06
0 0.6833333333333333 0.30416666666666664 0.025 0.06583333333333333
0 0.435 0.305 0.0325 0.05583333333333333
0 0.42083333333333334 0.3075 0.024166666666666666 0.0625
0 0.7866666666666666 0.31666666666666665 0.02 0.08083333333333333
0 0.8016666666666666 0.3358333333333333 0.023333333333333334 0.06583333333333333
0 0.46 0.3566666666666667 0.0275 0.06416666666666666
0 0.38083333333333336 0.3575 0.019166666666666665 0.06
0 0.7041666666666667 0.3591666666666667 0.020833333333333332 0.09166666666666666
0 0.48083333333333333 0.37083333333333335 0.035833333333333335 0.06666666666666667
0 0.8025 0.38666666666666666 0.03833333333333333 0.0525
0 0.7841666666666667 0.41333333333333333 0.020833333333333332 0.0575
0 0.7416666666666667 0.41583333333333333 0.025833333333333333 0.07583333333333334
0 0.8016666666666666 0.4216666666666667 0.03 0.0775
0 0.49916666666666665 0.43166666666666664 0.03166666666666667 0.0625
0 0.8441666666666666 0.43333333333333335 0.02666666666666667 0.07
0 0.66 0.445 0.028333333333333332 0.0725
0 0.46416666666666667 0.4483333333333333 0.04 0.05583333333333333
0 0.8225 0.4533333333333333 0.0275 0.0775
0 0.7483333333333333 0.4575 0.02 0.06333333333333334
0 0.7308333333333333 0.4583333333333333 0.0175 0.065