0 0.255 0.04416666666666667 0.0325 0.08833333333333333
0 0.2675 0.065 0.049166666666666664 0.07416666666666667
0 0.3566666666666667 0.13833333333333334 0.05333333333333334 0.03916666666666667
0 0.41 0.19 0.02666666666666667 0.07166666666666667
0 0.43166666666666664 0.20083333333333334 0.034166666666666665 0.03916666666666667
0 0.38916666666666666 0.20666666666666667 0.0175 0.08666666666666667
0 0.36833333333333335 0.2525 0.021666666666666667 0.08666666666666667
0 0.4216666666666667 0.2633333333333333 0.0325 0.07333333333333333
0 0.35083333333333333 0.2833333333333333 0.018333333333333333 0.0725
0 0.375 0.2941666666666667 0.018333333333333333 0.09083333333333334
0 0.44083333333333335 0.30333333333333334 0.03833333333333333 0.07333333333333333
0 0.4708333333333333 0.30416666666666664 0.0425 0.0375
0 0.3925 0.3175 0.021666666666666667 0.07916666666666666
0 0.41333333333333333 0.32 0.0275 0.08333333333333333
0 0.24416666666666667 0.02666666666666667 0.03833333333333333 0.05333333333333334
0 0.3591666666666667 0.33416666666666667 0.016666666666666666 0.04833333333333333
0 0.3825 0.36333333333333334 0.02 0.09583333333333334
0 0.4191666666666667 0.38333333333333336 0.015 0.08583333333333333
0 0.37416666666666665 0.39416666666666667 0.0175 0.09
0 0.4675 0.3975 0.029166666666666667 0.09583333333333334
0 0.39666666666666667 0.405 0.0275 0.08833333333333333
0 0.4225 0.4483333333333333 0.021666666666666667 0.065
0 0.4058333333333333 0.45166666666666666 0.015 0.09083333333333334
0 0.31916666666666665 0.03 0.059166666666666666 0.043333333333333335
0 0.4475 0.4841666666666667 0.0425 0.0725