0 0.41583333333333333 0.4741666666666667 0.03166666666666667 0.0325
0 0.4425 0.47583333333333333 0.02 0.030833333333333334
0 0.43916666666666665 0.4841666666666667 0.025 0.034166666666666665
0 0.425 0.48833333333333334 0.028333333333333332 0.029166666666666667
0 0.485 0.48833333333333334 0.023333333333333334 0.041666666666666664
0 0.4008333333333333 0.5433333333333333 0.028333333333333332 0.0425
0 0.415 0.5475 0.0275 0.055
0 0.44583333333333336 0.5475 0.035833333333333335 0.03833333333333333
0 0.4925 0.5516666666666666 0.0375 0.0375
0 0.5041666666666667 0.5925 0.020833333333333332 0.055
0 0.505 0.605 0.0175 0.04583333333333333
0 0.5116666666666667 0.62 0.021666666666666667 0.05333333333333334
0 0.5483333333333333 0.6216666666666667 0.03 0.0325
0 0.49083333333333334 0.6225 0.015 0.05416666666666667
0 0.48 0.6325 0.011666666666666667 0.049166666666666664
0 0.5183333333333333 0.6325 0.03666666666666667 0.04583333333333333
0 0.545 0.6358333333333334 0.0275 0.035833333333333335
0 0.4716666666666667 0.6558333333333334 0.015833333333333335 0.065
0 0.5258333333333334 0.6575 0.0225 0.0525
0 0.49333333333333335 0.6583333333333333 0.015 0.07
0 0.5458333333333333 0.6658333333333334 0.02666666666666667 0.06
0 0.5816666666666667 0.6683333333333333 0.03666666666666667 0.04583333333333333
0 0.5591666666666667 0.67 0.035 0.035833333333333335
0 0.48333333333333334 0.67 0.0125 0.035833333333333335
0 0.5091666666666667 0.6808333333333333 0.015 0.075
0 0.5291666666666667 0.6908333333333333 0.015 0.055
0 0.5175 0.7 0.015 0.075
0 0.5033333333333333 0.7016666666666667 0.021666666666666667 0.07333333333333333
0 0.49916666666666665 0.7225 0.024166666666666666 0.0675
0 0.535 0.7283333333333334 0.014166666666666666 0.0525
0 0.5275 0.7383333333333333 0.019166666666666665 0.06916666666666667
0 0.5708333333333333 0.75 0.04 0.04666666666666667
0 0.6016666666666667 0.36 0.023333333333333334 0.028333333333333332
0 0.5775 0.37 0.0225 0.04
0 0.5916666666666667 0.37166666666666665 0.021666666666666667 0.0225
0 0.6233333333333333 0.37916666666666665 0.02 0.020833333333333332
0 0.6116666666666667 0.37916666666666665 0.014166666666666666 0.02
0 0.63 0.38416666666666666 0.0175 0.02
0 0.5958333333333333 0.385 0.0275 0.02666666666666667
0 0.645 0.3883333333333333 0.023333333333333334 0.0225
0 0.6141666666666666 0.3933333333333333 0.030833333333333334 0.023333333333333334
0 0.6275 0.4 0.03166666666666667 0.025
0 0.6575 0.40166666666666667 0.02666666666666667 0.025833333333333333
0 0.39 0.4325 0.015833333333333335 0.030833333333333334
0 0.3975 0.4558333333333333 0.02666666666666667 0.035833333333333335
0 0.41083333333333333 0.4608333333333333 0.025833333333333333 0.0275
0 0.4766666666666667 0.46166666666666667 0.025833333333333333 0.025833333333333333