0 0.9766666666666667 0.0475 0.019166666666666665 0.0575
0 0.4525 0.4766666666666667 0.0475 0.03333333333333333
0 0.42333333333333334 0.4975 0.015833333333333335 0.03916666666666667
0 0.45 0.5016666666666667 0.028333333333333332 0.035833333333333335
0 0.27166666666666667 0.5166666666666667 0.024166666666666666 0.059166666666666666
0 0.38083333333333336 0.5225 0.035 0.0475
0 0.43 0.5275 0.02 0.0675
0 0.415 0.5383333333333333 0.019166666666666665 0.06916666666666667
0 0.8633333333333333 0.5391666666666667 0.025833333333333333 0.08666666666666667
0 0.8933333333333333 0.5466666666666666 0.03166666666666667 0.0825
0 0.4075 0.5466666666666666 0.019166666666666665 0.07666666666666666
0 0.285 0.5491666666666667 0.015 0.025
0 0.3516666666666667 0.5508333333333333 0.03833333333333333 0.045
0 0.8841666666666667 0.5533333333333333 0.019166666666666665 0.06333333333333334
0 0.31416666666666665 0.555 0.041666666666666664 0.03166666666666667
0 0.37083333333333335 0.5575 0.0325 0.035
0 0.26416666666666666 0.5716666666666667 0.034166666666666665 0.04833333333333333
0 0.38333333333333336 0.5716666666666667 0.030833333333333334 0.030833333333333334
0 0.33416666666666667 0.575 0.0375 0.030833333333333334
0 0.295 0.5766666666666667 0.030833333333333334 0.059166666666666666
0 0.9616666666666667 0.058333333333333334 0.023333333333333334 0.056666666666666664
0 0.36833333333333335 0.5891666666666666 0.03833333333333333 0.028333333333333332
0 0.405 0.59 0.019166666666666665 0.059166666666666666
0 0.325 0.5908333333333333 0.041666666666666664 0.0375
0 0.4266666666666667 0.5941666666666666 0.024166666666666666 0.06583333333333333
0 0.2841666666666667 0.5966666666666667 0.015 0.059166666666666666
0 0.3591666666666667 0.6083333333333333 0.035833333333333335 0.03
0 0.4216666666666667 0.6133333333333333 0.025 0.06666666666666667
0 0.8833333333333333 0.615 0.018333333333333333 0.06583333333333333
0 0.30416666666666664 0.6191666666666666 0.0375 0.02666666666666667
0 0.3325 0.62 0.0375 0.030833333333333334
0 0.39916666666666667 0.6308333333333334 0.02 0.06916666666666667
0 0.8625 0.6308333333333334 0.04083333333333333 0.06
0 0.2633333333333333 0.6316666666666667 0.030833333333333334 0.049166666666666664
0 0.29083333333333333 0.635 0.03916666666666667 0.03
0 0.3883333333333333 0.635 0.021666666666666667 0.06166666666666667
0 0.36583333333333334 0.6391666666666667 0.035 0.04416666666666667
0 0.3275 0.645 0.030833333333333334 0.03
0 0.2075 0.6508333333333334 0.029166666666666667 0.07
0 0.24666666666666667 0.6558333333333334 0.0375 0.05333333333333334
0 0.22666666666666666 0.6616666666666666 0.03333333333333333 0.035
0 0.2833333333333333 0.6641666666666667 0.041666666666666664 0.028333333333333332
0 0.3958333333333333 0.6825 0.03333333333333333 0.05583333333333333
0 0.2225 0.6858333333333333 0.03833333333333333 0.0325
0 0.2791666666666667 0.6858333333333333 0.034166666666666665 0.03
0 0.25333333333333335 0.6916666666666667 0.0375 0.03333333333333333
0 0.42 0.6941666666666667 0.030833333333333334 0.0725
0 0.32666666666666666 0.7166666666666667 0.045 0.059166666666666666
0 0.29 0.7183333333333334 0.04833333333333333 0.04
0 0.97 0.09 0.023333333333333334 0.06333333333333334
0 0.9666666666666667 0.010833333333333334 0.023333333333333334 0.021666666666666667
0 0.9566666666666667 0.115 0.025833333333333333 0.07166666666666667
0 0.9466666666666667 0.14583333333333334 0.018333333333333333 0.08666666666666667
0 0.9758333333333333 0.14916666666666667 0.015 0.05416666666666667
0 0.9608333333333333 0.1675 0.018333333333333333 0.050833333333333335
0 0.9616666666666667 0.1925 0.023333333333333334 0.058333333333333334
0 0.9508333333333333 0.02 0.025833333333333333 0.035
0 0.9275 0.23083333333333333 0.0325 0.06
0 0.9591666666666666 0.23333333333333334 0.025833333333333333 0.05333333333333334
0 0.9341666666666667 0.23666666666666666 0.03166666666666667 0.07583333333333334
0 0.9308333333333333 0.2841666666666667 0.03333333333333333 0.05583333333333333
0 0.9508333333333333 0.3 0.0275 0.065
0 0.9258333333333333 0.32416666666666666 0.0325 0.051666666666666666