0 0.6008333333333333 0.4925 0.019166666666666665 0.07916666666666666
0 0.6558333333333334 0.5041666666666667 0.018333333333333333 0.08166666666666667
0 0.625 0.505 0.030833333333333334 0.07916666666666666
0 0.6691666666666667 0.5075 0.016666666666666666 0.09083333333333334
0 0.615 0.51 0.0225 0.07
0 0.68 0.5325 0.0175 0.07166666666666667
0 0.6458333333333334 0.5383333333333333 0.02666666666666667 0.07583333333333334
0 0.6016666666666667 0.5416666666666666 0.024166666666666666 0.051666666666666666
0 0.6441666666666667 0.5766666666666667 0.019166666666666665 0.06333333333333334
0 0.6766666666666666 0.5808333333333333 0.029166666666666667 0.050833333333333335
0 0.695 0.5875 0.0225 0.051666666666666666
0 0.6725 0.6041666666666666 0.03166666666666667 0.06
0 0.6591666666666667 0.6066666666666667 0.0225 0.07416666666666667
0 0.7141666666666666 0.6308333333333334 0.025833333333333333 0.07
0 0.6958333333333333 0.6383333333333333 0.020833333333333332 0.07166666666666667
0 0.6775 0.6433333333333333 0.024166666666666666 0.07166666666666667
0 0.6541666666666667 0.6475 0.020833333333333332 0.0875
0 0.6733333333333333 0.675 0.0225 0.06333333333333334
0 0.6941666666666667 0.6758333333333333 0.02 0.07583333333333334
0 0.7133333333333334 0.69 0.0225 0.059166666666666666
0 0.6658333333333334 0.7241666666666666 0.029166666666666667 0.0775
0 0.6775 0.7308333333333333 0.03 0.08166666666666667
0 0.6925 0.7325 0.02 0.075
0 0.6666666666666666 0.765 0.016666666666666666 0.0775
0 0.07416666666666667 0.9341666666666667 0.035 0.1
0 0.12583333333333332 0.9808333333333333 0.041666666666666664 0.0375
0 0.065 0.9891666666666666 0.029166666666666667 0.02
0 0.6166666666666667 0.24083333333333334 0.025 0.08333333333333333
0 0.6483333333333333 0.2791666666666667 0.024166666666666666 0.058333333333333334
0 0.64 0.2866666666666667 0.025 0.07083333333333333
0 0.6216666666666667 0.30583333333333335 0.025 0.0675
0 0.6458333333333334 0.3591666666666667 0.02 0.07166666666666667
0 0.6308333333333334 0.3725 0.0175 0.08
0 0.6691666666666667 0.395 0.0175 0.07666666666666666
0 0.6433333333333333 0.41 0.019166666666666665 0.059166666666666666
0 0.6883333333333334 0.41583333333333333 0.016666666666666666 0.06916666666666667
0 0.6308333333333334 0.43916666666666665 0.015833333333333335 0.056666666666666664
0 0.6533333333333333 0.44083333333333335 0.02 0.0825
0 0.6725 0.45 0.015 0.058333333333333334
0 0.6258333333333334 0.46166666666666667 0.02 0.07083333333333333
0 0.6808333333333333 0.465 0.014166666666666666 0.0625
0 0.6416666666666667 0.47333333333333333 0.016666666666666666 0.07916666666666666