0 0.8641666666666666 0.4741666666666667 0.03166666666666667 0.06916666666666667
0 0.18416666666666667 0.5341666666666667 0.03666666666666667 0.0325
0 0.1725 0.5575 0.04083333333333333 0.0325
0 0.18666666666666668 0.5741666666666667 0.035 0.029166666666666667
0 0.21083333333333334 0.5858333333333333 0.035 0.03166666666666667
0 0.1825 0.5983333333333334 0.035 0.029166666666666667
0 0.16833333333333333 0.6175 0.04 0.03
0 0.2025 0.6316666666666667 0.041666666666666664 0.03166666666666667
0 0.5075 0.6391666666666667 0.0008333333333333334 0.0008333333333333334
0 0.12666666666666668 0.6475 0.018333333333333333 0.03916666666666667
0 0.15666666666666668 0.655 0.020833333333333332 0.06166666666666667
0 0.17 0.66 0.028333333333333332 0.028333333333333332
0 0.14166666666666666 0.6691666666666667 0.025 0.08166666666666667
0 0.19666666666666666 0.6791666666666667 0.025833333333333333 0.04416666666666667
0 0.135 0.6966666666666667 0.023333333333333334 0.060833333333333336
0 0.19666666666666666 0.7083333333333334 0.04083333333333333 0.06
0 0.17083333333333334 0.7116666666666667 0.034166666666666665 0.04666666666666667
0 0.2758333333333333 0.7266666666666667 0.025 0.06416666666666666
0 0.9916666666666667 0.03333333333333333 0.013333333333333334 0.06666666666666667
0 0.21 0.7533333333333333 0.024166666666666666 0.07416666666666667
0 0.16 0.7533333333333333 0.03 0.055
0 0.2941666666666667 0.7541666666666667 0.025 0.058333333333333334
0 0.17416666666666666 0.7566666666666667 0.03916666666666667 0.030833333333333334
0 0.14333333333333334 0.7591666666666667 0.023333333333333334 0.08083333333333333
0 0.26916666666666667 0.765 0.034166666666666665 0.04083333333333333
0 0.25916666666666666 0.78 0.0325 0.03833333333333333
0 0.25583333333333336 0.7958333333333333 0.035 0.03833333333333333
0 0.2875 0.8058333333333333 0.030833333333333334 0.045
0 0.155 0.8091666666666667 0.023333333333333334 0.06166666666666667
0 0.16333333333333333 0.8266666666666667 0.023333333333333334 0.065
0 0.17333333333333334 0.86 0.03 0.08333333333333333
0 0.305 0.8891666666666667 0.016666666666666666 0.08
0 0.16333333333333333 0.8933333333333333 0.02666666666666667 0.05583333333333333
0 0.1825 0.9275 0.025 0.05583333333333333
0 0.2025 0.955 0.0225 0.07833333333333334
0 0.7416666666666667 0.07833333333333334 0.024166666666666666 0.0475
0 0.7858333333333334 0.08666666666666667 0.020833333333333332 0.07166666666666667
0 0.76 0.08916666666666667 0.019166666666666665 0.07
0 0.9966666666666667 0.09083333333333334 0.005833333333333334 0.07166666666666667
0 0.7508333333333334 0.11666666666666667 0.025 0.0475
0 0.7391666666666666 0.1325 0.019166666666666665 0.030833333333333334
0 0.7541666666666667 0.15166666666666667 0.03333333333333333 0.05
0 0.775 0.15333333333333332 0.025833333333333333 0.0575
0 0.2325 0.16416666666666666 0.015 0.029166666666666667
0 0.9333333333333333 0.16666666666666666 0.025 0.07333333333333333
0 0.8 0.1725 0.020833333333333332 0.0475
0 0.735 0.18083333333333335 0.0225 0.029166666666666667
0 0.22916666666666666 0.19666666666666666 0.028333333333333332 0.05
0 0.775 0.19916666666666666 0.03 0.07416666666666667
0 0.8025 0.20333333333333334 0.02666666666666667 0.055
0 0.7125 0.21583333333333332 0.0225 0.060833333333333336
0 0.8383333333333334 0.2175 0.019166666666666665 0.07583333333333334
0 0.2225 0.22916666666666666 0.03 0.041666666666666664
0 0.24916666666666668 0.24083333333333334 0.03 0.035
0 0.2991666666666667 0.25583333333333336 0.03666666666666667 0.0425
0 0.825 0.25666666666666665 0.0125 0.08333333333333333
0 0.21666666666666667 0.2575 0.029166666666666667 0.035833333333333335
0 0.8133333333333334 0.25833333333333336 0.016666666666666666 0.0725
0 0.24083333333333334 0.26916666666666667 0.0325 0.029166666666666667
0 0.8341666666666666 0.2808333333333333 0.013333333333333334 0.0575
0 0.8525 0.2875 0.02666666666666667 0.06916666666666667
0 0.21166666666666667 0.29333333333333333 0.029166666666666667 0.059166666666666666
0 0.225 0.29583333333333334 0.03666666666666667 0.041666666666666664
0 0.8025 0.2991666666666667 0.0275 0.0675
0 0.8291666666666667 0.3075 0.0175 0.043333333333333335
0 0.8241666666666667 0.3233333333333333 0.019166666666666665 0.05
0 0.8033333333333333 0.33416666666666667 0.013333333333333334 0.0475
0 0.48833333333333334 0.3375 0.02666666666666667 0.07333333333333333
0 0.845 0.3516666666666667 0.0225 0.05583333333333333
0 0.8841666666666667 0.3641666666666667 0.02 0.05583333333333333
0 0.8191666666666667 0.365 0.023333333333333334 0.07083333333333333
0 0.8383333333333334 0.37166666666666665 0.0175 0.07
0 0.8691666666666666 0.37416666666666665 0.016666666666666666 0.07666666666666666
0 0.8533333333333334 0.4075 0.021666666666666667 0.06666666666666667
0 0.8333333333333334 0.4125 0.020833333333333332 0.08
0 0.2525 0.43666666666666665 0.029166666666666667 0.06416666666666666