0 0.3416666666666667 0.03333333333333333 0.018333333333333333 0.0625
0 0.8158333333333333 0.5733333333333334 0.02 0.06666666666666667
0 0.5208333333333334 0.5933333333333334 0.018333333333333333 0.07333333333333333
0 0.8308333333333333 0.5966666666666667 0.025 0.08333333333333333
0 0.8066666666666666 0.6316666666666667 0.0225 0.065
0 0.7875 0.645 0.023333333333333334 0.058333333333333334
0 0.7458333333333333 0.655 0.03666666666666667 0.04833333333333333
0 0.30916666666666665 0.043333333333333335 0.023333333333333334 0.0775
0 0.3258333333333333 0.043333333333333335 0.021666666666666667 0.08583333333333333
0 0.8 0.6766666666666666 0.02666666666666667 0.08083333333333333
0 0.7775 0.6825 0.02666666666666667 0.07083333333333333
0 0.7475 0.6866666666666666 0.03833333333333333 0.0475
0 0.7191666666666666 0.7758333333333334 0.02 0.07666666666666666
0 0.685 0.8433333333333334 0.030833333333333334 0.07416666666666667
0 0.7491666666666666 0.8583333333333333 0.045 0.06916666666666667
0 0.7033333333333334 0.8958333333333334 0.016666666666666666 0.06916666666666667
0 0.6908333333333333 0.915 0.016666666666666666 0.08
0 0.6741666666666667 0.9275 0.025 0.08583333333333333
0 0.6558333333333334 0.9425 0.0275 0.08083333333333333
0 0.7141666666666666 0.9441666666666667 0.0175 0.07166666666666667
0 0.64 0.9725 0.018333333333333333 0.05416666666666667
0 0.675 0.9683333333333334 0.019166666666666665 0.06166666666666667
0 0.6975 0.9675 0.018333333333333333 0.06166666666666667
0 0.6533333333333333 0.9733333333333334 0.023333333333333334 0.0525
0 0.69 0.9816666666666667 0.019166666666666665 0.035833333333333335
0 0.325 0.09083333333333334 0.04 0.0525
0 0.2525 0.0975 0.02666666666666667 0.0475
0 0.26416666666666666 0.105 0.035833333333333335 0.0625
0 0.295 0.115 0.030833333333333334 0.08916666666666667
0 0.23416666666666666 0.13916666666666666 0.016666666666666666 0.07416666666666667
0 0.3025 0.14166666666666666 0.034166666666666665 0.07166666666666667
0 0.26916666666666667 0.1425 0.02666666666666667 0.06583333333333333
0 0.24666666666666667 0.16583333333333333 0.0275 0.05
0 0.365 0.008333333333333333 0.016666666666666666 0.016666666666666666
0 0.2075 0.19666666666666666 0.019166666666666665 0.06666666666666667
0 0.24833333333333332 0.19833333333333333 0.035833333333333335 0.056666666666666664
0 0.1925 0.19833333333333333 0.015 0.058333333333333334
0 0.21416666666666667 0.2025 0.028333333333333332 0.07083333333333333
0 0.1775 0.2075 0.015833333333333335 0.06916666666666667
0 0.22333333333333333 0.20833333333333334 0.02666666666666667 0.055
0 0.25583333333333336 0.21916666666666668 0.03833333333333333 0.055
0 0.26 0.22666666666666666 0.0325 0.025833333333333333
0 0.19166666666666668 0.24583333333333332 0.034166666666666665 0.035
0 0.22583333333333333 0.25833333333333336 0.025 0.08083333333333333
0 0.2475 0.25833333333333336 0.04666666666666667 0.058333333333333334
0 0.2125 0.2675 0.0175 0.07916666666666666
0 0.17583333333333334 0.27416666666666667 0.02 0.07833333333333334
0 0.1975 0.3016666666666667 0.019166666666666665 0.09083333333333334
0 0.16666666666666666 0.30333333333333334 0.018333333333333333 0.085
0 0.315 0.3258333333333333 0.024166666666666666 0.0825
0 0.35333333333333333 0.025 0.02 0.05
0 0.1825 0.35583333333333333 0.020833333333333332 0.08
0 0.38666666666666666 0.38166666666666665 0.02 0.043333333333333335
0 0.3958333333333333 0.4166666666666667 0.02 0.0425
0 0.3775 0.42833333333333334 0.0275 0.07583333333333334