0 0.5091666666666667 0.4575 0.035 0.0325
0 0.5591666666666667 0.4608333333333333 0.034166666666666665 0.04
0 0.5375 0.4625 0.0325 0.0325
0 0.5825 0.47833333333333333 0.034166666666666665 0.056666666666666664
0 0.5666666666666667 0.48 0.03666666666666667 0.0375
0 0.5475 0.5125 0.03833333333333333 0.04
0 0.5791666666666667 0.5208333333333334 0.034166666666666665 0.04583333333333333
0 0.5566666666666666 0.5266666666666666 0.0325 0.045
0 0.5741666666666667 0.5466666666666666 0.03 0.04416666666666667
0 0.5841666666666666 0.55 0.034166666666666665 0.056666666666666664
0 0.5558333333333333 0.5508333333333333 0.025833333333333333 0.03333333333333333
0 0.54 0.5808333333333333 0.04 0.03833333333333333
0 0.5708333333333333 0.5933333333333334 0.03166666666666667 0.058333333333333334
0 0.5475 0.6083333333333333 0.03166666666666667 0.058333333333333334
0 0.5258333333333334 0.61 0.045 0.04583333333333333
0 0.5158333333333334 0.6425 0.03833333333333333 0.0375
0 0.5375 0.6433333333333333 0.035833333333333335 0.04583333333333333
0 0.5033333333333333 0.6691666666666667 0.0375 0.03
0 0.5291666666666667 0.6725 0.035 0.04416666666666667
0 0.4691666666666667 0.6883333333333334 0.03916666666666667 0.028333333333333332
0 0.49666666666666665 0.6925 0.0325 0.025
0 0.5266666666666666 0.695 0.034166666666666665 0.05416666666666667
0 0.4608333333333333 0.71 0.03166666666666667 0.0275
0 0.4875 0.7133333333333334 0.04 0.03166666666666667
0 0.515 0.7233333333333334 0.03833333333333333 0.04083333333333333
0 0.5366666666666666 0.29333333333333333 0.030833333333333334 0.035833333333333335
0 0.5133333333333333 0.29833333333333334 0.03916666666666667 0.035
0 0.5725 0.31166666666666665 0.015 0.07166666666666667
0 0.5358333333333334 0.3175 0.041666666666666664 0.030833333333333334
0 0.4875 0.325 0.030833333333333334 0.024166666666666666
0 0.5933333333333334 0.3358333333333333 0.010833333333333334 0.055
0 0.5583333333333333 0.33666666666666667 0.023333333333333334 0.075
0 0.5108333333333334 0.33916666666666667 0.0325 0.035833333333333335
0 0.485 0.3458333333333333 0.0375 0.028333333333333332
0 0.5375 0.3491666666666667 0.029166666666666667 0.02666666666666667
0 0.5108333333333334 0.355 0.03 0.023333333333333334
0 0.5866666666666667 0.3625 0.016666666666666666 0.07333333333333333
0 0.5008333333333334 0.36916666666666664 0.03 0.030833333333333334
0 0.5416666666666666 0.37416666666666665 0.0275 0.0325
0 0.5716666666666667 0.37666666666666665 0.016666666666666666 0.0825
0 0.5591666666666667 0.3775 0.016666666666666666 0.05
0 0.5266666666666666 0.38 0.035 0.04
0 0.4841666666666667 0.3825 0.0275 0.030833333333333334
0 0.5108333333333334 0.39416666666666667 0.025833333333333333 0.02666666666666667
0 0.49166666666666664 0.40166666666666667 0.035 0.030833333333333334
0 0.5366666666666666 0.4033333333333333 0.035 0.030833333333333334
0 0.4716666666666667 0.4075 0.0225 0.03
0 0.5508333333333333 0.4141666666666667 0.030833333333333334 0.03
0 0.5258333333333334 0.4175 0.028333333333333332 0.025
0 0.57 0.42083333333333334 0.030833333333333334 0.051666666666666666
0 0.495 0.4225 0.0325 0.02666666666666667
0 0.5208333333333334 0.4275 0.030833333333333334 0.0275
0 0.5391666666666667 0.44333333333333336 0.0325 0.030833333333333334
0 0.49666666666666665 0.44583333333333336 0.03333333333333333 0.0275