0 0.6275 0.5341666666666667 0.015833333333333335 0.07666666666666666
0 0.4816666666666667 0.5325 0.0225 0.05416666666666667
0 0.5108333333333334 0.525 0.016666666666666666 0.06416666666666666
0 0.5366666666666666 0.5233333333333333 0.013333333333333334 0.07416666666666667
0 0.5533333333333333 0.5166666666666667 0.014166666666666666 0.07916666666666666
0 0.565 0.515 0.018333333333333333 0.08416666666666667
0 0.5741666666666667 0.5075 0.020833333333333332 0.0675
0 0.6125 0.5066666666666667 0.02666666666666667 0.055
0 0.5925 0.5066666666666667 0.028333333333333332 0.07083333333333333
0 0.6 0.5041666666666667 0.03 0.058333333333333334
0 0.49333333333333335 0.49666666666666665 0.028333333333333332 0.07083333333333333
0 0.5441666666666667 0.49583333333333335 0.019166666666666665 0.0725
0 0.5233333333333333 0.495 0.016666666666666666 0.07166666666666667
0 0.5 0.4841666666666667 0.023333333333333334 0.05416666666666667
0 0.5025 0.46 0.029166666666666667 0.06833333333333333
0 0.5266666666666666 0.455 0.0225 0.06666666666666667
0 0.5033333333333333 0.435 0.035833333333333335 0.041666666666666664
0 0.5033333333333333 0.41 0.0325 0.041666666666666664
0 0.5158333333333334 0.4075 0.025833333333333333 0.04583333333333333
0 0.011666666666666667 0.3641666666666667 0.0225 0.058333333333333334
0 0.15583333333333332 0.3525 0.025 0.06583333333333333
0 0.16916666666666666 0.3233333333333333 0.025 0.07166666666666667
0 0.1525 0.315 0.025833333333333333 0.065
0 0.175 0.2833333333333333 0.025833333333333333 0.06583333333333333
0 0.1375 0.26 0.023333333333333334 0.049166666666666664
0 0.14416666666666667 0.255 0.024166666666666666 0.055
0 0.15833333333333333 0.255 0.0275 0.0575
0 0.12083333333333333 0.24166666666666667 0.018333333333333333 0.04666666666666667
0 0.14 0.22083333333333333 0.024166666666666666 0.049166666666666664
0 0.1025 0.21583333333333332 0.023333333333333334 0.049166666666666664
0 0.15166666666666667 0.205 0.03833333333333333 0.05583333333333333
0 0.12083333333333333 0.20083333333333334 0.02 0.060833333333333336
0 0.1025 0.18416666666666667 0.0225 0.0575
0 0.14583333333333334 0.17 0.035 0.0525
0 0.12333333333333334 0.16333333333333333 0.02666666666666667 0.065
0 0.10166666666666667 0.1325 0.0225 0.065
0 0.085 0.11833333333333333 0.02 0.08416666666666667
0 0.07166666666666667 0.11416666666666667 0.009166666666666667 0.025833333333333333
0 0.07 0.085 0.0175 0.05
0 0.09666666666666666 0.085 0.028333333333333332 0.06166666666666667
0 0.12 0.07916666666666666 0.029166666666666667 0.0875
0 0.075 0.049166666666666664 0.020833333333333332 0.06
0 0.0975 0.04083333333333333 0.0225 0.06666666666666667
0 0.085 0.0225 0.0225 0.043333333333333335
0 0.105 0.019166666666666665 0.02666666666666667 0.03666666666666667
0 0.6775 0.7991666666666667 0.03166666666666667 0.07166666666666667
0 0.6725 0.7575 0.0225 0.07166666666666667
0 0.6516666666666666 0.7191666666666666 0.020833333333333332 0.07083333333333333
0 0.6766666666666666 0.7158333333333333 0.024166666666666666 0.05583333333333333
0 0.6933333333333334 0.7141666666666666 0.0175 0.05583333333333333
0 0.66 0.695 0.018333333333333333 0.0725
0 0.46 0.6791666666666667 0.021666666666666667 0.06416666666666666
0 0.49166666666666664 0.6766666666666666 0.02 0.055
0 0.5133333333333333 0.66 0.020833333333333332 0.06416666666666666
0 0.6766666666666666 0.66 0.018333333333333333 0.07833333333333334
0 0.6525 0.6591666666666667 0.015833333333333335 0.06166666666666667
0 0.47833333333333333 0.65 0.021666666666666667 0.07666666666666666
0 0.64 0.6458333333333334 0.018333333333333333 0.08416666666666667
0 0.49166666666666664 0.6425 0.019166666666666665 0.06416666666666666
0 0.53 0.6341666666666667 0.015833333333333335 0.06916666666666667
0 0.4708333333333333 0.6266666666666667 0.0325 0.058333333333333334
0 0.5133333333333333 0.6241666666666666 0.018333333333333333 0.065
0 0.5016666666666667 0.6116666666666667 0.015 0.06916666666666667
0 0.6291666666666667 0.6091666666666666 0.015833333333333335 0.0775
0 0.6458333333333334 0.6075 0.0325 0.06833333333333333
0 0.4716666666666667 0.6025 0.03 0.03916666666666667
0 0.5458333333333333 0.6025 0.015 0.07833333333333334
0 0.53 0.5916666666666667 0.019166666666666665 0.06416666666666666
0 0.5125 0.5833333333333334 0.014166666666666666 0.0625
0 0.47 0.5808333333333333 0.023333333333333334 0.049166666666666664
0 0.5916666666666667 0.58 0.02 0.05416666666666667
0 0.49666666666666665 0.5675 0.016666666666666666 0.07
0 0.5791666666666667 0.5666666666666667 0.019166666666666665 0.07
0 0.645 0.5641666666666667 0.0275 0.065
0 0.5275 0.5541666666666667 0.013333333333333334 0.06583333333333333
0 0.49083333333333334 0.55 0.0225 0.05333333333333334
0 0.5175 0.5466666666666666 0.0125 0.0575
0 0.5933333333333334 0.5358333333333334 0.02666666666666667 0.0725