0 0.15 0.5241666666666667 0.025 0.056666666666666664
0 0.165 0.4975 0.016666666666666666 0.05583333333333333
0 0.15333333333333332 0.465 0.025 0.075
0 0.2325 0.4583333333333333 0.024166666666666666 0.0575
0 0.21416666666666667 0.4558333333333333 0.029166666666666667 0.06916666666666667
0 0.17666666666666667 0.45166666666666666 0.025833333333333333 0.07
0 0.26666666666666666 0.4483333333333333 0.024166666666666666 0.07083333333333333
0 0.25 0.44166666666666665 0.0175 0.07666666666666666
0 0.21916666666666668 0.4091666666666667 0.03666666666666667 0.030833333333333334
0 0.2475 0.4075 0.03916666666666667 0.0525
0 0.685 0.95 0.0175 0.06166666666666667
0 0.2791666666666667 0.33416666666666667 0.019166666666666665 0.06916666666666667
0 0.2633333333333333 0.31 0.016666666666666666 0.0725
0 0.2683333333333333 0.295 0.019166666666666665 0.06916666666666667
0 0.2891666666666667 0.2625 0.018333333333333333 0.0825
0 0.26916666666666667 0.2525 0.024166666666666666 0.07
0 0.19083333333333333 0.2375 0.03916666666666667 0.06
0 0.2725 0.22666666666666666 0.023333333333333334 0.06833333333333333
0 0.25083333333333335 0.22666666666666666 0.018333333333333333 0.08416666666666667
0 0.6141666666666666 0.93 0.018333333333333333 0.06333333333333334
0 0.25416666666666665 0.18833333333333332 0.019166666666666665 0.06333333333333334
0 0.28 0.18416666666666667 0.02 0.04583333333333333
0 0.5066666666666667 0.1775 0.021666666666666667 0.07416666666666667
0 0.5933333333333334 0.925 0.028333333333333332 0.051666666666666666
0 0.5341666666666667 0.1475 0.0375 0.03666666666666667
0 0.7033333333333334 0.9233333333333333 0.024166666666666666 0.07916666666666666
0 0.63 0.9233333333333333 0.021666666666666667 0.05583333333333333
0 0.5108333333333334 0.14 0.019166666666666665 0.06333333333333334
0 0.26 0.12416666666666666 0.0225 0.0725
0 0.48083333333333333 0.11916666666666667 0.0425 0.05333333333333334
0 0.5283333333333333 0.1075 0.029166666666666667 0.051666666666666666
0 0.4816666666666667 0.08416666666666667 0.030833333333333334 0.0475
0 0.4558333333333333 0.06916666666666667 0.0275 0.043333333333333335
0 0.5258333333333334 0.06833333333333333 0.0275 0.045
0 0.5025 0.060833333333333336 0.034166666666666665 0.04583333333333333
0 0.47333333333333333 0.04666666666666667 0.0375 0.050833333333333335
0 0.5133333333333333 0.030833333333333334 0.02666666666666667 0.03916666666666667
0 0.4475 0.030833333333333334 0.045 0.04833333333333333
0 0.49 0.025833333333333333 0.0325 0.03166666666666667
0 0.44333333333333336 0.013333333333333334 0.03666666666666667 0.023333333333333334
0 0.65 0.9083333333333333 0.028333333333333332 0.060833333333333336
0 0.6983333333333334 0.8908333333333334 0.014166666666666666 0.06
0 0.615 0.8883333333333333 0.024166666666666666 0.0525
0 0.6366666666666667 0.8775 0.021666666666666667 0.04666666666666667
0 0.6808333333333333 0.8658333333333333 0.014166666666666666 0.06416666666666666
0 0.7116666666666667 0.855 0.023333333333333334 0.05333333333333334
0 0.7266666666666667 0.8541666666666666 0.019166666666666665 0.07416666666666667
0 0.6541666666666667 0.8475 0.016666666666666666 0.05
0 0.6341666666666667 0.845 0.03333333333333333 0.056666666666666664
0 0.67 0.8325 0.020833333333333332 0.04416666666666667
0 0.63 0.9866666666666667 0.02 0.023333333333333334
0 0.6991666666666667 0.8258333333333333 0.02 0.07916666666666666
0 0.6883333333333334 0.8175 0.020833333333333332 0.05333333333333334
0 0.6491666666666667 0.8125 0.014166666666666666 0.024166666666666666
0 0.6666666666666666 0.7791666666666667 0.04 0.05583333333333333
0 0.7266666666666667 0.7641666666666667 0.025 0.049166666666666664
0 0.7141666666666666 0.7558333333333334 0.023333333333333334 0.07333333333333333
0 0.6091666666666666 0.705 0.018333333333333333 0.06833333333333333
0 0.5675 0.6841666666666667 0.0125 0.049166666666666664
0 0.5341666666666667 0.6816666666666666 0.024166666666666666 0.07666666666666666
0 0.5466666666666666 0.6716666666666666 0.014166666666666666 0.04583333333333333
0 0.5841666666666666 0.9725 0.018333333333333333 0.051666666666666666
0 0.14833333333333334 0.63 0.020833333333333332 0.0775
0 0.44666666666666666 0.6008333333333333 0.025 0.07166666666666667
0 0.5941666666666666 0.9675 0.0125 0.059166666666666666
0 0.08666666666666667 0.9616666666666667 0.03333333333333333 0.07333333333333333