0 0.8833333333333333 0.4683333333333333 0.05583333333333333 0.12833333333333333
0 0.795 0.5566666666666666 0.05 0.16
0 0.5441666666666667 0.6125 0.04416666666666667 0.1475
0 0.8816666666666667 0.6275 0.07166666666666667 0.12083333333333333
0 0.6866666666666666 0.6341666666666667 0.05583333333333333 0.14333333333333334
0 0.7358333333333333 0.6408333333333334 0.055 0.13
0 0.7816666666666666 0.655 0.043333333333333335 0.13666666666666666
0 0.6041666666666666 0.6633333333333333 0.041666666666666664 0.13416666666666666
0 0.5025 0.7425 0.045 0.13416666666666666
0 0.8075 0.7641666666666667 0.04416666666666667 0.12583333333333332
0 0.6766666666666666 0.77 0.05583333333333333 0.14166666666666666
0 0.5833333333333334 0.7725 0.05 0.12916666666666668
0 0.6275 0.8416666666666667 0.049166666666666664 0.12666666666666668
0 0.0575 0.1625 0.051666666666666666 0.14916666666666667
0 0.25 0.315 0.05583333333333333 0.135
0 0.375 0.445 0.05333333333333334 0.14083333333333334