0 0.4008333333333333 0.4608333333333333 0.043333333333333335 0.135
0 0.82 0.04416666666666667 0.075 0.08833333333333333
0 0.5133333333333333 0.5575 0.050833333333333335 0.14666666666666667
0 0.745 0.04666666666666667 0.07833333333333334 0.09333333333333334
0 0.5766666666666667 0.6558333333333334 0.06666666666666667 0.11666666666666667
0 0.5041666666666667 0.6791666666666667 0.07 0.08916666666666667
0 0.9875 0.7391666666666666 0.021666666666666667 0.12166666666666667
0 0.545 0.7616666666666667 0.07833333333333334 0.08166666666666667
0 0.4891666666666667 0.8083333333333333 0.0525 0.1275
0 0.6658333333333334 0.06 0.07666666666666666 0.07833333333333334
0 0.9908333333333333 0.13083333333333333 0.015 0.09833333333333333
0 0.6133333333333333 0.1525 0.0725 0.09083333333333334
0 0.5383333333333333 0.18833333333333332 0.075 0.07916666666666666
0 0.8166666666666667 0.205 0.059166666666666666 0.1125
0 0.8633333333333333 0.22416666666666665 0.050833333333333335 0.11666666666666667
0 0.675 0.015 0.08333333333333333 0.03
0 0.7491666666666666 0.24416666666666667 0.055 0.09916666666666667
0 0.7133333333333334 0.24583333333333332 0.04833333333333333 0.10166666666666667
0 0.9783333333333334 0.2608333333333333 0.04 0.075
0 0.45416666666666666 0.26416666666666666 0.03916666666666667 0.14333333333333334
0 0.5016666666666667 0.33666666666666667 0.05583333333333333 0.1125