0 0.46416666666666667 0.4925 0.020833333333333332 0.045
0 0.4791666666666667 0.5041666666666667 0.016666666666666666 0.06
0 0.49833333333333335 0.5058333333333334 0.019166666666666665 0.06833333333333333
0 0.5308333333333334 0.5083333333333333 0.015833333333333335 0.07
0 0.4625 0.5275 0.023333333333333334 0.07
0 0.5141666666666667 0.5466666666666666 0.0225 0.08833333333333333
0 0.47333333333333333 0.5483333333333333 0.023333333333333334 0.05416666666666667
0 0.49416666666666664 0.5791666666666667 0.02 0.075
0 0.4375 0.5833333333333334 0.023333333333333334 0.085
0 0.47583333333333333 0.5941666666666666 0.02666666666666667 0.0775
0 0.4575 0.605 0.0225 0.0725
0 0.5108333333333334 0.635 0.03166666666666667 0.08666666666666667
0 0.475 0.6533333333333333 0.024166666666666666 0.06916666666666667
0 0.4891666666666667 0.665 0.018333333333333333 0.06833333333333333
0 0.5158333333333334 0.6683333333333333 0.024166666666666666 0.09333333333333334
0 0.5266666666666666 0.6966666666666667 0.020833333333333332 0.0825
0 0.49916666666666665 0.7016666666666667 0.015 0.058333333333333334
0 0.47583333333333333 0.7066666666666667 0.0175 0.07
0 0.4608333333333333 0.73 0.018333333333333333 0.085
0 0.4925 0.7583333333333333 0.024166666666666666 0.06666666666666667
0 0.515 0.7775 0.043333333333333335 0.0525
0 0.42333333333333334 0.805 0.0425 0.07333333333333333
0 0.39916666666666667 0.8525 0.030833333333333334 0.0775
0 0.4975 0.19083333333333333 0.02666666666666667 0.08833333333333333
0 0.5291666666666667 0.215 0.021666666666666667 0.09166666666666666
0 0.5358333333333334 0.26416666666666666 0.0125 0.06416666666666666
0 0.5125 0.26666666666666666 0.015833333333333335 0.06583333333333333
0 0.5283333333333333 0.30083333333333334 0.013333333333333334 0.07416666666666667
0 0.515 0.30916666666666665 0.0175 0.06916666666666667
0 0.5383333333333333 0.335 0.02666666666666667 0.0775
0 0.5158333333333334 0.38 0.021666666666666667 0.07833333333333334
0 0.5258333333333334 0.4075 0.015833333333333335 0.06833333333333333
0 0.46 0.4216666666666667 0.021666666666666667 0.065
0 0.4925 0.425 0.0175 0.07416666666666667
0 0.4508333333333333 0.4266666666666667 0.019166666666666665 0.06666666666666667
0 0.475 0.44083333333333335 0.0125 0.08166666666666667
0 0.5341666666666667 0.4425 0.015 0.0725
0 0.485 0.4425 0.016666666666666666 0.08583333333333333
0 0.51 0.4508333333333333 0.018333333333333333 0.0625
0 0.5191666666666667 0.47583333333333333 0.0175 0.05583333333333333
0 0.4533333333333333 0.48083333333333333 0.021666666666666667 0.06916666666666667