0 0.49166666666666664 0.5091666666666667 0.03916666666666667 0.06166666666666667
0 0.865 0.5141666666666667 0.02 0.09333333333333334
0 0.8975 0.5208333333333334 0.023333333333333334 0.08
0 0.9458333333333333 0.53 0.035 0.059166666666666666
0 0.9241666666666667 0.5325 0.025833333333333333 0.07166666666666667
0 0.8833333333333333 0.5725 0.0275 0.07833333333333334
0 0.9625 0.5891666666666666 0.03166666666666667 0.0675
0 0.2425 0.5966666666666667 0.03833333333333333 0.075
0 0.8741666666666666 0.6358333333333334 0.025833333333333333 0.09583333333333334
0 0.9125 0.6466666666666666 0.035 0.08083333333333333
0 0.1525 0.7083333333333334 0.04416666666666667 0.04416666666666667
0 0.875 0.72 0.03333333333333333 0.07333333333333333
0 0.12416666666666666 0.745 0.0425 0.05416666666666667
0 0.8125 0.7466666666666667 0.03333333333333333 0.04833333333333333
0 0.15333333333333332 0.7475 0.0425 0.0425
0 0.8383333333333334 0.7533333333333333 0.034166666666666665 0.07666666666666666
0 0.19166666666666668 0.7625 0.050833333333333335 0.0375
0 0.8166666666666667 0.7708333333333334 0.028333333333333332 0.04083333333333333
0 0.15916666666666668 0.7791666666666667 0.0425 0.0325
0 0.8425 0.7916666666666666 0.03833333333333333 0.06
0 0.8066666666666666 0.8016666666666666 0.05583333333333333 0.0375
0 0.14166666666666666 0.8075 0.0375 0.043333333333333335
0 0.7533333333333333 0.07666666666666666 0.0275 0.08166666666666667
0 0.16916666666666666 0.8133333333333334 0.0425 0.0425
0 0.8291666666666667 0.83 0.04666666666666667 0.0425
0 0.11 0.8441666666666666 0.015 0.0475
0 0.14083333333333334 0.8516666666666667 0.021666666666666667 0.07166666666666667
0 0.1225 0.8625 0.023333333333333334 0.08416666666666667
0 0.14166666666666666 0.8816666666666667 0.025 0.051666666666666666
0 0.17083333333333334 0.9025 0.030833333333333334 0.05583333333333333
0 0.14583333333333334 0.9108333333333334 0.034166666666666665 0.0575
0 0.2708333333333333 0.9183333333333333 0.0325 0.0725
0 0.17083333333333334 0.925 0.0325 0.04583333333333333
0 0.1225 0.9308333333333333 0.020833333333333332 0.07
0 0.14166666666666666 0.9516666666666667 0.03 0.058333333333333334
0 0.28833333333333333 0.9633333333333334 0.0375 0.04583333333333333
0 0.2025 0.965 0.03333333333333333 0.06916666666666667
0 0.2608333333333333 0.9658333333333333 0.03666666666666667 0.050833333333333335
0 0.14916666666666667 0.9716666666666667 0.041666666666666664 0.05333333333333334
0 0.2525 0.9741666666666666 0.035 0.05
0 0.25 0.99 0.03166666666666667 0.018333333333333333
0 0.12333333333333334 0.9816666666666667 0.03333333333333333 0.03333333333333333
0 0.2841666666666667 0.9925 0.035 0.014166666666666666
0 0.8 0.21666666666666667 0.02666666666666667 0.05416666666666667
0 0.8016666666666666 0.24666666666666667 0.02666666666666667 0.051666666666666666
0 0.8233333333333334 0.25333333333333335 0.018333333333333333 0.07916666666666666
0 0.7875 0.25666666666666665 0.018333333333333333 0.05583333333333333
0 0.8116666666666666 0.2966666666666667 0.0325 0.0625
0 0.7966666666666666 0.31083333333333335 0.023333333333333334 0.03916666666666667
0 0.8316666666666667 0.3225 0.018333333333333333 0.07333333333333333
0 0.7541666666666667 0.3458333333333333 0.0275 0.0775
0 0.195 0.36333333333333334 0.034166666666666665 0.0375
0 0.17166666666666666 0.37583333333333335 0.025 0.075
0 0.8766666666666667 0.37583333333333335 0.03333333333333333 0.0725
0 0.1875 0.3975 0.03666666666666667 0.035833333333333335
0 0.8391666666666666 0.4033333333333333 0.025833333333333333 0.09333333333333334
0 0.32083333333333336 0.4083333333333333 0.04833333333333333 0.045
0 0.18583333333333332 0.425 0.04 0.035833333333333335
0 0.8833333333333333 0.42583333333333334 0.018333333333333333 0.0775
0 0.75 0.04083333333333333 0.025833333333333333 0.08166666666666667
0 0.8691666666666666 0.43 0.020833333333333332 0.08416666666666667
0 0.16 0.4375 0.0275 0.058333333333333334
0 0.92 0.44666666666666666 0.0225 0.08
0 0.9025 0.4483333333333333 0.025 0.07583333333333334
0 0.18583333333333332 0.4658333333333333 0.035 0.041666666666666664
0 0.165 0.4666666666666667 0.03333333333333333 0.058333333333333334
0 0.8791666666666667 0.4791666666666667 0.020833333333333332 0.085