0 0.8333333333333334 0.525 0.05583333333333333 0.10583333333333333
0 0.10416666666666667 0.37083333333333335 0.060833333333333336 0.11333333333333333
0 0.385 0.30666666666666664 0.07333333333333333 0.1025
0 0.9616666666666667 0.0075 0.0625 0.014166666666666666
0 0.3516666666666667 0.8975 0.049166666666666664 0.13666666666666666
0 0.5908333333333333 0.8933333333333333 0.049166666666666664 0.125
0 0.8966666666666666 0.8633333333333333 0.04583333333333333 0.1325
0 0.955 0.9925 0.06 0.011666666666666667
0 0.5183333333333333 0.8408333333333333 0.043333333333333335 0.12416666666666666
0 0.30083333333333334 0.84 0.04583333333333333 0.1275
0 0.9641666666666666 0.7275 0.058333333333333334 0.13
0 0.295 0.7058333333333333 0.058333333333333334 0.13333333333333333
0 0.14583333333333334 0.66 0.07083333333333333 0.1
0 0.12 0.5616666666666666 0.06416666666666666 0.11