0 0.5725 0.5125 0.0225 0.0925
0 0.7291666666666666 0.495 0.050833333333333335 0.05583333333333333
0 0.5891666666666666 0.49166666666666664 0.020833333333333332 0.08333333333333333
0 0.7358333333333333 0.45666666666666667 0.04666666666666667 0.056666666666666664
0 0.7683333333333333 0.42833333333333334 0.030833333333333334 0.07666666666666666
0 0.5933333333333334 0.4175 0.025 0.09166666666666666
0 0.25916666666666666 0.38 0.02666666666666667 0.06166666666666667
0 0.4683333333333333 0.37 0.024166666666666666 0.08666666666666667
0 0.6216666666666667 0.355 0.034166666666666665 0.07583333333333334
0 0.43833333333333335 0.35083333333333333 0.05 0.051666666666666666
0 0.2708333333333333 0.335 0.028333333333333332 0.0725
0 0.2625 0.3225 0.023333333333333334 0.07333333333333333
0 0.6241666666666666 0.31166666666666665 0.04 0.05333333333333334
0 0.3025 0.30083333333333334 0.03333333333333333 0.0925
0 0.4058333333333333 0.2975 0.04 0.07666666666666666
0 0.6516666666666666 0.2875 0.02666666666666667 0.05
0 0.4791666666666667 0.2675 0.030833333333333334 0.08166666666666667
0 0.2658333333333333 0.265 0.0375 0.05333333333333334
0 0.28583333333333333 0.26166666666666666 0.0325 0.0725
0 0.6425 0.25416666666666665 0.029166666666666667 0.07333333333333333
0 0.4083333333333333 0.24666666666666667 0.030833333333333334 0.08916666666666667
0 0.3308333333333333 0.22833333333333333 0.020833333333333332 0.08083333333333333
0 0.36916666666666664 0.22333333333333333 0.0225 0.08166666666666667
0 0.6708333333333333 0.22 0.034166666666666665 0.07583333333333334
0 0.39416666666666667 0.20916666666666667 0.023333333333333334 0.09666666666666666
0 0.2608333333333333 0.2075 0.04416666666666667 0.04833333333333333
0 0.6616666666666666 0.195 0.025 0.05416666666666667
0 0.235 0.19416666666666665 0.03833333333333333 0.06333333333333334
0 0.3566666666666667 0.17583333333333334 0.021666666666666667 0.07666666666666666
0 0.3125 0.17 0.041666666666666664 0.043333333333333335
0 0.3875 0.16416666666666666 0.025 0.08333333333333333
0 0.27666666666666667 0.1625 0.05333333333333334 0.04083333333333333
0 0.6908333333333333 0.15416666666666667 0.0375 0.07916666666666666
0 0.3408333333333333 0.14416666666666667 0.021666666666666667 0.09
0 0.3775 0.12333333333333334 0.025 0.07583333333333334
0 0.2925 0.0925 0.04583333333333333 0.03833333333333333
0 0.3983333333333333 0.09 0.019166666666666665 0.08333333333333333
0 0.3525 0.085 0.023333333333333334 0.08083333333333333
0 0.37 0.07833333333333334 0.023333333333333334 0.08416666666666667
0 0.4925 0.07166666666666667 0.029166666666666667 0.06666666666666667
0 0.5458333333333333 0.06666666666666667 0.03833333333333333 0.060833333333333336
0 0.39416666666666667 0.03916666666666667 0.024166666666666666 0.0775
0 0.4816666666666667 0.020833333333333332 0.035 0.04083333333333333
0 0.535 0.0225 0.035833333333333335 0.043333333333333335
0 0.5058333333333334 0.024166666666666666 0.0325 0.04666666666666667
0 0.5658333333333333 0.018333333333333333 0.03833333333333333 0.035833333333333335
0 0.5 0.005833333333333334 0.028333333333333332 0.010833333333333334
0 0.7408333333333333 0.8425 0.034166666666666665 0.058333333333333334
0 0.8125 0.8291666666666667 0.019166666666666665 0.0875
0 0.7841666666666667 0.8191666666666667 0.02 0.08416666666666667
0 0.77 0.7933333333333333 0.03333333333333333 0.06916666666666667
0 0.7541666666666667 0.7425 0.02666666666666667 0.08166666666666667
0 0.5758333333333333 0.6616666666666666 0.0325 0.07333333333333333
0 0.6041666666666666 0.595 0.0425 0.07833333333333334
0 0.5583333333333333 0.5858333333333333 0.0225 0.07083333333333333
0 0.575 0.5841666666666666 0.029166666666666667 0.08666666666666667
0 0.6558333333333334 0.5591666666666667 0.051666666666666666 0.04083333333333333
0 0.7016666666666667 0.54 0.043333333333333335 0.05583333333333333