0 0.5225 0.4741666666666667 0.034166666666666665 0.04083333333333333
0 0.44083333333333335 0.47833333333333333 0.029166666666666667 0.06916666666666667
0 0.42 0.49916666666666665 0.023333333333333334 0.0825
0 0.49833333333333335 0.5008333333333334 0.051666666666666666 0.03833333333333333
0 0.4 0.5083333333333333 0.030833333333333334 0.07416666666666667
0 0.5608333333333333 0.5108333333333334 0.0375 0.08083333333333333
0 0.55 0.5125 0.0425 0.055
0 0.5858333333333333 0.5275 0.029166666666666667 0.09833333333333333
0 0.5091666666666667 0.53 0.0475 0.03666666666666667
0 0.5283333333333333 0.5558333333333333 0.04833333333333333 0.041666666666666664
0 0.5608333333333333 0.5575 0.025833333333333333 0.0625
0 0.49166666666666664 0.5633333333333334 0.0375 0.050833333333333335
0 0.5275 0.5816666666666667 0.0375 0.04083333333333333
0 0.5541666666666667 0.5958333333333333 0.020833333333333332 0.09666666666666666
0 0.5691666666666667 0.6166666666666667 0.0225 0.09416666666666666
0 0.5808333333333333 0.6491666666666667 0.0275 0.10083333333333333
0 0.5683333333333334 0.725 0.019166666666666665 0.09416666666666666
0 0.5683333333333334 0.7608333333333334 0.03 0.0725
0 0.4716666666666667 0.36333333333333334 0.023333333333333334 0.08583333333333333
0 0.4375 0.38333333333333336 0.04 0.06
0 0.4508333333333333 0.3883333333333333 0.03333333333333333 0.07833333333333334
0 0.4025 0.3975 0.0425 0.043333333333333335
0 0.4825 0.4008333333333333 0.0425 0.05583333333333333
0 0.49833333333333335 0.415 0.0375 0.07416666666666667
0 0.5433333333333333 0.42833333333333334 0.051666666666666666 0.06416666666666666
0 0.44583333333333336 0.42916666666666664 0.03666666666666667 0.05333333333333334
0 0.39666666666666667 0.43 0.03666666666666667 0.0625
0 0.4716666666666667 0.43333333333333335 0.0375 0.065
0 0.5 0.43333333333333335 0.03333333333333333 0.08416666666666667
0 0.3775 0.43583333333333335 0.0275 0.050833333333333335
0 0.42333333333333334 0.44333333333333336 0.0275 0.07916666666666666
0 0.4058333333333333 0.4525 0.041666666666666664 0.08416666666666667
0 0.5525 0.45916666666666667 0.03666666666666667 0.049166666666666664