0 0.535 0.5316666666666666 0.03 0.06416666666666666
0 0.565 0.5308333333333334 0.025833333333333333 0.09083333333333334
0 0.5166666666666667 0.5158333333333334 0.0325 0.07666666666666666
0 0.5991666666666666 0.9583333333333334 0.06333333333333334 0.056666666666666664
0 0.5575 0.49083333333333334 0.020833333333333332 0.09583333333333334
0 0.4683333333333333 0.48083333333333333 0.04083333333333333 0.03666666666666667
0 0.5833333333333334 0.475 0.0225 0.08166666666666667
0 0.5008333333333334 0.4741666666666667 0.03916666666666667 0.08583333333333333
0 0.52 0.4658333333333333 0.025833333333333333 0.0825
0 0.5425 0.45 0.023333333333333334 0.09333333333333334
0 0.5783333333333334 0.43666666666666665 0.0175 0.056666666666666664
0 0.5591666666666667 0.4325 0.016666666666666666 0.07833333333333334
0 0.5658333333333333 0.4041666666666667 0.020833333333333332 0.07916666666666666
0 0.5166666666666667 0.3975 0.0225 0.09
0 0.47 0.38416666666666666 0.03 0.10416666666666667
0 0.54 0.37916666666666665 0.02666666666666667 0.08
0 0.5325 0.3441666666666667 0.0175 0.0725
0 0.5175 0.34 0.02666666666666667 0.07
0 0.5025 0.3075 0.055 0.04833333333333333
0 0.6108333333333333 0.9383333333333334 0.03833333333333333 0.055
0 0.6533333333333333 0.9333333333333333 0.04416666666666667 0.04833333333333333
0 0.6208333333333333 0.9291666666666667 0.04083333333333333 0.05583333333333333
0 0.5925 0.9875 0.051666666666666666 0.021666666666666667
0 0.6741666666666667 0.9866666666666667 0.051666666666666666 0.023333333333333334
0 0.6808333333333333 0.7708333333333334 0.035 0.08833333333333333
0 0.635 0.7466666666666667 0.055 0.05
0 0.6716666666666666 0.7441666666666666 0.04 0.09916666666666667
0 0.6725 0.7025 0.0475 0.07083333333333333
0 0.6366666666666667 0.6925 0.049166666666666664 0.04583333333333333
0 0.5925 0.6416666666666667 0.06333333333333334 0.04666666666666667
0 0.6716666666666666 0.9691666666666666 0.0525 0.03333333333333333
0 0.5225 0.585 0.034166666666666665 0.07333333333333333
0 0.505 0.5733333333333334 0.03916666666666667 0.03666666666666667
0 0.5441666666666667 0.57 0.020833333333333332 0.08333333333333333