0 0.5875 0.445 0.030833333333333334 0.08833333333333333
0 0.5716666666666667 0.465 0.015833333333333335 0.09166666666666666
0 0.5541666666666667 0.4766666666666667 0.03333333333333333 0.07916666666666666
0 0.6116666666666667 0.47833333333333333 0.021666666666666667 0.09083333333333334
0 0.5825 0.4866666666666667 0.018333333333333333 0.08083333333333333
0 0.765 0.505 0.04 0.056666666666666664
0 0.8025 0.5125 0.041666666666666664 0.03833333333333333
0 0.6516666666666666 0.5141666666666667 0.04666666666666667 0.0425
0 0.555 0.5166666666666667 0.021666666666666667 0.06666666666666667
0 0.8208333333333333 0.52 0.03833333333333333 0.05
0 0.7825 0.5408333333333334 0.03916666666666667 0.03666666666666667
0 0.3925 0.5883333333333334 0.03 0.06
0 0.2941666666666667 0.5941666666666666 0.023333333333333334 0.09
0 0.265 0.615 0.03916666666666667 0.03916666666666667
0 0.2725 0.6483333333333333 0.020833333333333332 0.058333333333333334
0 0.22416666666666665 0.6558333333333334 0.0425 0.06416666666666666
0 0.2525 0.6616666666666666 0.025 0.06833333333333333
0 0.2275 0.675 0.03666666666666667 0.06166666666666667
0 0.26166666666666666 0.6841666666666667 0.019166666666666665 0.09083333333333334
0 0.28 0.7025 0.0225 0.06
0 0.23833333333333334 0.7241666666666666 0.016666666666666666 0.0775
0 0.2525 0.73 0.023333333333333334 0.08916666666666667
0 0.21916666666666668 0.7325 0.02666666666666667 0.08083333333333333
0 0.8941666666666667 0.7508333333333334 0.04 0.04666666666666667
0 0.225 0.7708333333333334 0.030833333333333334 0.0975
0 0.845 0.7708333333333334 0.04083333333333333 0.043333333333333335
0 0.5141666666666667 0.1675 0.018333333333333333 0.09416666666666666
0 0.4975 0.20166666666666666 0.024166666666666666 0.08083333333333333
0 0.5 0.2425 0.020833333333333332 0.0775
0 0.6116666666666667 0.2425 0.04416666666666667 0.04666666666666667
0 0.6258333333333334 0.2683333333333333 0.045 0.04
0 0.6483333333333333 0.2925 0.04416666666666667 0.043333333333333335
0 0.6575 0.3333333333333333 0.03333333333333333 0.07166666666666667
0 0.5983333333333334 0.43083333333333335 0.03 0.08416666666666667