0 0.2708333333333333 0.4683333333333333 0.03333333333333333 0.03916666666666667
0 0.2975 0.4691666666666667 0.03833333333333333 0.034166666666666665
0 0.6566666666666666 0.4725 0.020833333333333332 0.08833333333333333
0 0.26166666666666666 0.49083333333333334 0.020833333333333332 0.051666666666666666
0 0.2475 0.49083333333333334 0.0175 0.060833333333333336
0 0.30333333333333334 0.49916666666666665 0.0275 0.035
0 0.32083333333333336 0.5158333333333334 0.019166666666666665 0.07416666666666667
0 0.2633333333333333 0.5216666666666666 0.02666666666666667 0.03333333333333333
0 0.2275 0.5225 0.0175 0.0775
0 0.24166666666666667 0.5283333333333333 0.018333333333333333 0.06
0 0.29 0.5341666666666667 0.034166666666666665 0.05333333333333334
0 0.25916666666666666 0.5458333333333333 0.023333333333333334 0.0425
0 0.26 0.5683333333333334 0.02666666666666667 0.04583333333333333
0 0.24333333333333335 0.5733333333333334 0.020833333333333332 0.055
0 0.29583333333333334 0.5841666666666666 0.023333333333333334 0.06583333333333333
0 0.6108333333333333 0.059166666666666666 0.029166666666666667 0.04666666666666667
0 0.285 0.595 0.029166666666666667 0.056666666666666664
0 0.25833333333333336 0.5958333333333333 0.021666666666666667 0.056666666666666664
0 0.22833333333333333 0.5966666666666667 0.016666666666666666 0.0725
0 0.7191666666666666 0.06 0.0225 0.07583333333333334
0 0.2775 0.6241666666666666 0.02 0.06833333333333333
0 0.23916666666666667 0.6466666666666666 0.02666666666666667 0.08416666666666667
0 0.6241666666666666 0.66 0.02666666666666667 0.075
0 0.2475 0.6675 0.020833333333333332 0.08666666666666667
0 0.605 0.6758333333333333 0.035833333333333335 0.055
0 0.26166666666666666 0.6883333333333334 0.025 0.08416666666666667
0 0.2275 0.6883333333333334 0.018333333333333333 0.07083333333333333
0 0.5758333333333333 0.6958333333333333 0.04416666666666667 0.06416666666666666
0 0.5175 0.71 0.025 0.07916666666666666
0 0.25833333333333336 0.7266666666666667 0.03 0.05
0 0.2841666666666667 0.7325 0.03333333333333333 0.056666666666666664
0 0.585 0.7358333333333333 0.0225 0.07083333333333333
0 0.5683333333333334 0.7375 0.025 0.06166666666666667
0 0.2525 0.7491666666666666 0.029166666666666667 0.06333333333333334
0 0.5508333333333333 0.7566666666666667 0.023333333333333334 0.06833333333333333
0 0.2816666666666667 0.7816666666666666 0.035833333333333335 0.05583333333333333
0 0.26 0.7933333333333333 0.030833333333333334 0.059166666666666666
0 0.2841666666666667 0.815 0.03916666666666667 0.06583333333333333
0 0.2625 0.8366666666666667 0.0225 0.060833333333333336
0 0.6333333333333333 0.9383333333333334 0.03333333333333333 0.08
0 0.25666666666666665 0.96 0.020833333333333332 0.075
0 0.6225 0.9841666666666666 0.025 0.028333333333333332
0 0.6691666666666667 0.1075 0.029166666666666667 0.04
0 0.6991666666666667 0.1075 0.021666666666666667 0.06333333333333334
0 0.6758333333333333 0.12416666666666666 0.035833333333333335 0.03916666666666667
0 0.7058333333333333 0.12666666666666668 0.02666666666666667 0.059166666666666666
0 0.6166666666666667 0.13083333333333333 0.0325 0.028333333333333332
0 0.6383333333333333 0.13916666666666666 0.0375 0.03666666666666667
0 0.5858333333333333 0.14166666666666666 0.04 0.03916666666666667
0 0.6075 0.15666666666666668 0.0375 0.03166666666666667
0 0.5633333333333334 0.165 0.03666666666666667 0.0275
0 0.6925 0.17 0.025 0.0525
0 0.5158333333333334 0.18333333333333332 0.03916666666666667 0.07
0 0.41583333333333333 0.19083333333333333 0.03166666666666667 0.0475
0 0.43 0.20666666666666667 0.035 0.045
0 0.455 0.2075 0.03166666666666667 0.0675
0 0.39166666666666666 0.21333333333333335 0.030833333333333334 0.06666666666666667
0 0.5391666666666667 0.21416666666666667 0.035 0.045
0 0.38083333333333336 0.21666666666666667 0.029166666666666667 0.04416666666666667
0 0.5125 0.2275 0.035 0.04666666666666667
0 0.39916666666666667 0.23333333333333334 0.029166666666666667 0.06
0 0.37166666666666665 0.26666666666666666 0.034166666666666665 0.045
0 0.6325 0.2708333333333333 0.030833333333333334 0.029166666666666667
0 0.3958333333333333 0.2841666666666667 0.018333333333333333 0.0675
0 0.5991666666666666 0.2916666666666667 0.029166666666666667 0.025833333333333333
0 0.6216666666666667 0.29583333333333334 0.034166666666666665 0.03333333333333333
0 0.37916666666666665 0.30083333333333334 0.023333333333333334 0.06666666666666667
0 0.5933333333333334 0.31166666666666665 0.03333333333333333 0.0275
0 0.6158333333333333 0.3233333333333333 0.03 0.03916666666666667
0 0.6333333333333333 0.3258333333333333 0.024166666666666666 0.051666666666666666
0 0.5858333333333333 0.34 0.035 0.03166666666666667
0 0.6683333333333333 0.3525 0.025 0.07333333333333333
0 0.3675 0.35833333333333334 0.018333333333333333 0.07916666666666666
0 0.6066666666666667 0.36083333333333334 0.030833333333333334 0.050833333333333335
0 0.33166666666666667 0.37 0.0175 0.0675
0 0.5833333333333334 0.37666666666666665 0.02666666666666667 0.050833333333333335
0 0.5633333333333334 0.37916666666666665 0.025 0.04666666666666667
0 0.3175 0.3883333333333333 0.019166666666666665 0.051666666666666666
0 0.6566666666666666 0.3925 0.016666666666666666 0.0525
0 0.2633333333333333 0.39416666666666667 0.035833333333333335 0.043333333333333335
0 0.2875 0.3975 0.03666666666666667 0.024166666666666666
0 0.3383333333333333 0.4116666666666667 0.018333333333333333 0.06916666666666667
0 0.31916666666666665 0.41583333333333333 0.019166666666666665 0.060833333333333336
0 0.4041666666666667 0.41583333333333333 0.03166666666666667 0.08166666666666667
0 0.555 0.4166666666666667 0.0275 0.0475
0 0.27 0.41833333333333333 0.035 0.028333333333333332
0 0.35083333333333333 0.4266666666666667 0.016666666666666666 0.07833333333333334
0 0.2925 0.43416666666666665 0.03666666666666667 0.03916666666666667
0 0.5833333333333334 0.43666666666666665 0.0475 0.04416666666666667
0 0.265 0.4375 0.03166666666666667 0.034166666666666665
0 0.2475 0.4375 0.021666666666666667 0.06416666666666666