0 0.665 0.5133333333333333 0.043333333333333335 0.06833333333333333
0 0.6958333333333333 0.5066666666666667 0.03166666666666667 0.07583333333333334
0 0.6725 0.4975 0.025 0.05583333333333333
0 0.69 0.4116666666666667 0.025 0.085
0 0.011666666666666667 0.8858333333333334 0.021666666666666667 0.06583333333333333
0 0.16416666666666666 0.7791666666666667 0.04666666666666667 0.04833333333333333
0 0.1025 0.7725 0.06 0.04833333333333333
0 0.19083333333333333 0.7366666666666667 0.04833333333333333 0.06333333333333334
0 0.5691666666666667 0.7291666666666666 0.051666666666666666 0.04833333333333333
0 0.5966666666666667 0.7275 0.0525 0.05583333333333333
0 0.6341666666666667 0.7233333333333334 0.04 0.0425
0 0.5341666666666667 0.7141666666666666 0.058333333333333334 0.05333333333333334
0 0.45916666666666667 0.7133333333333334 0.05583333333333333 0.03833333333333333
0 0.6683333333333333 0.6866666666666666 0.03833333333333333 0.09916666666666667
0 0.6341666666666667 0.6725 0.04666666666666667 0.05333333333333334
0 0.4825 0.6708333333333333 0.043333333333333335 0.058333333333333334
0 0.6108333333333333 0.6658333333333334 0.0475 0.06583333333333333
0 0.41333333333333333 0.655 0.05 0.045
0 0.5491666666666667 0.6525 0.0525 0.04583333333333333
0 0.3725 0.6416666666666667 0.05416666666666667 0.04083333333333333
0 0.44333333333333336 0.6375 0.05416666666666667 0.04083333333333333
0 0.41083333333333333 0.6141666666666666 0.0475 0.04416666666666667
0 0.6758333333333333 0.5775 0.023333333333333334 0.09