0 0.7933333333333333 0.02666666666666667 0.03666666666666667 0.05333333333333334
0 0.8058333333333333 0.4583333333333333 0.03 0.07416666666666667
0 0.8358333333333333 0.03333333333333333 0.023333333333333334 0.06666666666666667
0 0.33666666666666667 0.6 0.034166666666666665 0.0775
0 0.775 0.6025 0.03166666666666667 0.08333333333333333
0 0.30416666666666664 0.6383333333333333 0.03666666666666667 0.07583333333333334
0 0.2825 0.6558333333333334 0.029166666666666667 0.07916666666666666
0 0.32166666666666666 0.6591666666666667 0.029166666666666667 0.043333333333333335
0 0.8508333333333333 0.04416666666666667 0.023333333333333334 0.06583333333333333
0 0.22916666666666666 0.6866666666666666 0.035833333333333335 0.058333333333333334
0 0.135 0.6983333333333334 0.020833333333333332 0.06833333333333333
0 0.265 0.6991666666666667 0.0175 0.08916666666666667
0 0.8266666666666667 0.04666666666666667 0.020833333333333332 0.058333333333333334
0 0.30666666666666664 0.705 0.0375 0.06166666666666667
0 0.2816666666666667 0.7075 0.021666666666666667 0.06583333333333333
0 0.17 0.72 0.0475 0.035
0 0.205 0.7225 0.04416666666666667 0.034166666666666665
0 0.25083333333333335 0.7358333333333333 0.035 0.05333333333333334
0 0.21666666666666667 0.7416666666666667 0.03833333333333333 0.043333333333333335
0 0.1625 0.7441666666666666 0.041666666666666664 0.05333333333333334
0 0.18583333333333332 0.7458333333333333 0.029166666666666667 0.04083333333333333
0 0.14 0.7475 0.0375 0.055
0 0.23416666666666666 0.7525 0.035 0.03166666666666667
0 0.2075 0.77 0.035 0.03
0 0.13416666666666666 0.78 0.02 0.07166666666666667
0 0.185 0.7825 0.0275 0.04
0 0.16333333333333333 0.7866666666666666 0.035833333333333335 0.0375
0 0.07833333333333334 0.7875 0.0325 0.06333333333333334
0 0.24916666666666668 0.7908333333333334 0.028333333333333332 0.05333333333333334
0 0.21083333333333334 0.7933333333333333 0.035833333333333335 0.0275
0 0.155 0.7941666666666667 0.029166666666666667 0.04583333333333333
0 0.2025 0.8158333333333333 0.035833333333333335 0.035833333333333335
0 0.12 0.8158333333333333 0.0325 0.04666666666666667
0 0.15416666666666667 0.8183333333333334 0.035 0.04666666666666667
0 0.24583333333333332 0.8208333333333333 0.041666666666666664 0.058333333333333334
0 0.18416666666666667 0.8208333333333333 0.024166666666666666 0.03833333333333333
0 0.10583333333333333 0.8366666666666667 0.03166666666666667 0.049166666666666664
0 0.07166666666666667 0.84 0.03833333333333333 0.035833333333333335
0 0.135 0.8425 0.03666666666666667 0.03333333333333333
0 0.049166666666666664 0.855 0.023333333333333334 0.07083333333333333
0 0.24666666666666667 0.8591666666666666 0.03166666666666667 0.058333333333333334
0 0.07666666666666666 0.8616666666666667 0.034166666666666665 0.03333333333333333
0 0.1125 0.8633333333333333 0.0425 0.045
0 0.09416666666666666 0.88 0.03666666666666667 0.03833333333333333
0 0.7875 0.06583333333333333 0.03166666666666667 0.05333333333333334
0 0.15833333333333333 0.905 0.050833333333333335 0.05
0 0.115 0.9125 0.05 0.043333333333333335
0 0.8066666666666666 0.08583333333333333 0.018333333333333333 0.06416666666666666
0 0.8483333333333334 0.0875 0.025833333333333333 0.05
0 0.82 0.08916666666666667 0.029166666666666667 0.07
0 0.8658333333333333 0.12 0.02666666666666667 0.06333333333333334
0 0.8475 0.12666666666666668 0.03 0.055
0 0.8341666666666666 0.004166666666666667 0.028333333333333332 0.008333333333333333
0 0.8208333333333333 0.14666666666666667 0.041666666666666664 0.058333333333333334
0 0.8433333333333334 0.15416666666666667 0.030833333333333334 0.06916666666666667
0 0.7908333333333334 0.006666666666666667 0.023333333333333334 0.0125
0 0.8125 0.0075 0.03166666666666667 0.015
0 0.8208333333333333 0.17916666666666667 0.029166666666666667 0.08
0 0.8658333333333333 0.18416666666666667 0.018333333333333333 0.07083333333333333
0 0.8475 0.19916666666666666 0.02 0.050833333333333335
0 0.8408333333333333 0.2175 0.015833333333333335 0.0675
0 0.8225 0.22166666666666668 0.030833333333333334 0.08166666666666667
0 0.8525 0.24833333333333332 0.016666666666666666 0.058333333333333334
0 0.8566666666666667 0.2608333333333333 0.025833333333333333 0.08083333333333333
0 0.8391666666666666 0.275 0.019166666666666665 0.0575
0 0.8341666666666666 0.33416666666666667 0.020833333333333332 0.07416666666666667
0 0.8216666666666667 0.3466666666666667 0.02 0.07333333333333333
0 0.8108333333333333 0.025 0.021666666666666667 0.05