0 0.21416666666666667 0.4691666666666667 0.020833333333333332 0.06916666666666667
0 0.5183333333333333 0.44916666666666666 0.018333333333333333 0.075
0 0.19833333333333333 0.44583333333333336 0.025833333333333333 0.08583333333333333
0 0.22333333333333333 0.41 0.023333333333333334 0.06666666666666667
0 0.24333333333333335 0.395 0.024166666666666666 0.06
0 0.28583333333333333 0.385 0.03833333333333333 0.05
0 0.7358333333333333 0.9875 0.024166666666666666 0.024166666666666666
0 0.7183333333333334 0.985 0.0225 0.029166666666666667
0 0.23 0.36333333333333334 0.0275 0.08333333333333333
0 0.25333333333333335 0.3566666666666667 0.0275 0.07333333333333333
0 0.285 0.3525 0.03916666666666667 0.049166666666666664
0 0.31333333333333335 0.2608333333333333 0.02 0.07916666666666666
0 0.3491666666666667 0.19166666666666668 0.03166666666666667 0.07666666666666666
0 0.2825 0.17583333333333334 0.04666666666666667 0.07083333333333333
0 0.33 0.13666666666666666 0.0175 0.07166666666666667
0 0.3425 0.11666666666666667 0.0175 0.0825
0 0.36 0.10416666666666667 0.025833333333333333 0.08833333333333333
0 0.37916666666666665 0.08833333333333333 0.028333333333333332 0.0825
0 0.31916666666666665 0.08666666666666667 0.018333333333333333 0.07333333333333333
0 0.3958333333333333 0.05583333333333333 0.018333333333333333 0.06
0 0.3591666666666667 0.05333333333333334 0.019166666666666665 0.0825
0 0.3358333333333333 0.05 0.016666666666666666 0.09083333333333334
0 0.38166666666666665 0.049166666666666664 0.023333333333333334 0.07083333333333333
0 0.3433333333333333 0.034166666666666665 0.019166666666666665 0.06666666666666667
0 0.36083333333333334 0.020833333333333332 0.023333333333333334 0.04083333333333333
0 0.38416666666666666 0.011666666666666667 0.03166666666666667 0.0225
0 0.3475 0.005 0.0125 0.009166666666666667
0 0.4533333333333333 0.005 0.0525 0.008333333333333333
0 0.7191666666666666 0.9666666666666667 0.041666666666666664 0.05416666666666667
0 0.7941666666666667 0.96 0.0275 0.049166666666666664
0 0.7825 0.9525 0.0375 0.06416666666666666
0 0.7508333333333334 0.9416666666666667 0.03166666666666667 0.0925
0 0.8133333333333334 0.9166666666666666 0.0175 0.07666666666666666
0 0.7425 0.915 0.035 0.07416666666666667
0 0.7766666666666666 0.9133333333333333 0.0275 0.06833333333333333
0 0.8 0.8891666666666667 0.028333333333333332 0.051666666666666666
0 0.84 0.8575 0.019166666666666665 0.06916666666666667
0 0.7991666666666667 0.8558333333333333 0.0375 0.058333333333333334
0 0.8558333333333333 0.8558333333333333 0.015 0.06
0 0.8333333333333334 0.8516666666666667 0.029166666666666667 0.07333333333333333
0 0.8708333333333333 0.8458333333333333 0.016666666666666666 0.07083333333333333
0 0.8241666666666667 0.8458333333333333 0.0275 0.056666666666666664
0 0.7908333333333334 0.835 0.03916666666666667 0.056666666666666664
0 0.7866666666666666 0.8266666666666667 0.03333333333333333 0.02666666666666667
0 0.8575 0.8075 0.035 0.03666666666666667
0 0.8216666666666667 0.7941666666666667 0.025 0.0825
0 0.8 0.7941666666666667 0.0475 0.06
0 0.8358333333333333 0.785 0.018333333333333333 0.08166666666666667
0 0.8733333333333333 0.7775 0.020833333333333332 0.08083333333333333
0 0.8516666666666667 0.7491666666666666 0.02 0.09333333333333334
0 0.8825 0.7475 0.019166666666666665 0.08833333333333333
0 0.73 0.725 0.024166666666666666 0.085
0 0.8666666666666667 0.6933333333333334 0.020833333333333332 0.0825
0 0.6566666666666666 0.6666666666666666 0.020833333333333332 0.045
0 0.6466666666666666 0.6316666666666667 0.020833333333333332 0.043333333333333335
0 0.6658333333333334 0.6183333333333333 0.028333333333333332 0.0775