0 0.2841666666666667 0.5083333333333333 0.024166666666666666 0.09166666666666666
0 0.9083333333333333 0.5 0.04083333333333333 0.06166666666666667
0 0.25666666666666665 0.4683333333333333 0.04416666666666667 0.05416666666666667
0 0.23333333333333334 0.4625 0.041666666666666664 0.03333333333333333
0 0.31833333333333336 0.4625 0.0325 0.03916666666666667
0 0.19333333333333333 0.43833333333333335 0.049166666666666664 0.04
0 0.9741666666666666 0.43583333333333335 0.04416666666666667 0.04416666666666667
0 0.23166666666666666 0.4275 0.034166666666666665 0.050833333333333335
0 0.2525 0.4216666666666667 0.03916666666666667 0.06333333333333334
0 0.9875 0.42083333333333334 0.021666666666666667 0.04833333333333333
0 0.1875 0.4141666666666667 0.043333333333333335 0.049166666666666664
0 0.2225 0.40166666666666667 0.045 0.04833333333333333
0 0.19583333333333333 0.38666666666666666 0.043333333333333335 0.03916666666666667
0 0.19 0.3675 0.049166666666666664 0.06583333333333333
0 0.225 0.3491666666666667 0.03166666666666667 0.08333333333333333
0 0.5583333333333333 0.7966666666666666 0.04666666666666667 0.0475
0 0.5091666666666667 0.7833333333333333 0.04666666666666667 0.03833333333333333
0 0.49583333333333335 0.7475 0.04416666666666667 0.043333333333333335
0 0.5183333333333333 0.745 0.04083333333333333 0.06333333333333334
0 0.5758333333333333 0.7383333333333333 0.034166666666666665 0.08416666666666667
0 0.5441666666666667 0.7366666666666667 0.035 0.07
0 0.5666666666666667 0.715 0.03166666666666667 0.09083333333333334
0 0.5441666666666667 0.7008333333333333 0.024166666666666666 0.07
0 0.8566666666666667 0.6558333333333334 0.04083333333333333 0.065
0 0.8383333333333334 0.6291666666666667 0.03166666666666667 0.08916666666666667
0 0.8508333333333333 0.6241666666666666 0.03 0.0925
0 0.8241666666666667 0.6191666666666666 0.029166666666666667 0.08666666666666667
0 0.8825 0.5941666666666666 0.03916666666666667 0.06833333333333333
0 0.8808333333333334 0.5641666666666667 0.04083333333333333 0.06666666666666667
0 0.3 0.5566666666666666 0.020833333333333332 0.09166666666666666
0 0.8225 0.5558333333333333 0.041666666666666664 0.07166666666666667