0 0.6291666666666667 0.44 0.0175 0.06916666666666667
0 0.6391666666666667 0.46166666666666667 0.0225 0.08
0 0.6475 0.4708333333333333 0.0225 0.0675
0 0.6625 0.5533333333333333 0.018333333333333333 0.08833333333333333
0 0.6075 0.975 0.04416666666666667 0.04083333333333333
0 0.9175 0.18333333333333332 0.050833333333333335 0.0425
0 0.69 0.21666666666666667 0.03666666666666667 0.043333333333333335
0 0.7191666666666666 0.225 0.04 0.03916666666666667
0 0.7416666666666667 0.2325 0.034166666666666665 0.029166666666666667
0 0.6875 0.24166666666666667 0.030833333333333334 0.029166666666666667
0 0.7466666666666667 0.25666666666666665 0.04833333333333333 0.029166666666666667
0 0.6633333333333333 0.2575 0.021666666666666667 0.07333333333333333
0 0.7091666666666666 0.25916666666666666 0.034166666666666665 0.045
0 0.6833333333333333 0.2633333333333333 0.041666666666666664 0.03666666666666667
0 0.7258333333333333 0.28 0.03666666666666667 0.035833333333333335
0 0.6483333333333333 0.2866666666666667 0.015833333333333335 0.07333333333333333
0 0.6808333333333333 0.2925 0.043333333333333335 0.025833333333333333
0 0.6683333333333333 0.30833333333333335 0.03333333333333333 0.03166666666666667
0 0.6391666666666667 0.33 0.021666666666666667 0.0675
0 0.6608333333333334 0.33416666666666667 0.03333333333333333 0.030833333333333334
0 0.6358333333333334 0.38 0.04 0.03666666666666667
0 0.655 0.3958333333333333 0.04583333333333333 0.035833333333333335
0 0.6616666666666666 0.4166666666666667 0.049166666666666664 0.03