0 0.4741666666666667 0.4191666666666667 0.03916666666666667 0.058333333333333334
0 0.4891666666666667 0.41333333333333333 0.03666666666666667 0.06583333333333333
0 0.5016666666666667 0.3975 0.025 0.0875
0 0.45166666666666666 0.375 0.03916666666666667 0.041666666666666664
0 0.4683333333333333 0.3641666666666667 0.02666666666666667 0.04833333333333333
0 0.4791666666666667 0.3591666666666667 0.023333333333333334 0.0575
0 0.21333333333333335 0.3525 0.03916666666666667 0.07083333333333333
0 0.17833333333333334 0.33666666666666667 0.025833333333333333 0.08583333333333333
0 0.4791666666666667 0.3175 0.020833333333333332 0.06666666666666667
0 0.21583333333333332 0.31166666666666665 0.020833333333333332 0.07083333333333333
0 0.20416666666666666 0.29333333333333333 0.03 0.08083333333333333
0 0.6016666666666667 0.26416666666666666 0.0275 0.08333333333333333
0 0.2733333333333333 0.24916666666666668 0.05 0.06
0 0.0625 0.17333333333333334 0.0425 0.06666666666666667
0 0.7341666666666666 0.1725 0.02 0.09083333333333334
0 0.7583333333333333 0.12 0.028333333333333332 0.0725
0 0.775 0.105 0.025 0.06166666666666667
0 0.6941666666666667 0.10333333333333333 0.03666666666666667 0.03166666666666667
0 0.7408333333333333 0.09416666666666666 0.023333333333333334 0.09916666666666667
0 0.12833333333333333 0.07416666666666667 0.03166666666666667 0.08833333333333333
0 0.7608333333333334 0.055 0.0225 0.0675
0 0.7975 0.05416666666666667 0.0375 0.0525
0 0.7691666666666667 0.04 0.03 0.07916666666666666
0 0.83 0.03333333333333333 0.035 0.055
0 0.8158333333333333 0.024166666666666666 0.03916666666666667 0.0475
0 0.8016666666666666 0.018333333333333333 0.015833333333333335 0.035833333333333335
0 0.7875 0.0175 0.019166666666666665 0.034166666666666665
0 0.525 0.9066666666666666 0.03666666666666667 0.06
0 0.45166666666666666 0.8866666666666667 0.020833333333333332 0.09083333333333334
0 0.5175 0.8858333333333334 0.034166666666666665 0.050833333333333335
0 0.5491666666666667 0.8741666666666666 0.021666666666666667 0.06
0 0.52 0.845 0.0275 0.08333333333333333
0 0.5483333333333333 0.8366666666666667 0.029166666666666667 0.0825
0 0.545 0.7833333333333333 0.0225 0.11
0 0.57 0.7466666666666667 0.025833333333333333 0.09166666666666666
0 0.5583333333333333 0.7183333333333334 0.0175 0.09416666666666666