0 0.49416666666666664 0.43333333333333335 0.04083333333333333 0.06166666666666667
0 0.47583333333333333 0.4325 0.035833333333333335 0.08166666666666667
0 0.4633333333333333 0.3983333333333333 0.025833333333333333 0.09916666666666667
0 0.5141666666666667 0.3908333333333333 0.041666666666666664 0.0475
0 0.5066666666666667 0.36666666666666664 0.034166666666666665 0.0575
0 0.49083333333333334 0.36083333333333334 0.02666666666666667 0.07333333333333333
0 0.7758333333333334 0.3516666666666667 0.035833333333333335 0.08916666666666667
0 0.8041666666666667 0.3416666666666667 0.0325 0.0825
0 0.4866666666666667 0.32916666666666666 0.023333333333333334 0.07416666666666667
0 0.7608333333333334 0.31166666666666665 0.03 0.08
0 0.7708333333333334 0.27666666666666667 0.03666666666666667 0.060833333333333336
0 0.705 0.25333333333333335 0.055 0.06166666666666667
0 0.3425 0.22166666666666668 0.03916666666666667 0.09083333333333334
0 0.215 0.16583333333333333 0.0225 0.1025
0 0.9208333333333333 0.15583333333333332 0.0325 0.09416666666666666
0 0.19333333333333333 0.12 0.0275 0.07083333333333333
0 0.2625 0.1025 0.0325 0.05333333333333334
0 0.1725 0.09666666666666666 0.028333333333333332 0.065
0 0.20416666666666666 0.07916666666666666 0.028333333333333332 0.08666666666666667
0 0.1925 0.0525 0.029166666666666667 0.0775
0 0.1475 0.04666666666666667 0.04583333333333333 0.06583333333333333
0 0.18 0.03916666666666667 0.030833333333333334 0.07666666666666666
0 0.1125 0.029166666666666667 0.03833333333333333 0.055
0 0.8408333333333333 0.03 0.04666666666666667 0.059166666666666666
0 0.12583333333333332 0.025833333333333333 0.041666666666666664 0.050833333333333335
0 0.14 0.014166666666666666 0.0225 0.0275
0 0.15583333333333332 0.011666666666666667 0.0225 0.0225
0 0.4325 0.9391666666666667 0.0325 0.06833333333333333
0 0.5091666666666667 0.8991666666666667 0.025833333333333333 0.09333333333333334
0 0.43333333333333335 0.8983333333333333 0.03333333333333333 0.09666666666666666
0 0.41 0.8883333333333333 0.018333333333333333 0.08083333333333333
0 0.44 0.87 0.02666666666666667 0.10333333333333333
0 0.4091666666666667 0.8091666666666667 0.0275 0.09333333333333334
0 0.4558333333333333 0.7916666666666666 0.065 0.0475
0 0.40166666666666667 0.7383333333333333 0.02 0.08666666666666667
0 0.3875 0.6941666666666667 0.0325 0.0925