0 0.36916666666666664 0.43833333333333335 0.04083333333333333 0.08
0 0.3925 0.45916666666666667 0.04416666666666667 0.06583333333333333
0 0.3475 0.47833333333333333 0.05416666666666667 0.05333333333333334
0 0.38333333333333336 0.49833333333333335 0.035 0.0475
0 0.39666666666666667 0.53 0.04666666666666667 0.03666666666666667
0 0.5325 0.6091666666666666 0.034166666666666665 0.075
0 0.5541666666666667 0.6258333333333334 0.0375 0.03833333333333333
0 0.5075 0.6383333333333333 0.024166666666666666 0.09166666666666666
0 0.5208333333333334 0.6733333333333333 0.03916666666666667 0.07333333333333333
0 0.3475 0.008333333333333333 0.0275 0.016666666666666666
0 0.54 0.695 0.025833333333333333 0.07333333333333333
0 0.4791666666666667 0.6958333333333333 0.024166666666666666 0.09916666666666667
0 0.49166666666666664 0.7216666666666667 0.023333333333333334 0.095
0 0.5616666666666666 0.7283333333333334 0.0425 0.075
0 0.5925 0.7283333333333334 0.04833333333333333 0.035833333333333335
0 0.4633333333333333 0.7358333333333333 0.02 0.09333333333333334
0 0.5316666666666666 0.7541666666666667 0.029166666666666667 0.09166666666666666
0 0.5133333333333333 0.765 0.020833333333333332 0.12
0 0.4725 0.7716666666666666 0.019166666666666665 0.06333333333333334
0 0.49583333333333335 0.7791666666666667 0.020833333333333332 0.08916666666666667
0 0.48333333333333334 0.8041666666666667 0.020833333333333332 0.09
0 0.5383333333333333 0.82 0.025833333333333333 0.08
0 0.5908333333333333 0.8258333333333333 0.029166666666666667 0.09583333333333334
0 0.8108333333333333 0.006666666666666667 0.041666666666666664 0.0125
0 0.5108333333333334 0.8525 0.025833333333333333 0.08916666666666667
0 0.5391666666666667 0.8725 0.021666666666666667 0.07083333333333333
0 0.5258333333333334 0.875 0.018333333333333333 0.07333333333333333
0 0.5366666666666666 0.9175 0.049166666666666664 0.043333333333333335
0 0.7733333333333333 0.015833333333333335 0.055 0.030833333333333334
0 0.8316666666666667 0.021666666666666667 0.056666666666666664 0.043333333333333335
0 0.3383333333333333 0.035 0.018333333333333333 0.06916666666666667
0 0.7983333333333333 0.04666666666666667 0.059166666666666666 0.03916666666666667
0 0.355 0.0575 0.0225 0.07833333333333334
0 0.8366666666666667 0.06 0.06416666666666666 0.0475
0 0.3525 0.11083333333333334 0.028333333333333332 0.08333333333333333
0 0.45666666666666667 0.15916666666666668 0.04666666666666667 0.045
0 0.3625 0.17416666666666666 0.041666666666666664 0.07
0 0.43416666666666665 0.2175 0.041666666666666664 0.07083333333333333
0 0.41083333333333333 0.22 0.049166666666666664 0.06166666666666667
0 0.3883333333333333 0.225 0.04833333333333333 0.0575
0 0.36 0.41333333333333333 0.034166666666666665 0.08833333333333333