0 0.6 0.5141666666666667 0.0175 0.06916666666666667
0 0.5641666666666667 0.5091666666666667 0.018333333333333333 0.08416666666666667
0 0.58 0.5091666666666667 0.015 0.0775
0 0.5491666666666667 0.5033333333333333 0.021666666666666667 0.08333333333333333
0 0.6208333333333333 0.47583333333333333 0.0275 0.06333333333333334
0 0.6058333333333333 0.4658333333333333 0.028333333333333332 0.035
0 0.5558333333333333 0.4583333333333333 0.0175 0.06583333333333333
0 0.5858333333333333 0.45 0.029166666666666667 0.06333333333333334
0 0.6016666666666667 0.44083333333333335 0.021666666666666667 0.05583333333333333
0 0.5708333333333333 0.43416666666666665 0.02 0.0775
0 0.5825 0.4191666666666667 0.0275 0.08166666666666667
0 0.6166666666666667 0.4116666666666667 0.020833333333333332 0.0675
0 0.63 0.3933333333333333 0.02666666666666667 0.08166666666666667
0 0.6075 0.39 0.025 0.06833333333333333
0 0.57 0.38166666666666665 0.020833333333333332 0.08583333333333333
0 0.5983333333333334 0.37166666666666665 0.013333333333333334 0.08916666666666667
0 0.5841666666666666 0.36333333333333334 0.023333333333333334 0.07333333333333333
0 0.5666666666666667 0.33 0.023333333333333334 0.09083333333333334
0 0.5883333333333334 0.32416666666666666 0.0275 0.043333333333333335
0 0.6125 0.3175 0.019166666666666665 0.08416666666666667
0 0.5625 0.29583333333333334 0.028333333333333332 0.08916666666666667
0 0.5441666666666667 0.2891666666666667 0.03166666666666667 0.065
0 0.5858333333333333 0.2833333333333333 0.021666666666666667 0.07666666666666666
0 0.6033333333333334 0.2683333333333333 0.0275 0.07083333333333333
0 0.5783333333333334 0.25833333333333336 0.016666666666666666 0.06166666666666667
0 0.5525 0.24916666666666668 0.035833333333333335 0.06333333333333334
0 0.5583333333333333 0.24083333333333334 0.023333333333333334 0.065
0 0.6083333333333333 0.225 0.02666666666666667 0.06583333333333333
0 0.5908333333333333 0.2225 0.02 0.065
0 0.5666666666666667 0.20166666666666666 0.043333333333333335 0.06166666666666667
0 0.6125 0.1725 0.03333333333333333 0.0725
0 0.6 0.16416666666666666 0.030833333333333334 0.06666666666666667
0 0.58 0.15833333333333333 0.041666666666666664 0.06333333333333334
0 0.6716666666666666 0.11416666666666667 0.0325 0.08916666666666667
0 0.5566666666666666 0.7225 0.015833333333333335 0.0725
0 0.5383333333333333 0.7008333333333333 0.015 0.06583333333333333
0 0.5275 0.6675 0.014166666666666666 0.060833333333333336
0 0.5541666666666667 0.6241666666666666 0.013333333333333334 0.0725
0 0.5741666666666667 0.5425 0.016666666666666666 0.07333333333333333
0 0.615 0.5366666666666666 0.0175 0.07083333333333333
0 0.5908333333333333 0.52 0.014166666666666666 0.07666666666666666