0 0.6741666666666667 0.6066666666666667 0.05333333333333334 0.11666666666666667
0 0.37833333333333335 0.6333333333333333 0.04666666666666667 0.1275
0 0.4866666666666667 0.6366666666666667 0.041666666666666664 0.12666666666666668
0 0.44166666666666665 0.6425 0.04833333333333333 0.12916666666666668
0 0.9216666666666666 0.9091666666666667 0.06166666666666667 0.115
0 0.3675 0.9408333333333333 0.04833333333333333 0.115
0 0.9933333333333333 0.17 0.01 0.10333333333333333
0 0.8241666666666667 0.26916666666666667 0.03916666666666667 0.12416666666666666
0 0.5833333333333334 0.31583333333333335 0.065 0.07333333333333333
0 0.5075 0.39666666666666667 0.05 0.13333333333333333
0 0.7075 0.03833333333333333 0.04083333333333333 0.07666666666666666