0 0.44166666666666665 0.51 0.015833333333333335 0.04416666666666667
0 0.5141666666666667 0.5091666666666667 0.018333333333333333 0.08166666666666667
0 0.4625 0.5025 0.015833333333333335 0.04666666666666667
0 0.44583333333333336 0.4791666666666667 0.025833333333333333 0.07583333333333334
0 0.49583333333333335 0.4691666666666667 0.0225 0.07916666666666666
0 0.45666666666666667 0.4633333333333333 0.023333333333333334 0.0525
0 0.47583333333333333 0.46166666666666667 0.019166666666666665 0.08333333333333333
0 0.4175 0.4475 0.020833333333333332 0.08333333333333333
0 0.45666666666666667 0.41083333333333333 0.023333333333333334 0.08583333333333333
0 0.44 0.4025 0.025833333333333333 0.0775
0 0.465 0.38166666666666665 0.023333333333333334 0.08166666666666667
0 0.4891666666666667 0.3725 0.024166666666666666 0.08333333333333333
0 0.5016666666666667 0.36333333333333334 0.023333333333333334 0.08333333333333333
0 0.4741666666666667 0.35833333333333334 0.019166666666666665 0.09
0 0.5041666666666667 0.31916666666666665 0.02 0.09166666666666666
0 0.4816666666666667 0.31583333333333335 0.0175 0.04416666666666667
0 0.4608333333333333 0.31 0.0175 0.07583333333333334
0 0.44333333333333336 0.3 0.018333333333333333 0.09416666666666666
0 0.48583333333333334 0.28 0.024166666666666666 0.06583333333333333
0 0.49666666666666665 0.22333333333333333 0.04083333333333333 0.049166666666666664
0 0.40166666666666667 0.21166666666666667 0.04416666666666667 0.07083333333333333
0 0.38166666666666665 0.16166666666666665 0.030833333333333334 0.07416666666666667
0 0.9708333333333333 0.010833333333333334 0.05583333333333333 0.020833333333333332
0 0.4675 0.8216666666666667 0.0275 0.07166666666666667
0 0.505 0.7883333333333333 0.02 0.07916666666666666
0 0.5166666666666667 0.7525 0.014166666666666666 0.0525
0 0.4925 0.735 0.019166666666666665 0.065
0 0.5091666666666667 0.7116666666666667 0.013333333333333334 0.0775
0 0.49583333333333335 0.6941666666666667 0.016666666666666666 0.06916666666666667
0 0.5158333333333334 0.6775 0.018333333333333333 0.08333333333333333
0 0.5 0.6491666666666667 0.0175 0.06583333333333333
0 0.5066666666666667 0.6075 0.015833333333333335 0.07083333333333333
0 0.4691666666666667 0.5958333333333333 0.020833333333333332 0.06916666666666667
0 0.44 0.5883333333333334 0.0225 0.0575
0 0.42583333333333334 0.5875 0.025833333333333333 0.060833333333333336
0 0.515 0.58 0.016666666666666666 0.07416666666666667
0 0.49166666666666664 0.57 0.018333333333333333 0.060833333333333336
0 0.465 0.57 0.015833333333333335 0.08166666666666667
0 0.4508333333333333 0.5566666666666666 0.0125 0.0775
0 0.5033333333333333 0.5433333333333333 0.008333333333333333 0.056666666666666664
0 0.43416666666666665 0.5308333333333334 0.020833333333333332 0.060833333333333336
0 0.49166666666666664 0.52 0.0175 0.06916666666666667
0 0.4741666666666667 0.5166666666666667 0.015 0.08166666666666667