0 0.5533333333333333 0.9458333333333333 0.06583333333333333 0.1075
0 0.4575 0.2758333333333333 0.0675 0.165
0 0.13083333333333333 0.26416666666666666 0.05583333333333333 0.175
0 0.23333333333333334 0.2275 0.10083333333333333 0.12916666666666668
0 0.73 0.19666666666666666 0.07916666666666666 0.18416666666666667
0 0.6475 0.17416666666666666 0.07333333333333333 0.17833333333333334
0 0.13416666666666666 0.1325 0.08416666666666667 0.14666666666666667
0 0.9791666666666666 0.09916666666666667 0.03833333333333333 0.19166666666666668
0 0.6316666666666667 0.060833333333333336 0.051666666666666666 0.12
0 0.40166666666666667 0.041666666666666664 0.07416666666666667 0.0825
0 0.7916666666666666 0.0225 0.07666666666666666 0.041666666666666664
0 0.5708333333333333 0.015 0.04833333333333333 0.029166666666666667
0 0.5158333333333334 0.008333333333333333 0.065 0.015833333333333335
0 0.21333333333333335 0.87 0.050833333333333335 0.14083333333333334
0 0.5833333333333334 0.86 0.06 0.1475
0 0.2425 0.8025 0.0625 0.15416666666666667
0 0.10166666666666667 0.7383333333333333 0.049166666666666664 0.16583333333333333
0 0.15 0.6675 0.05333333333333334 0.17583333333333334
0 0.23083333333333333 0.6191666666666666 0.055 0.1725
0 0.7908333333333334 0.6183333333333333 0.06916666666666667 0.15666666666666668
0 0.6425 0.9566666666666667 0.058333333333333334 0.08583333333333333