0 0.48833333333333334 0.5283333333333333 0.05 0.03666666666666667
0 0.4508333333333333 0.5258333333333334 0.034166666666666665 0.03166666666666667
0 0.415 0.5241666666666667 0.04416666666666667 0.04666666666666667
0 0.3625 0.5216666666666666 0.0375 0.04666666666666667
0 0.3491666666666667 0.5158333333333334 0.0375 0.05416666666666667
0 0.4066666666666667 0.515 0.04 0.04083333333333333
0 0.335 0.5141666666666667 0.03166666666666667 0.045
0 0.6791666666666667 0.5116666666666667 0.0375 0.065
0 0.31916666666666665 0.505 0.02666666666666667 0.041666666666666664
0 0.7041666666666667 0.505 0.0225 0.0825
0 0.38916666666666666 0.5033333333333333 0.03 0.055
0 0.4533333333333333 0.48833333333333334 0.041666666666666664 0.0325
0 0.4191666666666667 0.485 0.03833333333333333 0.04666666666666667
0 0.9141666666666667 0.4841666666666667 0.04583333333333333 0.06
0 0.3433333333333333 0.4825 0.043333333333333335 0.030833333333333334
0 0.3983333333333333 0.4658333333333333 0.041666666666666664 0.04083333333333333
0 0.7241666666666666 0.4608333333333333 0.02666666666666667 0.0825
0 0.945 0.45166666666666666 0.029166666666666667 0.07166666666666667
0 0.38416666666666666 0.4508333333333333 0.03833333333333333 0.04
0 0.495 0.4483333333333333 0.043333333333333335 0.051666666666666666
0 0.4558333333333333 0.44416666666666665 0.049166666666666664 0.03166666666666667
0 0.3575 0.43666666666666665 0.03166666666666667 0.05416666666666667
0 0.43416666666666665 0.43083333333333335 0.04 0.05
0 0.3775 0.42916666666666664 0.03666666666666667 0.0575
0 0.7133333333333334 0.42916666666666664 0.021666666666666667 0.08833333333333333
0 0.4166666666666667 0.42833333333333334 0.030833333333333334 0.03833333333333333
0 0.48083333333333333 0.4266666666666667 0.0375 0.03166666666666667
0 0.4033333333333333 0.41333333333333333 0.034166666666666665 0.041666666666666664
0 0.5108333333333334 0.41083333333333333 0.04 0.029166666666666667
0 0.44416666666666665 0.39916666666666667 0.03833333333333333 0.045
0 0.7316666666666667 0.3983333333333333 0.019166666666666665 0.06333333333333334
0 0.4675 0.39666666666666667 0.034166666666666665 0.035
0 0.7466666666666667 0.3925 0.030833333333333334 0.075
0 0.4866666666666667 0.39166666666666666 0.043333333333333335 0.035833333333333335
0 0.43916666666666665 0.3883333333333333 0.03833333333333333 0.043333333333333335
0 0.535 0.38666666666666666 0.045 0.034166666666666665
0 0.4125 0.38666666666666666 0.03916666666666667 0.035
0 0.385 0.38 0.04 0.03833333333333333
0 0.4716666666666667 0.36333333333333334 0.041666666666666664 0.030833333333333334
0 0.435 0.3616666666666667 0.03833333333333333 0.03
0 0.42333333333333334 0.35083333333333333 0.0425 0.04833333333333333
0 0.4841666666666667 0.3475 0.043333333333333335 0.03
0 0.3883333333333333 0.3458333333333333 0.03166666666666667 0.04833333333333333
0 0.41 0.3408333333333333 0.034166666666666665 0.0425
0 0.47333333333333333 0.3308333333333333 0.0425 0.03333333333333333
0 0.465 0.32 0.041666666666666664 0.0425
0 0.5 0.30416666666666664 0.03666666666666667 0.03333333333333333
0 0.4608333333333333 0.2991666666666667 0.03666666666666667 0.0525
0 0.4475 0.2975 0.029166666666666667 0.06333333333333334
0 0.42833333333333334 0.2966666666666667 0.03666666666666667 0.05583333333333333
0 0.41583333333333333 0.29583333333333334 0.0325 0.04583333333333333
0 0.7058333333333333 0.295 0.023333333333333334 0.03916666666666667
0 0.995 0.2675 0.006666666666666667 0.06166666666666667
0 0.41333333333333333 0.26416666666666666 0.029166666666666667 0.060833333333333336
0 0.4691666666666667 0.25833333333333336 0.023333333333333334 0.056666666666666664
0 0.4575 0.25 0.025 0.05333333333333334
0 0.43083333333333335 0.24083333333333334 0.0225 0.07166666666666667
0 0.45416666666666666 0.21083333333333334 0.021666666666666667 0.09333333333333334
0 0.41 0.19916666666666666 0.018333333333333333 0.08333333333333333
0 0.425 0.17416666666666666 0.015833333333333335 0.0625
0 0.44583333333333336 0.17166666666666666 0.016666666666666666 0.07166666666666667
0 0.43333333333333335 0.15583333333333332 0.015833333333333335 0.08
0 0.4191666666666667 0.12166666666666667 0.02 0.07583333333333334
0 0.44416666666666665 0.12083333333333333 0.015833333333333335 0.07
0 0.4508333333333333 0.10583333333333333 0.03 0.075
0 0.4041666666666667 0.095 0.016666666666666666 0.07166666666666667
0 0.43166666666666664 0.08166666666666667 0.015 0.07083333333333333
0 0.32 0.8425 0.03916666666666667 0.07
0 0.31583333333333335 0.7975 0.021666666666666667 0.08083333333333333
0 0.4825 0.7583333333333333 0.029166666666666667 0.06833333333333333
0 0.32 0.7566666666666667 0.02 0.07583333333333334
0 0.47583333333333333 0.75 0.015833333333333335 0.05
0 0.30833333333333335 0.715 0.018333333333333333 0.06
0 0.3375 0.705 0.030833333333333334 0.049166666666666664
0 0.505 0.6908333333333333 0.021666666666666667 0.075
0 0.37 0.6841666666666667 0.035 0.050833333333333335
0 0.34833333333333333 0.6725 0.03833333333333333 0.050833333333333335
0 0.47 0.6616666666666666 0.023333333333333334 0.0775
0 0.49666666666666665 0.66 0.02 0.07666666666666666
0 0.3075 0.6408333333333334 0.035833333333333335 0.03333333333333333
0 0.5191666666666667 0.6391666666666667 0.035 0.0475
0 0.3641666666666667 0.6341666666666667 0.04083333333333333 0.03166666666666667
0 0.335 0.6283333333333333 0.035 0.0675
0 0.49 0.6216666666666667 0.029166666666666667 0.06666666666666667
0 0.32083333333333336 0.6158333333333333 0.035 0.035
0 0.36833333333333335 0.6116666666666667 0.03666666666666667 0.03916666666666667
0 0.29583333333333334 0.605 0.025 0.060833333333333336
0 0.5233333333333333 0.6041666666666666 0.03833333333333333 0.04666666666666667
0 0.39666666666666667 0.6 0.034166666666666665 0.049166666666666664
0 0.3308333333333333 0.5883333333333334 0.023333333333333334 0.043333333333333335
0 0.37666666666666665 0.5816666666666667 0.0425 0.03916666666666667
0 0.4275 0.5783333333333334 0.03666666666666667 0.03916666666666667
0 0.5533333333333333 0.5775 0.0275 0.03333333333333333
0 0.5283333333333333 0.5683333333333334 0.035 0.06166666666666667
0 0.4091666666666667 0.565 0.03 0.025
0 0.35333333333333333 0.5641666666666667 0.0425 0.028333333333333332
0 0.6716666666666666 0.5625 0.029166666666666667 0.06666666666666667
0 0.4691666666666667 0.5466666666666666 0.03916666666666667 0.0275
0 0.36916666666666664 0.5425 0.041666666666666664 0.03166666666666667
0 0.42083333333333334 0.5408333333333334 0.0425 0.030833333333333334