0 0.15416666666666667 0.5033333333333333 0.03666666666666667 0.04416666666666667
0 0.4058333333333333 0.5025 0.04 0.051666666666666666
0 0.16166666666666665 0.495 0.035 0.056666666666666664
0 0.43 0.4891666666666667 0.019166666666666665 0.028333333333333332
0 0.16833333333333333 0.47833333333333333 0.03 0.06916666666666667
0 0.145 0.47333333333333333 0.02 0.019166666666666665
0 0.125 0.4725 0.025833333333333333 0.06916666666666667
0 0.105 0.4691666666666667 0.025 0.06833333333333333
0 0.1375 0.45416666666666666 0.03833333333333333 0.028333333333333332
0 0.43333333333333335 0.4525 0.0375 0.043333333333333335
0 0.4166666666666667 0.4483333333333333 0.028333333333333332 0.07
0 0.13916666666666666 0.43 0.03916666666666667 0.02666666666666667
0 0.09 0.4191666666666667 0.02666666666666667 0.08166666666666667
0 0.11583333333333333 0.4166666666666667 0.0275 0.060833333333333336
0 0.10833333333333334 0.4033333333333333 0.023333333333333334 0.06
0 0.3908333333333333 0.3933333333333333 0.030833333333333334 0.055
0 0.10083333333333333 0.3475 0.018333333333333333 0.0675
0 0.1225 0.3441666666666667 0.0325 0.059166666666666666
0 0.12333333333333334 0.2975 0.03333333333333333 0.04833333333333333
0 0.2175 0.29083333333333333 0.03166666666666667 0.065
0 0.7283333333333334 0.23166666666666666 0.030833333333333334 0.03916666666666667
0 0.805 0.22 0.034166666666666665 0.029166666666666667
0 0.9358333333333333 0.20083333333333334 0.03 0.08166666666666667
0 0.8133333333333334 0.19166666666666668 0.03166666666666667 0.04833333333333333
0 0.8266666666666667 0.19166666666666668 0.0525 0.06
0 0.3775 0.18916666666666668 0.04416666666666667 0.04583333333333333
0 0.99 0.18833333333333332 0.016666666666666666 0.06333333333333334
0 0.4 0.16833333333333333 0.029166666666666667 0.04833333333333333
0 0.7816666666666666 0.1625 0.035 0.07666666666666666
0 0.38 0.15916666666666668 0.030833333333333334 0.05416666666666667
0 0.8375 0.15583333333333332 0.030833333333333334 0.049166666666666664
0 0.3525 0.14833333333333334 0.03916666666666667 0.049166666666666664
0 0.7983333333333333 0.14166666666666666 0.0475 0.051666666666666666
0 0.385 0.1275 0.04083333333333333 0.04666666666666667
0 0.815 0.12666666666666668 0.03916666666666667 0.0275
0 0.3433333333333333 0.12 0.04416666666666667 0.03833333333333333
0 0.7966666666666666 0.11333333333333333 0.0525 0.028333333333333332
0 0.8208333333333333 0.1025 0.0425 0.034166666666666665
0 0.9908333333333333 0.10166666666666667 0.015 0.09
0 0.94 0.095 0.041666666666666664 0.060833333333333336
0 0.7783333333333333 0.09 0.06 0.0375
0 0.8208333333333333 0.08 0.04416666666666667 0.028333333333333332
0 0.8066666666666666 0.06166666666666667 0.030833333333333334 0.029166666666666667
0 0.9933333333333333 0.03666666666666667 0.01 0.07
0 0.9658333333333333 0.029166666666666667 0.03166666666666667 0.055
0 0.15583333333333332 0.015 0.041666666666666664 0.029166666666666667
0 0.19666666666666666 0.0125 0.035 0.024166666666666666
0 0.10083333333333333 0.8675 0.03666666666666667 0.04666666666666667
0 0.09083333333333334 0.8216666666666667 0.03166666666666667 0.060833333333333336
0 0.1075 0.8083333333333333 0.024166666666666666 0.07333333333333333
0 0.0875 0.7791666666666667 0.025 0.0725
0 0.10666666666666667 0.7633333333333333 0.0275 0.050833333333333335
0 0.125 0.76 0.02 0.058333333333333334
0 0.3283333333333333 0.7391666666666666 0.021666666666666667 0.08416666666666667
0 0.1 0.7266666666666667 0.018333333333333333 0.06666666666666667
0 0.8216666666666667 0.7141666666666666 0.041666666666666664 0.06166666666666667
0 0.1175 0.6958333333333333 0.02666666666666667 0.07
0 0.10416666666666667 0.675 0.015833333333333335 0.056666666666666664
0 0.7891666666666667 0.6583333333333333 0.04833333333333333 0.03833333333333333
0 0.11166666666666666 0.6283333333333333 0.028333333333333332 0.0725
0 0.135 0.6275 0.0175 0.0675
0 0.855 0.595 0.03833333333333333 0.06916666666666667
0 0.12416666666666666 0.585 0.02 0.06583333333333333
0 0.08916666666666667 0.5825 0.024166666666666666 0.07083333333333333
0 0.14166666666666666 0.5758333333333333 0.0225 0.07083333333333333
0 0.1575 0.5425 0.028333333333333332 0.07083333333333333
0 0.12833333333333333 0.5391666666666667 0.020833333333333332 0.06666666666666667
0 0.10916666666666666 0.5283333333333333 0.0225 0.06416666666666666
0 0.13666666666666666 0.5216666666666666 0.0275 0.04083333333333333
0 0.09083333333333334 0.52 0.018333333333333333 0.07
0 0.41583333333333333 0.5183333333333333 0.03916666666666667 0.03916666666666667