0 0.5475 0.5758333333333333 0.04583333333333333 0.165
0 0.17833333333333334 0.6175 0.05 0.16833333333333333
0 0.10833333333333334 0.6625 0.0475 0.14083333333333334
0 0.52 0.6941666666666667 0.06416666666666666 0.13166666666666665
0 0.3591666666666667 0.7058333333333333 0.059166666666666666 0.14666666666666667
0 0.0275 0.71 0.055 0.17
0 0.5675 0.7208333333333333 0.03916666666666667 0.15583333333333332
0 0.4175 0.775 0.049166666666666664 0.1475
0 0.10166666666666667 0.8125 0.050833333333333335 0.16166666666666665
0 0.49833333333333335 0.8558333333333333 0.07833333333333334 0.08
0 0.043333333333333335 0.12083333333333333 0.04833333333333333 0.13083333333333333
0 0.8025 0.16833333333333333 0.051666666666666666 0.11916666666666667
0 0.1125 0.0225 0.04416666666666667 0.0425
0 0.8033333333333333 0.25333333333333335 0.0425 0.12
0 0.6425 0.025833333333333333 0.04083333333333333 0.050833333333333335
0 0.6358333333333334 0.31083333333333335 0.051666666666666666 0.135
0 0.6791666666666667 0.3466666666666667 0.03666666666666667 0.17583333333333334
0 0.8 0.36666666666666664 0.04416666666666667 0.13583333333333333
0 0.75 0.37916666666666665 0.05 0.13583333333333333
0 0.6441666666666667 0.3925 0.035 0.15
0 0.585 0.4325 0.050833333333333335 0.15166666666666667
0 0.875 0.44416666666666665 0.05416666666666667 0.15583333333333332