0 0.545 0.42333333333333334 0.024166666666666666 0.06166666666666667
0 0.5325 0.42916666666666664 0.025 0.05416666666666667
0 0.5033333333333333 0.43916666666666665 0.018333333333333333 0.08583333333333333
0 0.5283333333333333 0.45666666666666667 0.025833333333333333 0.08166666666666667
0 0.5625 0.46166666666666667 0.019166666666666665 0.07916666666666666
0 0.5208333333333334 0.4691666666666667 0.023333333333333334 0.07166666666666667
0 0.5516666666666666 0.4825 0.02666666666666667 0.07416666666666667
0 0.58 0.49083333333333334 0.028333333333333332 0.07
0 0.5191666666666667 0.49916666666666665 0.0225 0.0675
0 0.545 0.5058333333333334 0.0175 0.07666666666666666
0 0.5066666666666667 0.54 0.02666666666666667 0.08166666666666667
0 0.5583333333333333 0.5491666666666667 0.0175 0.09083333333333334
0 0.49 0.5533333333333333 0.0175 0.07916666666666666
0 0.5258333333333334 0.56 0.024166666666666666 0.09
0 0.5033333333333333 0.5641666666666667 0.0175 0.09166666666666666
0 0.5391666666666667 0.57 0.03166666666666667 0.07833333333333334
0 0.49166666666666664 0.5966666666666667 0.03333333333333333 0.06833333333333333
0 0.5125 0.6033333333333334 0.014166666666666666 0.0625
0 0.5241666666666667 0.6091666666666666 0.016666666666666666 0.07166666666666667
0 0.545 0.6158333333333333 0.023333333333333334 0.05333333333333334
0 0.5025 0.6425 0.03666666666666667 0.0625
0 0.54 0.645 0.024166666666666666 0.0875
0 0.5233333333333333 0.6575 0.02666666666666667 0.06333333333333334
0 0.5133333333333333 0.6883333333333334 0.04833333333333333 0.0625
0 0.56 0.69 0.02666666666666667 0.09916666666666667
0 0.6141666666666666 0.7491666666666666 0.03333333333333333 0.08583333333333333
0 0.5691666666666667 0.775 0.019166666666666665 0.08916666666666667
0 0.5125 0.1275 0.025 0.08166666666666667
0 0.49 0.1525 0.0175 0.0875
0 0.48 0.20916666666666667 0.018333333333333333 0.06416666666666666
0 0.5041666666666667 0.2575 0.015 0.09
0 0.49083333333333334 0.2658333333333333 0.02 0.09916666666666667
0 0.5225 0.33 0.019166666666666665 0.07333333333333333
0 0.49083333333333334 0.3325 0.0225 0.0825
0 0.55 0.34 0.013333333333333334 0.06583333333333333
0 0.5608333333333333 0.34 0.0175 0.0775
0 0.5375 0.3591666666666667 0.013333333333333334 0.08416666666666667
0 0.5108333333333334 0.36583333333333334 0.019166666666666665 0.08083333333333333
0 0.5283333333333333 0.36833333333333335 0.016666666666666666 0.07916666666666666
0 0.5525 0.3933333333333333 0.020833333333333332 0.05583333333333333
0 0.5158333333333334 0.4 0.0175 0.08166666666666667
0 0.565 0.40166666666666667 0.0275 0.075