0 0.615 0.4675 0.015833333333333335 0.06333333333333334
0 0.5383333333333333 0.4741666666666667 0.015833333333333335 0.08166666666666667
0 0.5783333333333334 0.48 0.016666666666666666 0.0725
0 0.5608333333333333 0.505 0.03 0.0775
0 0.5908333333333333 0.5066666666666667 0.0175 0.07416666666666667
0 0.5533333333333333 0.51 0.020833333333333332 0.065
0 0.6016666666666667 0.5108333333333334 0.018333333333333333 0.08416666666666667
0 0.58 0.525 0.025833333333333333 0.06833333333333333
0 0.6133333333333333 0.5316666666666666 0.015833333333333335 0.07416666666666667
0 0.5408333333333334 0.5358333333333334 0.024166666666666666 0.06166666666666667
0 0.56 0.5641666666666667 0.028333333333333332 0.065
0 0.5808333333333333 0.5716666666666667 0.0175 0.05583333333333333
0 0.6075 0.5733333333333334 0.025 0.0575
0 0.6291666666666667 0.585 0.024166666666666666 0.051666666666666666
0 0.5941666666666666 0.6008333333333333 0.02 0.08083333333333333
0 0.6083333333333333 0.605 0.0275 0.07083333333333333
0 0.6283333333333333 0.6225 0.0175 0.056666666666666664
0 0.6458333333333334 0.6275 0.025 0.06666666666666667
0 0.6108333333333333 0.6383333333333333 0.0225 0.06166666666666667
0 0.5858333333333333 0.6416666666666667 0.0275 0.08583333333333333
0 0.6075 0.6658333333333334 0.0225 0.05583333333333333
0 0.64 0.6658333333333334 0.018333333333333333 0.07166666666666667
0 0.6275 0.6658333333333334 0.0175 0.056666666666666664
0 0.6008333333333333 0.6958333333333333 0.015 0.051666666666666666
0 0.6241666666666666 0.7058333333333333 0.019166666666666665 0.08
0 0.615 0.7208333333333333 0.018333333333333333 0.065
0 0.051666666666666666 0.8725 0.03916666666666667 0.08416666666666667
0 0.043333333333333335 0.9333333333333333 0.028333333333333332 0.07833333333333334
0 0.09333333333333334 0.9608333333333333 0.0375 0.0775
0 0.025833333333333333 0.9825 0.018333333333333333 0.03333333333333333
0 0.06666666666666667 0.9858333333333333 0.035833333333333335 0.0275
0 0.5533333333333333 0.2425 0.02666666666666667 0.07666666666666666
0 0.5841666666666666 0.2916666666666667 0.024166666666666666 0.06333333333333334
0 0.555 0.295 0.024166666666666666 0.06833333333333333
0 0.575 0.3525 0.02666666666666667 0.07583333333333334
0 0.5675 0.38 0.0175 0.07833333333333334
0 0.6016666666666667 0.39916666666666667 0.0225 0.07833333333333334
0 0.5775 0.4125 0.014166666666666666 0.07333333333333333
0 0.62 0.42583333333333334 0.015833333333333335 0.06833333333333333
0 0.5883333333333334 0.44166666666666665 0.016666666666666666 0.08
0 0.5575 0.44333333333333336 0.016666666666666666 0.08166666666666667
0 0.5683333333333334 0.44666666666666666 0.0125 0.06166666666666667
0 0.6058333333333333 0.4483333333333333 0.015833333333333335 0.04083333333333333