0 0.6191666666666666 0.4658333333333333 0.05333333333333334 0.03666666666666667
0 0.6975 0.47333333333333333 0.03333333333333333 0.03916666666666667
0 0.13666666666666666 0.8941666666666667 0.04083333333333333 0.049166666666666664
0 0.034166666666666665 0.985 0.028333333333333332 0.029166666666666667
0 0.44583333333333336 0.32 0.03166666666666667 0.02666666666666667
0 0.4141666666666667 0.325 0.03 0.02666666666666667
0 0.665 0.335 0.03166666666666667 0.058333333333333334
0 0.43 0.33666666666666667 0.035 0.028333333333333332
0 0.37583333333333335 0.3416666666666667 0.035833333333333335 0.03666666666666667
0 0.7308333333333333 0.345 0.0175 0.03916666666666667
0 0.5058333333333334 0.3466666666666667 0.030833333333333334 0.04833333333333333
0 0.40166666666666667 0.35083333333333333 0.03833333333333333 0.025833333333333333
0 0.46166666666666667 0.3516666666666667 0.030833333333333334 0.045
0 0.435 0.3575 0.03 0.02666666666666667
0 0.4875 0.365 0.035 0.05333333333333334
0 0.7108333333333333 0.36666666666666664 0.029166666666666667 0.055
0 0.4041666666666667 0.375 0.0325 0.030833333333333334
0 0.37083333333333335 0.37916666666666665 0.034166666666666665 0.051666666666666666
0 0.7216666666666667 0.38666666666666666 0.024166666666666666 0.0475
0 0.44916666666666666 0.39 0.03 0.0425
0 0.5741666666666667 0.3908333333333333 0.023333333333333334 0.06833333333333333
0 0.42916666666666664 0.395 0.025833333333333333 0.0725
0 0.4708333333333333 0.4008333333333333 0.025833333333333333 0.059166666666666666
0 0.6583333333333333 0.4041666666666667 0.03166666666666667 0.059166666666666666
0 0.6875 0.4091666666666667 0.035833333333333335 0.035
0 0.38083333333333336 0.42333333333333334 0.03333333333333333 0.06916666666666667
0 0.3575 0.43083333333333335 0.029166666666666667 0.056666666666666664
0 0.39416666666666667 0.43916666666666665 0.035 0.03833333333333333
0 0.6591666666666667 0.4425 0.03166666666666667 0.03916666666666667
0 0.6766666666666666 0.44416666666666665 0.025833333333333333 0.04