0 0.41333333333333333 0.5608333333333333 0.024166666666666666 0.0825
0 0.3883333333333333 0.555 0.025833333333333333 0.0925
0 0.4483333333333333 0.53 0.020833333333333332 0.08833333333333333
0 0.4266666666666667 0.5225 0.02666666666666667 0.07583333333333334
0 0.4116666666666667 0.5141666666666667 0.028333333333333332 0.07666666666666666
0 0.43416666666666665 0.5075 0.020833333333333332 0.08583333333333333
0 0.385 0.4925 0.020833333333333332 0.06833333333333333
0 0.4558333333333333 0.48083333333333333 0.015833333333333335 0.060833333333333336
0 0.3925 0.4791666666666667 0.02 0.08333333333333333
0 0.4375 0.47333333333333333 0.02 0.07083333333333333
0 0.37083333333333335 0.4608333333333333 0.015 0.08916666666666667
0 0.41083333333333333 0.4508333333333333 0.016666666666666666 0.0875
0 0.39416666666666667 0.44416666666666665 0.024166666666666666 0.0675
0 0.43666666666666665 0.43833333333333335 0.028333333333333332 0.07916666666666666
0 0.42083333333333334 0.4375 0.015 0.07583333333333334
0 0.3566666666666667 0.43583333333333335 0.020833333333333332 0.08666666666666667
0 0.37416666666666665 0.40166666666666667 0.024166666666666666 0.07166666666666667
0 0.3908333333333333 0.3958333333333333 0.0325 0.06416666666666666
0 0.4 0.3825 0.02666666666666667 0.058333333333333334
0 0.36666666666666664 0.3383333333333333 0.025 0.07166666666666667
0 0.33166666666666667 0.3358333333333333 0.03166666666666667 0.065
0 0.3858333333333333 0.3275 0.019166666666666665 0.0625
0 0.35333333333333333 0.27166666666666667 0.020833333333333332 0.08833333333333333
0 0.9808333333333333 0.0725 0.035 0.09166666666666666
0 0.39916666666666667 0.0575 0.03333333333333333 0.08916666666666667
0 0.9891666666666666 0.025833333333333333 0.018333333333333333 0.051666666666666666
0 0.9308333333333333 0.005833333333333334 0.0225 0.01
0 0.44083333333333335 0.8033333333333333 0.024166666666666666 0.09083333333333334
0 0.44666666666666666 0.76 0.021666666666666667 0.07416666666666667
0 0.425 0.7458333333333333 0.018333333333333333 0.0625
0 0.4125 0.7333333333333333 0.015833333333333335 0.07166666666666667
0 0.4 0.73 0.018333333333333333 0.055
0 0.415 0.6991666666666667 0.0275 0.0875
0 0.43166666666666664 0.6925 0.029166666666666667 0.07333333333333333
0 0.3975 0.6891666666666667 0.025833333333333333 0.03833333333333333
0 0.39666666666666667 0.6525 0.021666666666666667 0.06166666666666667
0 0.43 0.645 0.02666666666666667 0.08083333333333333
0 0.44416666666666665 0.6416666666666667 0.0225 0.08916666666666667
0 0.4066666666666667 0.6366666666666667 0.025 0.055
0 0.4125 0.605 0.019166666666666665 0.08666666666666667
0 0.38666666666666666 0.59 0.021666666666666667 0.058333333333333334
0 0.43166666666666664 0.5891666666666666 0.015833333333333335 0.06333333333333334
0 0.4 0.5641666666666667 0.016666666666666666 0.09416666666666666