0 0.5308333333333334 0.6058333333333333 0.04083333333333333 0.059166666666666666
0 0.5116666666666667 0.6075 0.03833333333333333 0.08166666666666667
0 0.5025 0.6358333333333334 0.023333333333333334 0.0975
0 0.5516666666666666 0.6483333333333333 0.04083333333333333 0.04583333333333333
0 0.5408333333333334 0.6658333333333334 0.0325 0.05416666666666667
0 0.5266666666666666 0.675 0.029166666666666667 0.06916666666666667
0 0.805 0.6891666666666667 0.03833333333333333 0.08166666666666667
0 0.8341666666666666 0.695 0.025833333333333333 0.085
0 0.5233333333333333 0.7083333333333334 0.024166666666666666 0.06916666666666667
0 0.7916666666666666 0.7233333333333334 0.030833333333333334 0.07666666666666666
0 0.8041666666666667 0.7533333333333333 0.0325 0.0675
0 0.7366666666666667 0.7875 0.05333333333333334 0.050833333333333335
0 0.3883333333333333 0.8083333333333333 0.03666666666666667 0.08166666666666667
0 0.9491666666666667 0.8666666666666667 0.030833333333333334 0.09166666666666666
0 0.25916666666666666 0.8708333333333333 0.021666666666666667 0.09416666666666666
0 0.24083333333333334 0.91 0.024166666666666666 0.07083333333333333
0 0.305 0.9283333333333333 0.03 0.05333333333333334
0 0.22 0.9325 0.028333333333333332 0.06333333333333334
0 0.25 0.9525 0.025 0.085
0 0.23583333333333334 0.9691666666666666 0.0275 0.06
0 0.19 0.9766666666666667 0.043333333333333335 0.04583333333333333
0 0.8833333333333333 0.9725 0.04 0.051666666666666666
0 0.22666666666666666 0.9775 0.03 0.041666666666666664
0 0.15916666666666668 0.9866666666666667 0.034166666666666665 0.025
0 0.4766666666666667 0.1 0.041666666666666664 0.0575
0 0.47333333333333333 0.13666666666666666 0.030833333333333334 0.07333333333333333
0 0.4525 0.1475 0.0225 0.07583333333333334
0 0.5491666666666667 0.1525 0.020833333333333332 0.08916666666666667
0 0.48 0.18333333333333332 0.0225 0.09833333333333333
0 0.4483333333333333 0.2375 0.023333333333333334 0.08
0 0.48833333333333334 0.2608333333333333 0.060833333333333336 0.03916666666666667
0 0.44333333333333336 0.30416666666666664 0.018333333333333333 0.08583333333333333
0 0.4275 0.3466666666666667 0.0275 0.08666666666666667