0 0.3308333333333333 0.021666666666666667 0.021666666666666667 0.043333333333333335
0 0.8391666666666666 0.45916666666666667 0.0275 0.059166666666666666
0 0.8191666666666667 0.46416666666666667 0.03666666666666667 0.05583333333333333
0 0.86 0.4716666666666667 0.025 0.08166666666666667
0 0.345 0.02 0.020833333333333332 0.04
0 0.37416666666666665 0.019166666666666665 0.029166666666666667 0.03166666666666667
0 0.7741666666666667 0.5483333333333333 0.020833333333333332 0.07916666666666666
0 0.3125 0.024166666666666666 0.024166666666666666 0.04666666666666667
0 0.8041666666666667 0.6175 0.03833333333333333 0.058333333333333334
0 0.7891666666666667 0.76 0.029166666666666667 0.0525
0 0.845 0.76 0.045 0.04083333333333333
0 0.3458333333333333 0.043333333333333335 0.0275 0.051666666666666666
0 0.38333333333333336 0.045 0.0175 0.034166666666666665
0 0.7741666666666667 0.7816666666666666 0.028333333333333332 0.0675
0 0.8566666666666667 0.7891666666666667 0.0425 0.035
0 0.29583333333333334 0.04583333333333333 0.0175 0.050833333333333335
0 0.8425 0.7958333333333333 0.030833333333333334 0.06583333333333333
0 0.8033333333333333 0.7975 0.0375 0.035
0 0.8291666666666667 0.8058333333333333 0.035833333333333335 0.04583333333333333
0 0.8616666666666667 0.8125 0.020833333333333332 0.029166666666666667
0 0.8291666666666667 0.83 0.04666666666666667 0.0325
0 0.805 0.835 0.03 0.04666666666666667
0 0.7841666666666667 0.8375 0.0375 0.08166666666666667
0 0.8558333333333333 0.85 0.04083333333333333 0.03
0 0.3675 0.051666666666666666 0.034166666666666665 0.04
0 0.8416666666666667 0.8616666666666667 0.04083333333333333 0.035
0 0.8158333333333333 0.8775 0.029166666666666667 0.04083333333333333
0 0.7441666666666666 0.8833333333333333 0.020833333333333332 0.09166666666666666
0 0.8533333333333334 0.8866666666666667 0.030833333333333334 0.030833333333333334
0 0.7316666666666667 0.8916666666666667 0.018333333333333333 0.07333333333333333
0 0.8783333333333333 0.8925 0.025833333333333333 0.07666666666666666
0 0.7833333333333333 0.8983333333333333 0.04 0.03166666666666667
0 0.8133333333333334 0.9033333333333333 0.03333333333333333 0.045
0 0.7133333333333334 0.91 0.028333333333333332 0.0475
0 0.6908333333333333 0.915 0.0375 0.0575
0 0.325 0.058333333333333334 0.025 0.055
0 0.7825 0.9283333333333333 0.043333333333333335 0.030833333333333334
0 0.815 0.9333333333333333 0.03666666666666667 0.05333333333333334
0 0.725 0.9341666666666667 0.04 0.030833333333333334
0 0.8408333333333333 0.9425 0.024166666666666666 0.06583333333333333
0 0.7366666666666667 0.9516666666666667 0.035833333333333335 0.04083333333333333
0 0.7058333333333333 0.965 0.0325 0.0375
0 0.2808333333333333 0.06333333333333334 0.014166666666666666 0.06
0 0.8175 0.9658333333333333 0.03833333333333333 0.058333333333333334
0 0.7316666666666667 0.9783333333333334 0.03833333333333333 0.0275
0 0.3075 0.065 0.023333333333333334 0.055
0 0.8425 0.9741666666666666 0.021666666666666667 0.04833333333333333
0 0.3375 0.08083333333333333 0.035833333333333335 0.050833333333333335
0 0.2841666666666667 0.0875 0.029166666666666667 0.05
0 0.3858333333333333 0.08916666666666667 0.023333333333333334 0.02666666666666667
0 0.26666666666666666 0.12083333333333333 0.016666666666666666 0.07333333333333333
0 0.3016666666666667 0.1225 0.02 0.0775
0 0.3175 0.1225 0.016666666666666666 0.07583333333333334
0 0.2783333333333333 0.1275 0.021666666666666667 0.05
0 0.25416666666666665 0.13666666666666666 0.019166666666666665 0.07
0 0.395 0.1375 0.02 0.065
0 0.2875 0.14166666666666666 0.0175 0.055
0 0.2875 0.1425 0.0175 0.0575
0 0.2325 0.16416666666666666 0.028333333333333332 0.05333333333333334
0 0.25333333333333335 0.18333333333333332 0.018333333333333333 0.03
0 0.27416666666666667 0.185 0.0175 0.07583333333333334
0 0.29583333333333334 0.1925 0.020833333333333332 0.0475
0 0.2808333333333333 0.2 0.023333333333333334 0.0725
0 0.25916666666666666 0.21166666666666667 0.021666666666666667 0.07833333333333334
0 0.375 0.01 0.02666666666666667 0.02
0 0.39 0.01 0.024166666666666666 0.019166666666666665
0 0.5841666666666666 0.36333333333333334 0.018333333333333333 0.07666666666666666
0 0.8683333333333333 0.38166666666666665 0.024166666666666666 0.08166666666666667
0 0.8591666666666666 0.39916666666666667 0.021666666666666667 0.07166666666666667
0 0.85 0.41083333333333333 0.0225 0.06
0 0.795 0.41333333333333333 0.025833333333333333 0.06
0 0.8333333333333334 0.4175 0.025 0.050833333333333335
0 0.355 0.0175 0.023333333333333334 0.035