0 0.7483333333333333 0.4525 0.0325 0.07583333333333334
0 0.465 0.46 0.04583333333333333 0.0375
0 0.23916666666666667 0.4741666666666667 0.041666666666666664 0.04083333333333333
0 0.22166666666666668 0.48 0.0325 0.07
0 0.7066666666666667 0.4825 0.0275 0.06916666666666667
0 0.69 0.49 0.035 0.06333333333333334
0 0.62 0.5008333333333334 0.034166666666666665 0.07333333333333333
0 0.7108333333333333 0.5016666666666667 0.02666666666666667 0.085
0 0.7233333333333334 0.5108333333333334 0.02666666666666667 0.0775
0 0.2475 0.5116666666666667 0.0325 0.05
0 0.6783333333333333 0.5341666666666667 0.0325 0.06583333333333333
0 0.23 0.5433333333333333 0.023333333333333334 0.0825
0 0.27416666666666667 0.5525 0.04833333333333333 0.04416666666666667
0 0.7466666666666667 0.555 0.0225 0.0975
0 0.6941666666666667 0.5608333333333333 0.016666666666666666 0.08166666666666667
0 0.7233333333333334 0.5616666666666666 0.023333333333333334 0.0825
0 0.6708333333333333 0.5725 0.03833333333333333 0.05416666666666667
0 0.5825 0.5758333333333333 0.023333333333333334 0.09666666666666666
0 0.7075 0.5816666666666667 0.021666666666666667 0.08333333333333333
0 0.68 0.5891666666666666 0.021666666666666667 0.09083333333333334
0 0.6966666666666667 0.6008333333333333 0.02 0.08083333333333333
0 0.7333333333333333 0.6133333333333333 0.0175 0.08666666666666667
0 0.5716666666666667 0.6191666666666666 0.020833333333333332 0.08333333333333333
0 0.275 0.6333333333333333 0.045 0.065
0 0.7266666666666667 0.6383333333333333 0.021666666666666667 0.08333333333333333
0 0.715 0.64 0.02666666666666667 0.0825
0 0.5825 0.6508333333333334 0.024166666666666666 0.09416666666666666
0 0.7483333333333333 0.675 0.02666666666666667 0.06333333333333334
0 0.49416666666666664 0.6808333333333333 0.03333333333333333 0.08
0 0.7175 0.7216666666666667 0.025 0.08833333333333333
0 0.7133333333333334 0.7925 0.034166666666666665 0.08083333333333333
0 0.7325 0.8208333333333333 0.02 0.09083333333333334
0 0.715 0.855 0.023333333333333334 0.075
0 0.23833333333333334 0.8775 0.025833333333333333 0.1
0 0.255 0.8883333333333333 0.028333333333333332 0.08833333333333333
0 0.72 0.8925 0.025833333333333333 0.08166666666666667
0 0.2866666666666667 0.9158333333333334 0.0475 0.07083333333333333
0 0.32416666666666666 0.9333333333333333 0.04583333333333333 0.0575
0 0.255 0.9375 0.024166666666666666 0.0925
0 0.28 0.9425 0.03333333333333333 0.07
0 0.17083333333333334 0.11666666666666667 0.02666666666666667 0.08083333333333333
0 0.2225 0.15333333333333332 0.025 0.0575
0 0.19583333333333333 0.17 0.0325 0.06583333333333333
0 0.21333333333333335 0.18583333333333332 0.025 0.075
0 0.19833333333333333 0.19 0.0175 0.055
0 0.26 0.20416666666666666 0.025833333333333333 0.07583333333333334
0 0.2891666666666667 0.23083333333333333 0.045 0.06166666666666667
0 0.21083333333333334 0.23083333333333333 0.0275 0.06333333333333334
0 0.38333333333333336 0.25166666666666665 0.035833333333333335 0.03
0 0.765 0.25833333333333336 0.04416666666666667 0.06416666666666666
0 0.1975 0.2683333333333333 0.021666666666666667 0.08083333333333333
0 0.23666666666666666 0.2683333333333333 0.023333333333333334 0.0775
0 0.37666666666666665 0.2783333333333333 0.045 0.0375
0 0.18416666666666667 0.2783333333333333 0.025833333333333333 0.0875
0 0.7266666666666667 0.2791666666666667 0.03166666666666667 0.08583333333333333
0 0.4025 0.2791666666666667 0.04083333333333333 0.051666666666666666
0 0.7666666666666667 0.28583333333333333 0.03333333333333333 0.06
0 0.21833333333333332 0.2925 0.028333333333333332 0.07916666666666666
0 0.7566666666666667 0.30833333333333335 0.0325 0.075
0 0.7325 0.32 0.025833333333333333 0.0775
0 0.2633333333333333 0.32166666666666666 0.03166666666666667 0.059166666666666666
0 0.41583333333333333 0.3283333333333333 0.030833333333333334 0.06833333333333333
0 0.24333333333333335 0.3308333333333333 0.028333333333333332 0.0675
0 0.75 0.33666666666666667 0.018333333333333333 0.06833333333333333
0 0.39666666666666667 0.3375 0.0275 0.07583333333333334
0 0.2875 0.3408333333333333 0.04 0.07333333333333333
0 0.19666666666666666 0.35083333333333333 0.0275 0.058333333333333334
0 0.74 0.37583333333333335 0.021666666666666667 0.07416666666666667
0 0.7625 0.38166666666666665 0.020833333333333332 0.0775
0 0.7008333333333333 0.38166666666666665 0.03333333333333333 0.03333333333333333
0 0.26666666666666666 0.38416666666666666 0.04416666666666667 0.03916666666666667
0 0.30666666666666664 0.38416666666666666 0.04 0.034166666666666665
0 0.7241666666666666 0.3875 0.028333333333333332 0.07416666666666667
0 0.4166666666666667 0.39166666666666666 0.0375 0.043333333333333335
0 0.20583333333333334 0.3925 0.035833333333333335 0.056666666666666664
0 0.30916666666666665 0.405 0.0475 0.049166666666666664
0 0.7408333333333333 0.41083333333333333 0.030833333333333334 0.06583333333333333
0 0.45166666666666666 0.4266666666666667 0.0425 0.04583333333333333
0 0.2175 0.43083333333333335 0.03833333333333333 0.06166666666666667
0 0.7133333333333334 0.435 0.041666666666666664 0.058333333333333334
0 0.74 0.44333333333333336 0.029166666666666667 0.058333333333333334