0 0.4891666666666667 0.4508333333333333 0.0275 0.085
0 0.45166666666666666 0.4683333333333333 0.03 0.059166666666666666
0 0.4666666666666667 0.4691666666666667 0.025 0.0675
0 0.42833333333333334 0.4891666666666667 0.020833333333333332 0.095
0 0.1775 0.49666666666666665 0.0325 0.075
0 0.20333333333333334 0.5175 0.035 0.06666666666666667
0 0.47 0.5191666666666667 0.015833333333333335 0.07
0 0.1675 0.5275 0.020833333333333332 0.07083333333333333
0 0.19583333333333333 0.5533333333333333 0.035833333333333335 0.050833333333333335
0 0.275 0.59 0.04666666666666667 0.049166666666666664
0 0.7333333333333333 0.665 0.03166666666666667 0.09583333333333334
0 0.6808333333333333 0.6975 0.045 0.050833333333333335
0 0.645 0.7016666666666667 0.030833333333333334 0.059166666666666666
0 0.7616666666666667 0.7033333333333334 0.0275 0.08166666666666667
0 0.785 0.7333333333333333 0.024166666666666666 0.07416666666666667
0 0.7441666666666666 0.7408333333333333 0.028333333333333332 0.08583333333333333
0 0.7591666666666667 0.7675 0.029166666666666667 0.075
0 0.08166666666666667 0.7775 0.04416666666666667 0.06333333333333334
0 0.8366666666666667 0.7816666666666666 0.041666666666666664 0.05
0 0.7975 0.7833333333333333 0.03166666666666667 0.075
0 0.7741666666666667 0.7916666666666666 0.021666666666666667 0.07
0 0.8183333333333334 0.8025 0.03166666666666667 0.07583333333333334
0 0.13583333333333333 0.8208333333333333 0.043333333333333335 0.055
0 0.7925 0.8383333333333334 0.025 0.07666666666666666
0 0.8133333333333334 0.8558333333333333 0.025 0.0875
0 0.805 0.9075 0.03166666666666667 0.0725
0 0.53 0.04083333333333333 0.035 0.065
0 0.5258333333333334 0.07333333333333333 0.030833333333333334 0.060833333333333336
0 0.5575 0.08333333333333333 0.0225 0.06666666666666667
0 0.52 0.11916666666666667 0.021666666666666667 0.08666666666666667
0 0.5383333333333333 0.1275 0.025 0.07916666666666666
0 0.5483333333333333 0.14916666666666667 0.0225 0.08
0 0.5591666666666667 0.15666666666666668 0.029166666666666667 0.08833333333333333
0 0.2425 0.16333333333333333 0.04583333333333333 0.08166666666666667
0 0.21916666666666668 0.24083333333333334 0.04833333333333333 0.0825
0 0.4633333333333333 0.395 0.04416666666666667 0.05333333333333334
0 0.4775 0.4091666666666667 0.03916666666666667 0.059166666666666666