0 0.4725 0.49333333333333335 0.0225 0.056666666666666664
0 0.425 0.4825 0.02666666666666667 0.08666666666666667
0 0.48833333333333334 0.4791666666666667 0.020833333333333332 0.06416666666666666
0 0.43333333333333335 0.7325 0.030833333333333334 0.07333333333333333
0 0.445 0.6866666666666666 0.025 0.0775
0 0.4216666666666667 0.6783333333333333 0.024166666666666666 0.056666666666666664
0 0.4325 0.6508333333333334 0.02 0.065
0 0.4575 0.6458333333333334 0.023333333333333334 0.06166666666666667
0 0.4066666666666667 0.6433333333333333 0.019166666666666665 0.049166666666666664
0 0.4008333333333333 0.6241666666666666 0.015833333333333335 0.06
0 0.45916666666666667 0.6125 0.0275 0.059166666666666666
0 0.42 0.605 0.0175 0.0675
0 0.43333333333333335 0.5933333333333334 0.019166666666666665 0.08333333333333333
0 0.48083333333333333 0.5883333333333334 0.023333333333333334 0.050833333333333335
0 0.4225 0.5558333333333333 0.03916666666666667 0.04666666666666667
0 0.4691666666666667 0.5533333333333333 0.021666666666666667 0.0725
0 0.48833333333333334 0.5533333333333333 0.035833333333333335 0.058333333333333334
0 0.4533333333333333 0.5433333333333333 0.028333333333333332 0.06166666666666667