0 0.8891666666666667 0.5125 0.0225 0.0875
0 0.5741666666666667 0.5216666666666666 0.041666666666666664 0.05333333333333334
0 0.5516666666666666 0.5241666666666667 0.028333333333333332 0.021666666666666667
0 0.8433333333333334 0.525 0.03666666666666667 0.05333333333333334
0 0.88 0.5258333333333334 0.014166666666666666 0.07583333333333334
0 0.8633333333333333 0.5366666666666666 0.029166666666666667 0.06
0 0.835 0.5508333333333333 0.03 0.020833333333333332
0 0.5383333333333333 0.5675 0.0325 0.029166666666666667
0 0.8475 0.5683333333333334 0.03916666666666667 0.03666666666666667
0 0.5591666666666667 0.5725 0.04083333333333333 0.056666666666666664
0 0.8933333333333333 0.58 0.023333333333333334 0.07083333333333333
0 0.8441666666666666 0.5891666666666666 0.0425 0.05
0 0.585 0.59 0.019166666666666665 0.07333333333333333
0 0.8658333333333333 0.5966666666666667 0.03666666666666667 0.0675
0 0.9058333333333334 0.6025 0.02666666666666667 0.07916666666666666
0 0.8666666666666667 0.635 0.024166666666666666 0.050833333333333335
0 0.8841666666666667 0.6441666666666667 0.028333333333333332 0.06333333333333334
0 0.8958333333333334 0.6858333333333333 0.021666666666666667 0.08
0 0.8725 0.705 0.03333333333333333 0.06583333333333333
0 0.485 0.7175 0.0425 0.049166666666666664
0 0.4683333333333333 0.7208333333333333 0.043333333333333335 0.049166666666666664
0 0.4483333333333333 0.7308333333333333 0.05333333333333334 0.034166666666666665
0 0.7733333333333333 0.7408333333333333 0.03166666666666667 0.06833333333333333
0 0.8658333333333333 0.75 0.034166666666666665 0.0525
0 0.4025 0.7616666666666667 0.05583333333333333 0.03833333333333333
0 0.5233333333333333 0.7808333333333334 0.0425 0.041666666666666664
0 0.24 0.7825 0.025 0.0375
0 0.0825 0.7866666666666666 0.0325 0.03916666666666667
0 0.0275 0.8025 0.030833333333333334 0.0825
0 0.14333333333333334 0.8191666666666667 0.05 0.06166666666666667
0 0.5508333333333333 0.8283333333333334 0.04583333333333333 0.043333333333333335
0 0.18333333333333332 0.8458333333333333 0.028333333333333332 0.08
0 0.13333333333333333 0.8491666666666666 0.029166666666666667 0.05333333333333334
0 0.16583333333333333 0.87 0.0425 0.050833333333333335
0 0.7166666666666667 0.88 0.04083333333333333 0.07083333333333333
0 0.15166666666666667 0.8833333333333333 0.0375 0.025833333333333333
0 0.17083333333333334 0.9025 0.05333333333333334 0.0275
0 0.14 0.91 0.03666666666666667 0.03833333333333333
0 0.020833333333333332 0.9116666666666666 0.041666666666666664 0.056666666666666664
0 0.7216666666666667 0.9225 0.050833333333333335 0.0325
0 0.17666666666666667 0.9258333333333333 0.05416666666666667 0.035
0 0.135 0.9308333333333333 0.0275 0.021666666666666667
0 0.1575 0.9533333333333334 0.030833333333333334 0.024166666666666666
0 0.004166666666666667 0.9608333333333333 0.008333333333333333 0.07083333333333333
0 0.7616666666666667 0.9683333333333334 0.0475 0.0625
0 0.84 0.9875 0.025 0.023333333333333334
0 0.8958333333333334 0.14166666666666666 0.04083333333333333 0.0475
0 0.91 0.19666666666666666 0.029166666666666667 0.07333333333333333
0 0.9075 0.2575 0.0225 0.075
0 0.6658333333333334 0.26916666666666667 0.023333333333333334 0.08916666666666667
0 0.14666666666666667 0.2725 0.04083333333333333 0.0725
0 0.8925 0.30833333333333335 0.021666666666666667 0.06916666666666667
0 0.1625 0.32416666666666666 0.049166666666666664 0.043333333333333335
0 0.885 0.3466666666666667 0.021666666666666667 0.08583333333333333
0 0.8775 0.37 0.0225 0.08666666666666667
0 0.9025 0.38 0.020833333333333332 0.06
0 0.8633333333333333 0.3908333333333333 0.019166666666666665 0.06666666666666667
0 0.11416666666666667 0.3983333333333333 0.035 0.07
0 0.8933333333333333 0.4191666666666667 0.02 0.0875
0 0.875 0.4375 0.0225 0.06916666666666667
0 0.855 0.4475 0.02 0.07583333333333334
0 0.8325 0.46166666666666667 0.028333333333333332 0.07583333333333334
0 0.9108333333333334 0.4633333333333333 0.02666666666666667 0.0775
0 0.87 0.4791666666666667 0.02 0.060833333333333336
0 0.8175 0.48583333333333334 0.024166666666666666 0.08083333333333333
0 0.9016666666666666 0.49333333333333335 0.0325 0.075
0 0.5716666666666667 0.49416666666666664 0.041666666666666664 0.04583333333333333
0 0.86 0.5058333333333334 0.03333333333333333 0.04583333333333333