0 0.82 0.5283333333333333 0.02 0.0675
0 0.395 0.9533333333333334 0.020833333333333332 0.085
0 0.8316666666666667 0.4766666666666667 0.029166666666666667 0.07083333333333333
0 0.7716666666666666 0.4691666666666667 0.029166666666666667 0.065
0 0.7541666666666667 0.4666666666666667 0.024166666666666666 0.058333333333333334
0 0.8091666666666667 0.465 0.02666666666666667 0.07
0 0.7183333333333334 0.4558333333333333 0.020833333333333332 0.07166666666666667
0 0.7366666666666667 0.45416666666666666 0.024166666666666666 0.07833333333333334
0 0.7658333333333334 0.42 0.03333333333333333 0.041666666666666664
0 0.7408333333333333 0.4191666666666667 0.03916666666666667 0.05416666666666667
0 0.7041666666666667 0.405 0.0175 0.06
0 0.3775 0.9408333333333333 0.024166666666666666 0.07583333333333334
0 0.7191666666666666 0.3525 0.019166666666666665 0.0825
0 0.7 0.34833333333333333 0.024166666666666666 0.08083333333333333
0 0.7183333333333334 0.31 0.020833333333333332 0.06833333333333333
0 0.2975 0.9291666666666667 0.028333333333333332 0.06666666666666667
0 0.715 0.2658333333333333 0.0275 0.0725
0 0.7941666666666667 0.25166666666666665 0.04083333333333333 0.06416666666666666
0 0.38083333333333336 0.9258333333333333 0.02 0.0625
0 0.7366666666666667 0.24083333333333334 0.015833333333333335 0.08166666666666667
0 0.40166666666666667 0.9241666666666667 0.03 0.05416666666666667
0 0.485 0.21583333333333332 0.02 0.08083333333333333
0 0.715 0.20166666666666666 0.025833333333333333 0.07083333333333333
0 0.7066666666666667 0.2 0.020833333333333332 0.04416666666666667
0 0.7333333333333333 0.2 0.02 0.06916666666666667
0 0.3575 0.92 0.023333333333333334 0.06583333333333333
0 0.47583333333333333 0.18166666666666667 0.018333333333333333 0.0675
0 0.4608333333333333 0.16166666666666665 0.034166666666666665 0.0425
0 0.7325 0.15833333333333333 0.015833333333333335 0.04666666666666667
0 0.5 0.14416666666666667 0.030833333333333334 0.0525
0 0.7266666666666667 0.13916666666666666 0.020833333333333332 0.0725
0 0.46416666666666667 0.12916666666666668 0.0275 0.056666666666666664
0 0.48 0.12083333333333333 0.02 0.056666666666666664
0 0.49583333333333335 0.11666666666666667 0.028333333333333332 0.060833333333333336
0 0.5158333333333334 0.1 0.030833333333333334 0.045
0 0.5 0.08083333333333333 0.025 0.04416666666666667
0 0.47 0.07833333333333334 0.03166666666666667 0.0525
0 0.5283333333333333 0.06333333333333334 0.03916666666666667 0.03666666666666667
0 0.48 0.04583333333333333 0.0275 0.041666666666666664
0 0.5 0.04083333333333333 0.03333333333333333 0.035
0 0.5308333333333334 0.03916666666666667 0.03666666666666667 0.03666666666666667
0 0.5433333333333333 0.0175 0.043333333333333335 0.03166666666666667
0 0.29583333333333334 0.895 0.014166666666666666 0.04583333333333333
0 0.37916666666666665 0.885 0.028333333333333332 0.05333333333333334
0 0.36 0.88 0.024166666666666666 0.059166666666666666
0 0.3125 0.8616666666666667 0.015833333333333335 0.06416666666666666
0 0.2708333333333333 0.8583333333333333 0.028333333333333332 0.07083333333333333
0 0.2841666666666667 0.8491666666666666 0.0225 0.0625
0 0.35833333333333334 0.845 0.03166666666666667 0.05416666666666667
0 0.3416666666666667 0.8425 0.02 0.0525
0 0.3641666666666667 0.9825 0.021666666666666667 0.03166666666666667
0 0.325 0.8283333333333334 0.0225 0.04666666666666667
0 0.29333333333333333 0.8241666666666667 0.02 0.0725
0 0.30583333333333335 0.8141666666666667 0.020833333333333332 0.04583333333333333
0 0.3441666666666667 0.81 0.015833333333333335 0.029166666666666667
0 0.3258333333333333 0.8025 0.028333333333333332 0.045
0 0.30416666666666664 0.7816666666666666 0.025 0.04666666666666667
0 0.31166666666666665 0.9766666666666667 0.03333333333333333 0.043333333333333335
0 0.3275 0.7766666666666666 0.03833333333333333 0.05416666666666667
0 0.2825 0.7641666666666667 0.025 0.0725
0 0.2675 0.7625 0.025833333333333333 0.055
0 0.41083333333333333 0.9708333333333333 0.018333333333333333 0.055
0 0.38416666666666666 0.7058333333333333 0.019166666666666665 0.07
0 0.425 0.685 0.013333333333333334 0.05
0 0.4583333333333333 0.6833333333333333 0.024166666666666666 0.07916666666666666
0 0.44583333333333336 0.6708333333333333 0.018333333333333333 0.04666666666666667
0 0.8283333333333334 0.6533333333333333 0.0275 0.07833333333333334
0 0.8958333333333334 0.965 0.03333333333333333 0.06916666666666667
0 0.5441666666666667 0.6025 0.028333333333333332 0.07416666666666667
0 0.8333333333333334 0.55 0.025833333333333333 0.08583333333333333