0 0.2683333333333333 0.45666666666666667 0.025833333333333333 0.050833333333333335
0 0.29833333333333334 0.46416666666666667 0.04083333333333333 0.03
0 0.26916666666666667 0.48833333333333334 0.03166666666666667 0.0425
0 0.23916666666666667 0.4891666666666667 0.03666666666666667 0.03333333333333333
0 0.29833333333333334 0.49166666666666664 0.03666666666666667 0.028333333333333332
0 0.2175 0.49916666666666665 0.0225 0.09
0 0.2975 0.515 0.0325 0.034166666666666665
0 0.265 0.52 0.041666666666666664 0.04583333333333333
0 0.24083333333333334 0.525 0.04 0.03833333333333333
0 0.31333333333333335 0.5266666666666666 0.04416666666666667 0.03333333333333333
0 0.2425 0.5383333333333333 0.035833333333333335 0.04416666666666667
0 0.35 0.5541666666666667 0.043333333333333335 0.03333333333333333
0 0.2925 0.5541666666666667 0.034166666666666665 0.0275
0 0.24333333333333335 0.5566666666666666 0.035 0.028333333333333332
0 0.31083333333333335 0.5691666666666667 0.03833333333333333 0.03666666666666667
0 0.3933333333333333 0.043333333333333335 0.035 0.045
0 0.255 0.5808333333333333 0.0375 0.03
0 0.3375 0.5925 0.03833333333333333 0.030833333333333334
0 0.36666666666666664 0.6025 0.020833333333333332 0.05333333333333334
0 0.23166666666666666 0.6025 0.0425 0.03833333333333333
0 0.27416666666666667 0.6075 0.035 0.043333333333333335
0 0.3383333333333333 0.6283333333333333 0.03333333333333333 0.04833333333333333
0 0.3383333333333333 0.050833333333333335 0.035 0.0375
0 0.32666666666666666 0.6541666666666667 0.035833333333333335 0.03916666666666667
0 0.28583333333333333 0.6566666666666666 0.030833333333333334 0.06416666666666666
0 0.365 0.0525 0.029166666666666667 0.04583333333333333
0 0.3616666666666667 0.6833333333333333 0.03333333333333333 0.056666666666666664
0 0.3375 0.6833333333333333 0.03833333333333333 0.051666666666666666
0 0.31 0.7 0.0325 0.04833333333333333
0 0.335 0.7 0.03333333333333333 0.049166666666666664
0 0.3016666666666667 0.06 0.03916666666666667 0.04666666666666667
0 0.29333333333333333 0.7375 0.030833333333333334 0.07083333333333333
0 0.3358333333333333 0.7466666666666667 0.0325 0.0425
0 0.3375 0.7733333333333333 0.03333333333333333 0.0575
0 0.8008333333333333 0.845 0.051666666666666666 0.05
0 0.78 0.8658333333333333 0.0225 0.04083333333333333
0 0.7983333333333333 0.8658333333333333 0.045 0.05583333333333333
0 0.3275 0.0775 0.03166666666666667 0.0275
0 0.44666666666666666 0.9416666666666667 0.025 0.08583333333333333
0 0.31083333333333335 0.08166666666666667 0.021666666666666667 0.034166666666666665
0 0.33666666666666667 0.085 0.034166666666666665 0.028333333333333332
0 0.355 0.09416666666666666 0.02666666666666667 0.03333333333333333
0 0.3308333333333333 0.1025 0.03333333333333333 0.0325
0 0.37083333333333335 0.12416666666666666 0.041666666666666664 0.045
0 0.3233333333333333 0.12916666666666668 0.035833333333333335 0.065
0 0.2975 0.1325 0.03666666666666667 0.0475
0 0.3475 0.14 0.035833333333333335 0.051666666666666666
0 0.7675 0.27666666666666667 0.059166666666666666 0.05416666666666667
0 0.3416666666666667 0.32166666666666666 0.0175 0.059166666666666666
0 0.35583333333333333 0.32166666666666666 0.020833333333333332 0.065
0 0.7625 0.35333333333333333 0.025833333333333333 0.07083333333333333
0 0.7741666666666667 0.3541666666666667 0.014166666666666666 0.0625
0 0.32416666666666666 0.355 0.024166666666666666 0.06833333333333333
0 0.35583333333333333 0.36583333333333334 0.021666666666666667 0.04833333333333333
0 0.3025 0.37 0.021666666666666667 0.07166666666666667
0 0.335 0.37083333333333335 0.024166666666666666 0.051666666666666666
0 0.30333333333333334 0.4041666666666667 0.04083333333333333 0.041666666666666664
0 0.3408333333333333 0.41 0.029166666666666667 0.049166666666666664
0 0.7475 0.4141666666666667 0.04 0.03916666666666667
0 0.3125 0.41833333333333333 0.03333333333333333 0.03166666666666667
0 0.7291666666666666 0.43 0.05416666666666667 0.04583333333333333
0 0.25916666666666666 0.4325 0.03 0.0625
0 0.29083333333333333 0.43416666666666665 0.03333333333333333 0.0425
0 0.32416666666666666 0.445 0.0325 0.035833333333333335