0 0.585 0.505 0.020833333333333332 0.05333333333333334
0 0.5241666666666667 0.5025 0.015 0.075
0 0.5758333333333333 0.49166666666666664 0.0225 0.030833333333333334
0 0.5483333333333333 0.49 0.029166666666666667 0.06333333333333334
0 0.5633333333333334 0.4816666666666667 0.024166666666666666 0.051666666666666666
0 0.5375 0.4741666666666667 0.02 0.07333333333333333
0 0.5491666666666667 0.455 0.020833333333333332 0.07333333333333333
0 0.5825 0.4483333333333333 0.015833333333333335 0.059166666666666666
0 0.5708333333333333 0.43166666666666664 0.023333333333333334 0.0675
0 0.5308333333333334 0.4266666666666667 0.021666666666666667 0.07666666666666666
0 0.5925 0.42083333333333334 0.024166666666666666 0.05333333333333334
0 0.5633333333333334 0.415 0.015833333333333335 0.07583333333333334
0 0.5508333333333333 0.4041666666666667 0.023333333333333334 0.07
0 0.5333333333333333 0.375 0.021666666666666667 0.085
0 0.5525 0.37166666666666665 0.028333333333333332 0.0425
0 0.5741666666666667 0.3625 0.014166666666666666 0.07666666666666666
0 0.5291666666666667 0.3475 0.019166666666666665 0.08
0 0.515 0.3383333333333333 0.023333333333333334 0.059166666666666666
0 0.5516666666666666 0.3333333333333333 0.0175 0.07
0 0.5658333333333333 0.31916666666666665 0.023333333333333334 0.06833333333333333
0 0.5416666666666666 0.30916666666666665 0.011666666666666667 0.050833333333333335
0 0.5225 0.30083333333333334 0.03166666666666667 0.055
0 0.5516666666666666 0.2825 0.015 0.059166666666666666
0 0.5708333333333333 0.27416666666666667 0.025833333333333333 0.049166666666666664
0 0.5325 0.2608333333333333 0.035 0.05416666666666667
0 0.5691666666666667 0.24583333333333332 0.024166666666666666 0.059166666666666666
0 0.5641666666666667 0.22916666666666666 0.03166666666666667 0.0575
0 0.5466666666666666 0.22083333333333333 0.04083333333333333 0.055
0 0.63 0.17916666666666667 0.02666666666666667 0.07583333333333334
0 0.5958333333333333 0.11333333333333333 0.019166666666666665 0.095
0 0.6025 0.0325 0.015833333333333335 0.060833333333333336
0 0.5241666666666667 0.7216666666666667 0.015 0.08416666666666667
0 0.5091666666666667 0.7016666666666667 0.013333333333333334 0.07833333333333334
0 0.5 0.68 0.0125 0.055
0 0.5241666666666667 0.6425 0.013333333333333334 0.06916666666666667
0 0.5225 0.5825 0.023333333333333334 0.06916666666666667
0 0.5425 0.5658333333333333 0.0175 0.07166666666666667
0 0.5783333333333334 0.5616666666666666 0.013333333333333334 0.05583333333333333
0 0.555 0.5458333333333333 0.011666666666666667 0.06833333333333333
0 0.5175 0.5433333333333333 0.016666666666666666 0.06833333333333333
0 0.5658333333333333 0.5408333333333334 0.013333333333333334 0.0625
0 0.545 0.5375 0.014166666666666666 0.07333333333333333