0 0.4741666666666667 0.5016666666666667 0.03666666666666667 0.049166666666666664
0 0.4875 0.5075 0.03333333333333333 0.07416666666666667
0 0.4558333333333333 0.5433333333333333 0.030833333333333334 0.04666666666666667
0 0.49583333333333335 0.55 0.016666666666666666 0.07916666666666666
0 0.465 0.5625 0.03166666666666667 0.051666666666666666
0 0.47833333333333333 0.5708333333333333 0.024166666666666666 0.0675
0 0.21333333333333335 0.585 0.030833333333333334 0.07833333333333334
0 0.4816666666666667 0.5975 0.019166666666666665 0.06833333333333333
0 0.22916666666666666 0.6125 0.030833333333333334 0.0725
0 0.19916666666666666 0.6158333333333333 0.019166666666666665 0.08083333333333333
0 0.22333333333333333 0.645 0.03333333333333333 0.05333333333333334
0 0.2875 0.6758333333333333 0.04666666666666667 0.049166666666666664
0 0.7308333333333333 0.7466666666666667 0.02 0.08666666666666667
0 0.6741666666666667 0.78 0.049166666666666664 0.035
0 0.7508333333333334 0.7908333333333334 0.029166666666666667 0.06833333333333333
0 0.6916666666666667 0.805 0.035833333333333335 0.03333333333333333
0 0.7716666666666666 0.8191666666666667 0.024166666666666666 0.06583333333333333
0 0.7375 0.83 0.02666666666666667 0.075
0 0.1075 0.8383333333333334 0.035833333333333335 0.06916666666666667
0 0.7525 0.8508333333333333 0.02666666666666667 0.060833333333333336
0 0.7908333333333334 0.8516666666666667 0.035833333333333335 0.075
0 0.5325 0.07583333333333334 0.029166666666666667 0.0725
0 0.7641666666666667 0.8666666666666667 0.023333333333333334 0.07916666666666666
0 0.8275 0.8683333333333333 0.03666666666666667 0.03916666666666667
0 0.8041666666666667 0.8783333333333333 0.025833333333333333 0.07416666666666667
0 0.1625 0.8891666666666667 0.03833333333333333 0.059166666666666666
0 0.7825 0.9075 0.018333333333333333 0.06583333333333333
0 0.8008333333333333 0.9266666666666666 0.025 0.09416666666666666
0 0.7916666666666666 0.9675 0.028333333333333332 0.06333333333333334
0 0.5266666666666666 0.1075 0.0225 0.075
0 0.55 0.125 0.018333333333333333 0.075
0 0.5258333333333334 0.15083333333333335 0.024166666666666666 0.08583333333333333
0 0.44916666666666666 0.15333333333333332 0.0275 0.0975
0 0.5458333333333333 0.195 0.019166666666666665 0.09916666666666667
0 0.4125 0.20916666666666667 0.0525 0.03916666666666667
0 0.5591666666666667 0.24166666666666667 0.02 0.0875
0 0.5725 0.26916666666666667 0.030833333333333334 0.08083333333333333