0 0.315 0.4691666666666667 0.04083333333333333 0.035833333333333335
0 0.6025 0.49833333333333335 0.025833333333333333 0.059166666666666666
0 0.305 0.49916666666666665 0.045 0.04083333333333333
0 0.32666666666666666 0.5025 0.04 0.05
0 0.2783333333333333 0.5083333333333333 0.04416666666666667 0.03666666666666667
0 0.7308333333333333 0.5208333333333334 0.041666666666666664 0.05
0 0.7033333333333334 0.5216666666666666 0.025 0.07833333333333334
0 0.7641666666666667 0.5525 0.03916666666666667 0.043333333333333335
0 0.7166666666666667 0.56 0.025833333333333333 0.06666666666666667
0 0.7008333333333333 0.5633333333333334 0.03333333333333333 0.085
0 0.74 0.57 0.025 0.06583333333333333
0 0.7608333333333334 0.57 0.035833333333333335 0.0475
0 0.7166666666666667 0.5833333333333334 0.029166666666666667 0.058333333333333334
0 0.7308333333333333 0.5891666666666666 0.019166666666666665 0.08166666666666667
0 0.7558333333333334 0.6225 0.020833333333333332 0.06583333333333333
0 0.7725 0.6241666666666666 0.020833333333333332 0.0775
0 0.7416666666666667 0.6375 0.021666666666666667 0.09
0 0.7683333333333333 0.67 0.0325 0.085
0 0.1375 0.6983333333333334 0.043333333333333335 0.030833333333333334
0 0.185 0.7158333333333333 0.0275 0.07166666666666667
0 0.4875 0.135 0.0275 0.07583333333333334
0 0.5066666666666667 0.16666666666666666 0.018333333333333333 0.065
0 0.36583333333333334 0.18416666666666667 0.03833333333333333 0.04
0 0.5 0.19833333333333333 0.025 0.0675
0 0.3625 0.2125 0.04416666666666667 0.043333333333333335
0 0.35333333333333333 0.24833333333333332 0.0425 0.03916666666666667
0 0.3458333333333333 0.2866666666666667 0.0375 0.06333333333333334
0 0.4 0.3775 0.0375 0.06416666666666666
0 0.4075 0.4058333333333333 0.021666666666666667 0.07833333333333334
0 0.44083333333333335 0.41583333333333333 0.0375 0.05583333333333333
0 0.4266666666666667 0.42083333333333334 0.029166666666666667 0.056666666666666664
0 0.3725 0.4525 0.04583333333333333 0.04833333333333333
0 0.4041666666666667 0.4533333333333333 0.034166666666666665 0.075
0 0.43333333333333335 0.45666666666666667 0.03 0.059166666666666666
0 0.4525 0.4625 0.023333333333333334 0.06416666666666666