0 0.555 0.4325 0.028333333333333332 0.10583333333333333
0 0.8016666666666666 0.445 0.03916666666666667 0.058333333333333334
0 0.7708333333333334 0.45416666666666666 0.030833333333333334 0.075
0 0.8116666666666666 0.4633333333333333 0.034166666666666665 0.060833333333333336
0 0.515 0.46416666666666667 0.024166666666666666 0.0775
0 0.7733333333333333 0.48333333333333334 0.04583333333333333 0.051666666666666666
0 0.6841666666666667 0.5166666666666667 0.055 0.0475
0 0.25166666666666665 0.5808333333333333 0.023333333333333334 0.09166666666666666
0 0.3408333333333333 0.6025 0.03333333333333333 0.03916666666666667
0 0.22333333333333333 0.6033333333333334 0.043333333333333335 0.0325
0 0.22416666666666665 0.6416666666666667 0.019166666666666665 0.06666666666666667
0 0.205 0.6425 0.024166666666666666 0.0625
0 0.24333333333333335 0.6533333333333333 0.025 0.07666666666666666
0 0.19 0.6591666666666667 0.013333333333333334 0.03916666666666667
0 0.16083333333333333 0.6833333333333333 0.04833333333333333 0.060833333333333336
0 0.22916666666666666 0.685 0.03166666666666667 0.07166666666666667
0 0.21416666666666667 0.6958333333333333 0.0225 0.07333333333333333
0 0.20416666666666666 0.6958333333333333 0.0275 0.10833333333333334
0 0.17333333333333334 0.7008333333333333 0.03833333333333333 0.056666666666666664
0 0.875 0.7175 0.04416666666666667 0.041666666666666664
0 0.8333333333333334 0.7358333333333333 0.041666666666666664 0.04666666666666667
0 0.19166666666666668 0.7408333333333333 0.0175 0.07
0 0.1725 0.75 0.02666666666666667 0.08916666666666667
0 0.18416666666666667 0.8066666666666666 0.03166666666666667 0.08333333333333333
0 0.44416666666666665 0.0425 0.04 0.08333333333333333
0 0.45666666666666667 0.07916666666666666 0.023333333333333334 0.07666666666666666
0 0.48333333333333334 0.10666666666666667 0.035 0.059166666666666666
0 0.43666666666666665 0.11583333333333333 0.019166666666666665 0.09416666666666666
0 0.4525 0.13 0.024166666666666666 0.08916666666666667
0 0.47583333333333333 0.14083333333333334 0.0325 0.05416666666666667
0 0.7708333333333334 0.17416666666666666 0.025833333333333333 0.09416666666666666
0 0.48 0.18333333333333332 0.035833333333333335 0.060833333333333336
0 0.7841666666666667 0.2625 0.0325 0.09333333333333334
0 0.5275 0.3308333333333333 0.050833333333333335 0.041666666666666664
0 0.5158333333333334 0.35 0.0525 0.04833333333333333
0 0.5225 0.3933333333333333 0.0225 0.07416666666666667
0 0.5391666666666667 0.40166666666666667 0.023333333333333334 0.07083333333333333
0 0.5091666666666667 0.4141666666666667 0.020833333333333332 0.10083333333333333