0 0.415 0.53 0.04416666666666667 0.04
0 0.45 0.52 0.025833333333333333 0.0475
0 0.37416666666666665 0.5133333333333333 0.03333333333333333 0.043333333333333335
0 0.59 0.5133333333333333 0.023333333333333334 0.07166666666666667
0 0.35 0.5016666666666667 0.034166666666666665 0.06166666666666667
0 0.42083333333333334 0.495 0.04 0.041666666666666664
0 0.7058333333333333 0.4841666666666667 0.0375 0.06916666666666667
0 0.6808333333333333 0.47333333333333333 0.03916666666666667 0.0525
0 0.36916666666666664 0.4658333333333333 0.04 0.05416666666666667
0 0.4 0.465 0.018333333333333333 0.08
0 0.35083333333333333 0.4608333333333333 0.03333333333333333 0.059166666666666666
0 0.6541666666666667 0.435 0.050833333333333335 0.03333333333333333
0 0.7158333333333333 0.42583333333333334 0.04416666666666667 0.050833333333333335
0 0.49666666666666665 0.30666666666666664 0.004166666666666667 0.010833333333333334
0 0.795 0.9425 0.025833333333333333 0.06666666666666667
0 0.12666666666666668 0.006666666666666667 0.043333333333333335 0.01
0 0.7725 0.89 0.025 0.06916666666666667
0 0.75 0.8191666666666667 0.021666666666666667 0.06
0 0.745 0.7275 0.0225 0.09666666666666666
0 0.4475 0.585 0.0425 0.03166666666666667
0 0.4125 0.585 0.03666666666666667 0.029166666666666667
0 0.4275 0.5733333333333334 0.041666666666666664 0.028333333333333332
0 0.7491666666666666 0.565 0.0325 0.08416666666666667
0 0.36833333333333335 0.565 0.0425 0.03833333333333333
0 0.39666666666666667 0.5633333333333334 0.03666666666666667 0.02666666666666667
0 0.4666666666666667 0.5616666666666666 0.03 0.04416666666666667
0 0.4875 0.5591666666666667 0.035 0.050833333333333335
0 0.4266666666666667 0.5483333333333333 0.035 0.029166666666666667
0 0.6983333333333334 0.5466666666666666 0.0325 0.06666666666666667
0 0.4608333333333333 0.5433333333333333 0.03166666666666667 0.045