0 0.18416666666666667 0.4716666666666667 0.08416666666666667 0.08333333333333333
0 0.12833333333333333 0.9441666666666667 0.07916666666666666 0.10166666666666667
0 0.20416666666666666 0.33666666666666667 0.06416666666666666 0.11333333333333333
0 0.585 0.205 0.075 0.06833333333333333
0 0.6108333333333333 0.13166666666666665 0.07583333333333334 0.09166666666666666
0 0.5016666666666667 0.10666666666666667 0.06 0.115
0 0.5658333333333333 0.07083333333333333 0.08166666666666667 0.07166666666666667
0 0.5316666666666666 0.023333333333333334 0.059166666666666666 0.045
0 0.5741666666666667 0.021666666666666667 0.04666666666666667 0.0425
0 0.1575 0.8008333333333333 0.0725 0.11916666666666667
0 0.043333333333333335 0.7941666666666667 0.08583333333333333 0.09333333333333334
0 0.25 0.7608333333333334 0.07666666666666666 0.08166666666666667
0 0.23833333333333334 0.6866666666666666 0.08166666666666667 0.07166666666666667
0 0.2808333333333333 0.6641666666666667 0.07166666666666667 0.10666666666666667
0 0.3283333333333333 0.63 0.07 0.08666666666666667
0 0.5333333333333333 0.5408333333333334 0.045 0.13666666666666666