0 0.44666666666666666 0.9533333333333334 0.015 0.013333333333333334
0 0.4575 0.9491666666666667 0.010833333333333334 0.010833333333333334
0 0.4508333333333333 0.9466666666666667 0.015 0.010833333333333334
0 0.4375 0.9433333333333334 0.0125 0.015833333333333335
0 0.4633333333333333 0.9408333333333333 0.011666666666666667 0.010833333333333334
0 0.4766666666666667 0.9391666666666667 0.010833333333333334 0.014166666666666666
0 0.4925 0.9366666666666666 0.008333333333333333 0.013333333333333334
0 0.44666666666666666 0.9358333333333333 0.008333333333333333 0.013333333333333334
0 0.4533333333333333 0.935 0.008333333333333333 0.014166666666666666
0 0.4625 0.9341666666666667 0.005833333333333334 0.011666666666666667
0 0.4583333333333333 0.9333333333333333 0.006666666666666667 0.010833333333333334
0 0.44166666666666665 0.9325 0.0075 0.014166666666666666
0 0.4716666666666667 0.93 0.01 0.019166666666666665
0 0.48583333333333334 0.9291666666666667 0.009166666666666667 0.03
0 0.4325 0.9291666666666667 0.015833333333333335 0.02
0 0.44916666666666666 0.9275 0.008333333333333333 0.008333333333333333
0 0.5041666666666667 0.9275 0.010833333333333334 0.014166666666666666
0 0.48083333333333333 0.9258333333333333 0.011666666666666667 0.023333333333333334
0 0.49583333333333335 0.9225 0.011666666666666667 0.025
0 0.45666666666666667 0.9216666666666666 0.009166666666666667 0.018333333333333333
0 0.44416666666666665 0.9216666666666666 0.009166666666666667 0.015
0 0.4691666666666667 0.9216666666666666 0.011666666666666667 0.02666666666666667
0 0.4525 0.9208333333333333 0.009166666666666667 0.009166666666666667
0 0.46416666666666667 0.92 0.010833333333333334 0.020833333333333332
0 0.4375 0.9183333333333333 0.01 0.020833333333333332
0 0.505 0.9116666666666666 0.014166666666666666 0.024166666666666666
0 0.4525 0.9083333333333333 0.018333333333333333 0.02
0 0.5158333333333334 0.9066666666666666 0.0125 0.025833333333333333
0 0.545 0.845 0.009166666666666667 0.020833333333333332
0 0.8291666666666667 0.7908333333333334 0.020833333333333332 0.025
0 0.4625 0.7883333333333333 0.011666666666666667 0.025
0 0.4625 0.7691666666666667 0.014166666666666666 0.0275
0 0.4633333333333333 0.755 0.008333333333333333 0.03333333333333333
0 0.4825 0.72 0.02 0.020833333333333332
0 0.5441666666666667 0.7116666666666667 0.014166666666666666 0.035833333333333335