0 0.8483333333333334 0.48333333333333334 0.025 0.0525
0 0.87 0.48333333333333334 0.0175 0.06166666666666667
0 0.8625 0.48833333333333334 0.020833333333333332 0.056666666666666664
0 0.8316666666666667 0.49833333333333335 0.03666666666666667 0.030833333333333334
0 0.5575 0.5025 0.0325 0.04583333333333333
0 0.5758333333333333 0.5108333333333334 0.025 0.07
0 0.8333333333333334 0.5225 0.035833333333333335 0.025833333333333333
0 0.8825 0.5316666666666666 0.019166666666666665 0.06833333333333333
0 0.8491666666666666 0.5475 0.0325 0.05333333333333334
0 0.5933333333333334 0.5508333333333333 0.016666666666666666 0.06916666666666667
0 0.8616666666666667 0.5533333333333333 0.020833333333333332 0.04833333333333333
0 0.8708333333333333 0.5991666666666666 0.02 0.06166666666666667
0 0.8516666666666667 0.6 0.030833333333333334 0.058333333333333334
0 0.8458333333333333 0.65 0.029166666666666667 0.0675
0 0.7575 0.6533333333333333 0.035 0.06833333333333333
0 0.2825 0.7025 0.0275 0.0425
0 0.2125 0.7083333333333334 0.0325 0.034166666666666665
0 0.09333333333333334 0.7275 0.03 0.08666666666666667
0 0.5533333333333333 0.73 0.03333333333333333 0.06166666666666667
0 0.5816666666666667 0.735 0.04 0.051666666666666666
0 0.19 0.7391666666666666 0.04 0.060833333333333336
0 0.6058333333333333 0.7408333333333333 0.03916666666666667 0.04583333333333333
0 0.20583333333333334 0.7425 0.029166666666666667 0.051666666666666666
0 0.035 0.7433333333333333 0.030833333333333334 0.058333333333333334
0 0.23583333333333334 0.7666666666666667 0.034166666666666665 0.07
0 0.18333333333333332 0.7683333333333333 0.024166666666666666 0.045
0 0.5633333333333334 0.77 0.03833333333333333 0.03916666666666667
0 0.6341666666666667 0.7783333333333333 0.03916666666666667 0.0475
0 0.2175 0.7866666666666666 0.04583333333333333 0.041666666666666664
0 0.205 0.7958333333333333 0.03833333333333333 0.023333333333333334
0 0.6416666666666667 0.8116666666666666 0.04083333333333333 0.034166666666666665
0 0.03 0.8116666666666666 0.025 0.07583333333333334
0 0.22166666666666668 0.8141666666666667 0.050833333333333335 0.0325
0 0.19416666666666665 0.8241666666666667 0.03333333333333333 0.03
0 0.0875 0.8258333333333333 0.04666666666666667 0.051666666666666666
0 0.23833333333333334 0.8341666666666666 0.0575 0.03833333333333333
0 0.19583333333333333 0.8433333333333334 0.035833333333333335 0.02
0 0.21333333333333335 0.86 0.028333333333333332 0.02666666666666667
0 0.06333333333333334 0.8841666666666667 0.0325 0.06916666666666667
0 0.025833333333333333 0.885 0.028333333333333332 0.07166666666666667
0 0.8233333333333334 0.9 0.0225 0.07
0 0.78 0.9208333333333333 0.04 0.05583333333333333
0 0.8 0.96 0.0375 0.04583333333333333
0 0.7966666666666666 0.9841666666666666 0.03 0.028333333333333332
0 0.8208333333333333 0.9866666666666667 0.025833333333333333 0.025833333333333333
0 0.8708333333333333 0.11583333333333333 0.035 0.03916666666666667
0 0.8783333333333333 0.165 0.0275 0.07416666666666667
0 0.8625 0.17166666666666666 0.023333333333333334 0.06666666666666667
0 0.8825 0.2075 0.019166666666666665 0.06166666666666667
0 0.8475 0.21916666666666668 0.021666666666666667 0.0575
0 0.8616666666666667 0.22 0.021666666666666667 0.0575
0 0.6591666666666667 0.23416666666666666 0.023333333333333334 0.08083333333333333
0 0.875 0.24916666666666668 0.0175 0.06416666666666666
0 0.1975 0.25333333333333335 0.04666666666666667 0.065
0 0.8558333333333333 0.27416666666666667 0.0225 0.065
0 0.865 0.2975 0.02 0.056666666666666664
0 0.21916666666666668 0.3 0.049166666666666664 0.03916666666666667
0 0.8375 0.3375 0.018333333333333333 0.07
0 0.8641666666666666 0.3616666666666667 0.020833333333333332 0.0775
0 0.16833333333333333 0.36666666666666664 0.035833333333333335 0.0725
0 0.8525 0.38 0.015833333333333335 0.0625
0 0.8825 0.38416666666666666 0.019166666666666665 0.056666666666666664
0 0.8308333333333333 0.3875 0.019166666666666665 0.06333333333333334
0 0.815 0.41583333333333333 0.03 0.065
0 0.8466666666666667 0.4216666666666667 0.018333333333333333 0.0525
0 0.8616666666666667 0.43166666666666664 0.02 0.0575
0 0.8358333333333333 0.4375 0.0275 0.04
0 0.5766666666666667 0.43833333333333335 0.04 0.04083333333333333
0 0.8791666666666667 0.44083333333333335 0.0175 0.06583333333333333
0 0.8025 0.4533333333333333 0.029166666666666667 0.06166666666666667
0 0.5833333333333334 0.45416666666666666 0.03916666666666667 0.0525
0 0.8575 0.4608333333333333 0.015 0.04666666666666667
0 0.8233333333333334 0.4608333333333333 0.029166666666666667 0.051666666666666666
0 0.5641666666666667 0.46166666666666667 0.018333333333333333 0.02666666666666667