0 0.5766666666666667 0.4775 0.024166666666666666 0.060833333333333336
0 0.545 0.51 0.04083333333333333 0.0475
0 0.5733333333333334 0.5133333333333333 0.03166666666666667 0.060833333333333336
0 0.6366666666666667 0.5133333333333333 0.03166666666666667 0.03916666666666667
0 0.6608333333333334 0.52 0.030833333333333334 0.0525
0 0.6258333333333334 0.5341666666666667 0.03333333333333333 0.04083333333333333
0 0.5516666666666666 0.5408333333333334 0.04 0.03166666666666667
0 0.58 0.565 0.04083333333333333 0.043333333333333335
0 0.5975 0.5675 0.029166666666666667 0.04666666666666667
0 0.6075 0.5691666666666667 0.035 0.049166666666666664
0 0.615 0.59 0.035 0.041666666666666664
0 0.5708333333333333 0.6008333333333333 0.03666666666666667 0.03
0 0.49166666666666664 0.6066666666666667 0.029166666666666667 0.04666666666666667
0 0.5825 0.6158333333333333 0.03166666666666667 0.03916666666666667
0 0.4766666666666667 0.6283333333333333 0.035 0.0475
0 0.49416666666666664 0.6316666666666667 0.0375 0.051666666666666666
0 0.5908333333333333 0.6325 0.04083333333333333 0.045
0 0.5183333333333333 0.6333333333333333 0.029166666666666667 0.060833333333333336
0 0.555 0.6341666666666667 0.030833333333333334 0.04416666666666667
0 0.43583333333333335 0.6366666666666667 0.034166666666666665 0.050833333333333335
0 0.545 0.6375 0.035833333333333335 0.04583333333333333
0 0.4575 0.6508333333333334 0.03 0.056666666666666664
0 0.6166666666666667 0.6558333333333334 0.0325 0.059166666666666666
0 0.545 0.66 0.03166666666666667 0.03833333333333333
0 0.48 0.6616666666666666 0.0325 0.050833333333333335
0 0.58 0.6633333333333333 0.04083333333333333 0.03333333333333333
0 0.5791666666666667 0.6666666666666666 0.041666666666666664 0.03
0 0.5308333333333334 0.6725 0.03666666666666667 0.04
0 0.51 0.6733333333333333 0.0275 0.04416666666666667
0 0.3616666666666667 0.675 0.0275 0.05
0 0.5758333333333333 0.6841666666666667 0.04083333333333333 0.02666666666666667
0 0.4091666666666667 0.6908333333333333 0.023333333333333334 0.055
0 0.4775 0.6941666666666667 0.025 0.051666666666666666
0 0.3825 0.695 0.020833333333333332 0.05583333333333333
0 0.57 0.695 0.035 0.0275
0 0.4583333333333333 0.695 0.035833333333333335 0.0475
0 0.36333333333333334 0.6991666666666667 0.03166666666666667 0.045
0 0.51 0.7033333333333334 0.03166666666666667 0.058333333333333334
0 0.3958333333333333 0.7058333333333333 0.019166666666666665 0.056666666666666664
0 0.5025 0.7108333333333333 0.034166666666666665 0.050833333333333335
0 0.5283333333333333 0.7141666666666666 0.023333333333333334 0.06
0 0.44916666666666666 0.7166666666666667 0.034166666666666665 0.0425
0 0.4325 0.7241666666666666 0.025833333333333333 0.06416666666666666
0 0.41583333333333333 0.7258333333333333 0.0275 0.04833333333333333
0 0.3825 0.7258333333333333 0.028333333333333332 0.030833333333333334
0 0.5741666666666667 0.7275 0.03833333333333333 0.04666666666666667
0 0.4083333333333333 0.7366666666666667 0.035 0.030833333333333334
0 0.5525 0.7391666666666666 0.03 0.04833333333333333
0 0.5058333333333334 0.7408333333333333 0.0325 0.0375
0 0.365 0.7425 0.034166666666666665 0.029166666666666667
0 0.48083333333333333 0.7458333333333333 0.029166666666666667 0.04666666666666667
0 0.4583333333333333 0.7466666666666667 0.0375 0.035
0 0.5316666666666666 0.7491666666666666 0.0375 0.0325
0 0.39166666666666666 0.7508333333333334 0.03 0.034166666666666665
0 0.5808333333333333 0.7608333333333334 0.020833333333333332 0.04833333333333333
0 0.33166666666666667 0.7625 0.034166666666666665 0.0475
0 0.43666666666666665 0.7633333333333333 0.02666666666666667 0.045
0 0.3516666666666667 0.7666666666666667 0.0325 0.03666666666666667
0 0.515 0.7691666666666667 0.03666666666666667 0.04
0 0.4241666666666667 0.7691666666666667 0.03833333333333333 0.04666666666666667
0 0.45416666666666666 0.7725 0.0275 0.04416666666666667
0 0.5716666666666667 0.7725 0.03833333333333333 0.04083333333333333
0 0.47833333333333333 0.7791666666666667 0.029166666666666667 0.04583333333333333
0 0.385 0.7791666666666667 0.0425 0.03
0 0.5058333333333334 0.7858333333333334 0.03916666666666667 0.035
0 0.4266666666666667 0.7883333333333333 0.03916666666666667 0.03916666666666667
0 0.4575 0.7958333333333333 0.034166666666666665 0.02666666666666667
0 0.31166666666666665 0.8133333333333334 0.035833333333333335 0.0275
0 0.2808333333333333 0.0875 0.0225 0.06916666666666667
0 0.2525 0.14166666666666666 0.034166666666666665 0.07333333333333333
0 0.3358333333333333 0.18416666666666667 0.041666666666666664 0.03166666666666667
0 0.7083333333333334 0.1875 0.025833333333333333 0.065
0 0.22416666666666665 0.19416666666666665 0.034166666666666665 0.05416666666666667
0 0.30916666666666665 0.195 0.035833333333333335 0.03
0 0.23416666666666666 0.1975 0.034166666666666665 0.059166666666666666
0 0.20083333333333334 0.20666666666666667 0.034166666666666665 0.04833333333333333
0 0.205 0.22666666666666666 0.02 0.0325
0 0.5175 0.23583333333333334 0.035 0.06416666666666666
0 0.6866666666666666 0.24083333333333334 0.021666666666666667 0.07
0 0.5241666666666667 0.24833333333333332 0.018333333333333333 0.043333333333333335
0 0.4716666666666667 0.2575 0.045 0.05416666666666667
0 0.6641666666666667 0.2675 0.025833333333333333 0.04833333333333333
0 0.4775 0.2783333333333333 0.03333333333333333 0.04666666666666667
0 0.49416666666666664 0.2816666666666667 0.03166666666666667 0.05416666666666667
0 0.6466666666666666 0.28583333333333333 0.02666666666666667 0.06333333333333334
0 0.445 0.28833333333333333 0.03666666666666667 0.03333333333333333
0 0.6725 0.29333333333333333 0.028333333333333332 0.0525
0 0.46166666666666667 0.31583333333333335 0.03666666666666667 0.049166666666666664
0 0.43333333333333335 0.3175 0.0325 0.02666666666666667
0 0.6475 0.3283333333333333 0.0225 0.0725
0 0.41583333333333333 0.3383333333333333 0.03916666666666667 0.034166666666666665
0 0.6275 0.3491666666666667 0.020833333333333332 0.07166666666666667
0 0.6125 0.36 0.023333333333333334 0.059166666666666666
0 0.4575 0.37416666666666665 0.03666666666666667 0.05416666666666667
0 0.6133333333333333 0.395 0.015 0.0625
0 0.5958333333333333 0.4116666666666667 0.024166666666666666 0.0625
0 0.6183333333333333 0.4191666666666667 0.02 0.058333333333333334
0 0.5925 0.4608333333333333 0.02 0.06666666666666667