0 0.49 0.54 0.02 0.07333333333333333
0 0.675 0.5391666666666667 0.018333333333333333 0.07166666666666667
0 0.5758333333333333 0.5375 0.021666666666666667 0.075
0 0.5216666666666666 0.5366666666666666 0.021666666666666667 0.0725
0 0.5566666666666666 0.5341666666666667 0.02 0.075
0 0.595 0.5241666666666667 0.015833333333333335 0.06333333333333334
0 0.535 0.5183333333333333 0.021666666666666667 0.04666666666666667
0 0.6975 0.5158333333333334 0.02 0.06416666666666666
0 0.5633333333333334 0.5108333333333334 0.014166666666666666 0.05416666666666667
0 0.7358333333333333 0.5 0.02 0.07333333333333333
0 0.5416666666666666 0.49833333333333335 0.019166666666666665 0.06166666666666667
0 0.5858333333333333 0.49333333333333335 0.019166666666666665 0.06416666666666666
0 0.4791666666666667 0.49 0.018333333333333333 0.04833333333333333
0 0.5208333333333334 0.4891666666666667 0.0175 0.050833333333333335
0 0.7083333333333334 0.48083333333333333 0.015833333333333335 0.0775
0 0.7241666666666666 0.4775 0.019166666666666665 0.07666666666666666
0 0.48833333333333334 0.47 0.016666666666666666 0.058333333333333334
0 0.5991666666666666 0.4675 0.024166666666666666 0.065
0 0.5008333333333334 0.46416666666666667 0.024166666666666666 0.06666666666666667
0 0.5458333333333333 0.46166666666666667 0.021666666666666667 0.06583333333333333
0 0.4633333333333333 0.4558333333333333 0.016666666666666666 0.07583333333333334
0 0.5275 0.45416666666666666 0.016666666666666666 0.0625
0 0.585 0.45166666666666666 0.016666666666666666 0.04833333333333333
0 0.61 0.4508333333333333 0.02 0.08666666666666667
0 0.6975 0.44083333333333335 0.018333333333333333 0.07166666666666667
0 0.5116666666666667 0.43583333333333335 0.020833333333333332 0.07
0 0.4716666666666667 0.42083333333333334 0.018333333333333333 0.0875
0 0.485 0.4191666666666667 0.02 0.06166666666666667
0 0.5425 0.9591666666666666 0.021666666666666667 0.034166666666666665
0 0.5641666666666667 0.9591666666666666 0.0325 0.0275
0 0.7083333333333334 0.4075 0.030833333333333334 0.0675
0 0.495 0.4025 0.016666666666666666 0.056666666666666664
0 0.45666666666666667 0.40166666666666667 0.016666666666666666 0.06666666666666667
0 0.5191666666666667 0.4008333333333333 0.024166666666666666 0.06166666666666667
0 0.45916666666666667 0.335 0.021666666666666667 0.08
0 0.9508333333333333 0.31666666666666665 0.05 0.07166666666666667
0 0.975 0.31083333333333335 0.0375 0.051666666666666666
0 0.89 0.21 0.049166666666666664 0.059166666666666666
0 0.5058333333333334 0.9391666666666667 0.024166666666666666 0.023333333333333334
0 0.53 0.9391666666666667 0.02666666666666667 0.034166666666666665
0 0.5983333333333334 0.9383333333333334 0.03666666666666667 0.029166666666666667
0 0.5575 0.9375 0.03 0.024166666666666666
0 0.49333333333333335 0.9316666666666666 0.024166666666666666 0.023333333333333334
0 0.6208333333333333 0.9283333333333333 0.035 0.0275
0 0.5725 0.9216666666666666 0.03166666666666667 0.03333333333333333
0 0.4775 0.9175 0.035 0.030833333333333334
0 0.545 0.9166666666666666 0.03333333333333333 0.035
0 0.4575 0.915 0.03166666666666667 0.030833333333333334
0 0.51 0.915 0.03 0.029166666666666667
0 0.6391666666666667 0.9125 0.0325 0.02666666666666667
0 0.5975 0.9108333333333334 0.03833333333333333 0.03
0 0.5275 0.8975 0.02666666666666667 0.03166666666666667
0 0.6216666666666667 0.895 0.029166666666666667 0.02666666666666667
0 0.48 0.89 0.03833333333333333 0.028333333333333332
0 0.5058333333333334 0.8883333333333333 0.02666666666666667 0.030833333333333334
0 0.6525 0.8858333333333334 0.035 0.030833333333333334
0 0.5991666666666666 0.8733333333333333 0.028333333333333332 0.06166666666666667
0 0.6275 0.865 0.0325 0.03
0 0.6525 0.855 0.02666666666666667 0.03666666666666667
0 0.6391666666666667 0.8341666666666666 0.034166666666666665 0.0425
0 0.6783333333333333 0.8083333333333333 0.024166666666666666 0.06166666666666667
0 0.665 0.7975 0.021666666666666667 0.04666666666666667
0 0.9508333333333333 0.7591666666666667 0.035833333333333335 0.07416666666666667
0 0.6625 0.7541666666666667 0.0325 0.058333333333333334
0 0.7583333333333333 0.7525 0.03166666666666667 0.0575
0 0.5508333333333333 0.9825 0.016666666666666666 0.034166666666666665
0 0.6891666666666667 0.74 0.025 0.04416666666666667
0 0.7783333333333333 0.7308333333333333 0.0175 0.04416666666666667
0 0.7008333333333333 0.73 0.023333333333333334 0.04083333333333333
0 0.9775 0.7291666666666666 0.023333333333333334 0.07666666666666666
0 0.7575 0.7133333333333334 0.024166666666666666 0.07416666666666667
0 0.6658333333333334 0.7125 0.020833333333333332 0.06583333333333333
0 0.6875 0.71 0.019166666666666665 0.05583333333333333
0 0.795 0.7066666666666667 0.021666666666666667 0.060833333333333336
0 0.7033333333333334 0.7 0.020833333333333332 0.0475
0 0.7825 0.6933333333333334 0.024166666666666666 0.04833333333333333
0 0.7033333333333334 0.6825 0.020833333333333332 0.051666666666666666
0 0.7216666666666667 0.6766666666666666 0.016666666666666666 0.05
0 0.7816666666666666 0.6691666666666667 0.025 0.06333333333333334
0 0.6841666666666667 0.6675 0.015833333333333335 0.065
0 0.6966666666666667 0.6541666666666667 0.015833333333333335 0.06
0 0.7683333333333333 0.645 0.019166666666666665 0.07
0 0.6 0.6333333333333333 0.016666666666666666 0.0925
0 0.705 0.6308333333333334 0.02 0.0525
0 0.74 0.6291666666666667 0.015833333333333335 0.05416666666666667
0 0.7316666666666667 0.6233333333333333 0.018333333333333333 0.06333333333333334
0 0.56 0.98 0.035 0.028333333333333332
0 0.6775 0.6158333333333333 0.020833333333333332 0.0675
0 0.7166666666666667 0.6058333333333333 0.016666666666666666 0.065
0 0.7116666666666667 0.6033333333333334 0.018333333333333333 0.06416666666666666
0 0.555 0.6033333333333334 0.02666666666666667 0.059166666666666666
0 0.6975 0.5875 0.021666666666666667 0.05333333333333334
0 0.5733333333333334 0.5866666666666667 0.015833333333333335 0.051666666666666666
0 0.5541666666666667 0.5683333333333334 0.018333333333333333 0.06
0 0.7233333333333334 0.565 0.015 0.07333333333333333
0 0.5416666666666666 0.5566666666666666 0.0225 0.058333333333333334
0 0.5883333333333334 0.5566666666666666 0.011666666666666667 0.0525
0 0.7141666666666666 0.555 0.018333333333333333 0.07166666666666667
0 0.695 0.5516666666666666 0.024166666666666666 0.0575
0 0.615 0.545 0.018333333333333333 0.09833333333333333