0 0.3525 0.5008333333333334 0.015833333333333335 0.07916666666666666
0 0.3875 0.49166666666666664 0.021666666666666667 0.07083333333333333
0 0.25583333333333336 0.4866666666666667 0.025833333333333333 0.07333333333333333
0 0.31833333333333336 0.4816666666666667 0.03833333333333333 0.05
0 0.3616666666666667 0.48083333333333333 0.0175 0.08916666666666667
0 0.27 0.4775 0.021666666666666667 0.06916666666666667
0 0.23666666666666666 0.4708333333333333 0.035 0.06
0 0.3408333333333333 0.4658333333333333 0.021666666666666667 0.07416666666666667
0 0.2875 0.4533333333333333 0.02 0.06166666666666667
0 0.455 0.4525 0.04 0.055
0 0.5775 0.4508333333333333 0.04 0.034166666666666665
0 0.30583333333333335 0.4508333333333333 0.023333333333333334 0.07416666666666667
0 0.6816666666666666 0.44916666666666666 0.051666666666666666 0.03916666666666667
0 0.6433333333333333 0.4475 0.04083333333333333 0.04583333333333333
0 0.5366666666666666 0.44166666666666665 0.04583333333333333 0.030833333333333334
0 0.4066666666666667 0.44166666666666665 0.0175 0.08416666666666667
0 0.6175 0.44166666666666665 0.03833333333333333 0.050833333333333335
0 0.37083333333333335 0.44 0.02 0.08416666666666667
0 0.4866666666666667 0.43583333333333335 0.041666666666666664 0.041666666666666664
0 0.5866666666666667 0.435 0.029166666666666667 0.04083333333333333
0 0.2758333333333333 0.42916666666666664 0.029166666666666667 0.05
0 0.55 0.42 0.041666666666666664 0.035
0 0.33666666666666667 0.4191666666666667 0.0225 0.08
0 0.3858333333333333 0.4166666666666667 0.018333333333333333 0.07416666666666667
0 0.47333333333333333 0.415 0.03916666666666667 0.034166666666666665
0 0.5616666666666666 0.4141666666666667 0.03333333333333333 0.056666666666666664
0 0.31166666666666665 0.41333333333333333 0.03166666666666667 0.07583333333333334
0 0.505 0.4125 0.04083333333333333 0.04416666666666667
0 0.5225 0.41 0.03833333333333333 0.0475
0 0.4558333333333333 0.4091666666666667 0.04083333333333333 0.050833333333333335
0 0.36 0.4041666666666667 0.025 0.07916666666666666
0 0.415 0.39916666666666667 0.018333333333333333 0.085
0 0.2975 0.3983333333333333 0.023333333333333334 0.06833333333333333
0 0.3983333333333333 0.3908333333333333 0.021666666666666667 0.07666666666666666
0 0.5375 0.38916666666666666 0.0325 0.03916666666666667
0 0.4375 0.37666666666666665 0.016666666666666666 0.07916666666666666
0 0.4241666666666667 0.37416666666666665 0.014166666666666666 0.08416666666666667
0 0.4525 0.3625 0.029166666666666667 0.049166666666666664
0 0.37583333333333335 0.3625 0.016666666666666666 0.085
0 0.35833333333333334 0.3616666666666667 0.0175 0.08
0 0.3258333333333333 0.36 0.04 0.041666666666666664
0 0.4725 0.35333333333333333 0.030833333333333334 0.059166666666666666
0 0.3858333333333333 0.3425 0.019166666666666665 0.07833333333333334
0 0.4025 0.3408333333333333 0.02 0.059166666666666666
0 0.4191666666666667 0.3275 0.028333333333333332 0.08416666666666667
0 0.5008333333333334 0.325 0.03916666666666667 0.0325
0 0.4708333333333333 0.3233333333333333 0.045 0.043333333333333335
0 0.44666666666666666 0.3233333333333333 0.049166666666666664 0.04416666666666667
0 0.5266666666666666 0.31833333333333336 0.041666666666666664 0.034166666666666665
0 0.39666666666666667 0.305 0.015833333333333335 0.06583333333333333
0 0.465 0.2916666666666667 0.03916666666666667 0.034166666666666665
0 0.42 0.28833333333333333 0.029166666666666667 0.07166666666666667
0 0.45 0.2841666666666667 0.03833333333333333 0.06166666666666667
0 0.4125 0.27416666666666667 0.0275 0.06583333333333333
0 0.43 0.7816666666666666 0.03666666666666667 0.050833333333333335
0 0.4716666666666667 0.7725 0.035833333333333335 0.050833333333333335
0 0.45 0.7708333333333334 0.03333333333333333 0.0525
0 0.5083333333333333 0.7433333333333333 0.04 0.059166666666666666
0 0.45416666666666666 0.74 0.045 0.0525
0 0.4925 0.735 0.03916666666666667 0.0375
0 0.475 0.7166666666666667 0.03916666666666667 0.03666666666666667
0 0.5458333333333333 0.6975 0.0425 0.03666666666666667
0 0.2866666666666667 0.685 0.021666666666666667 0.07666666666666666
0 0.5341666666666667 0.6833333333333333 0.0275 0.029166666666666667
0 0.45916666666666667 0.6758333333333333 0.0225 0.08916666666666667
0 0.31416666666666665 0.6341666666666667 0.020833333333333332 0.08583333333333333
0 0.2841666666666667 0.6333333333333333 0.019166666666666665 0.0775
0 0.2758333333333333 0.6108333333333333 0.020833333333333332 0.07333333333333333
0 0.3275 0.5966666666666667 0.020833333333333332 0.08583333333333333
0 0.29583333333333334 0.595 0.018333333333333333 0.08833333333333333
0 0.26416666666666666 0.5933333333333334 0.019166666666666665 0.07166666666666667
0 0.1925 0.5925 0.03666666666666667 0.05
0 0.24666666666666667 0.5866666666666667 0.023333333333333334 0.07666666666666666
0 0.21333333333333335 0.5775 0.025833333333333333 0.07083333333333333
0 0.3566666666666667 0.5708333333333333 0.025833333333333333 0.0775
0 0.3416666666666667 0.5666666666666667 0.016666666666666666 0.08083333333333333
0 0.2891666666666667 0.5641666666666667 0.024166666666666666 0.065
0 0.3075 0.5491666666666667 0.024166666666666666 0.08416666666666667
0 0.37583333333333335 0.5441666666666667 0.020833333333333332 0.0875
0 0.17166666666666666 0.5416666666666666 0.03666666666666667 0.04666666666666667
0 0.2683333333333333 0.5333333333333333 0.029166666666666667 0.08166666666666667
0 0.2125 0.5316666666666666 0.023333333333333334 0.07666666666666666
0 0.22833333333333333 0.53 0.025 0.07333333333333333
0 0.32166666666666666 0.5266666666666666 0.023333333333333334 0.07416666666666667
0 0.3408333333333333 0.5141666666666667 0.0175 0.0725
0 0.30666666666666664 0.5133333333333333 0.04416666666666667 0.059166666666666666
0 0.37083333333333335 0.5108333333333334 0.019166666666666665 0.07416666666666667