0 0.225 0.4766666666666667 0.035 0.04666666666666667
0 0.4625 0.48 0.04666666666666667 0.0375
0 0.6841666666666667 0.49083333333333334 0.0425 0.059166666666666666
0 0.22666666666666666 0.5125 0.025 0.06166666666666667
0 0.6141666666666666 0.5191666666666667 0.03916666666666667 0.08333333333333333
0 0.7091666666666666 0.525 0.020833333333333332 0.06916666666666667
0 0.265 0.525 0.0425 0.0525
0 0.695 0.5266666666666666 0.019166666666666665 0.06416666666666666
0 0.24583333333333332 0.53 0.03 0.04833333333333333
0 0.6708333333333333 0.5358333333333334 0.034166666666666665 0.041666666666666664
0 0.67 0.5591666666666667 0.030833333333333334 0.04583333333333333
0 0.6916666666666667 0.57 0.02 0.07
0 0.22666666666666666 0.5716666666666667 0.029166666666666667 0.06666666666666667
0 0.2841666666666667 0.5733333333333334 0.04416666666666667 0.059166666666666666
0 0.6641666666666667 0.5866666666666667 0.035 0.05333333333333334
0 0.5775 0.5916666666666667 0.020833333333333332 0.09166666666666666
0 0.6758333333333333 0.595 0.020833333333333332 0.05583333333333333
0 0.7075 0.6016666666666667 0.0175 0.08333333333333333
0 0.7191666666666666 0.6033333333333334 0.023333333333333334 0.09916666666666667
0 0.5775 0.6091666666666666 0.018333333333333333 0.058333333333333334
0 0.6908333333333333 0.6233333333333333 0.0175 0.060833333333333336
0 0.6733333333333333 0.6316666666666667 0.025 0.059166666666666666
0 0.74 0.6333333333333333 0.02666666666666667 0.08916666666666667
0 0.6983333333333334 0.64 0.018333333333333333 0.056666666666666664
0 0.5658333333333333 0.6416666666666667 0.0225 0.07666666666666666
0 0.2708333333333333 0.65 0.04833333333333333 0.07
0 0.725 0.6591666666666667 0.0175 0.06833333333333333
0 0.7025 0.6866666666666666 0.023333333333333334 0.06583333333333333
0 0.5758333333333333 0.6883333333333334 0.021666666666666667 0.08083333333333333
0 0.49 0.6975 0.03333333333333333 0.0875
0 0.72 0.7266666666666667 0.025 0.0775
0 0.7425 0.7275 0.020833333333333332 0.07666666666666666
0 0.7033333333333334 0.7833333333333333 0.02666666666666667 0.09583333333333334
0 0.7125 0.8183333333333334 0.025833333333333333 0.06583333333333333
0 0.7241666666666666 0.8425 0.016666666666666666 0.07583333333333334
0 0.7025 0.8833333333333333 0.023333333333333334 0.07583333333333334
0 0.23083333333333333 0.8941666666666667 0.028333333333333332 0.09666666666666666
0 0.2525 0.9083333333333333 0.02666666666666667 0.075
0 0.7133333333333334 0.9166666666666666 0.0225 0.07166666666666667
0 0.2841666666666667 0.9325 0.04416666666666667 0.06583333333333333
0 0.33 0.9541666666666667 0.05333333333333334 0.0575
0 0.25083333333333335 0.9625 0.024166666666666666 0.07166666666666667
0 0.27416666666666667 0.9666666666666667 0.0325 0.043333333333333335
0 0.28583333333333333 0.99 0.0425 0.018333333333333333
0 0.165 0.13416666666666666 0.0275 0.08583333333333333
0 0.22 0.17583333333333334 0.02666666666666667 0.06
0 0.25833333333333336 0.2225 0.02666666666666667 0.07333333333333333
0 0.1975 0.22583333333333333 0.015833333333333335 0.060833333333333336
0 0.21416666666666667 0.22916666666666666 0.030833333333333334 0.06166666666666667
0 0.028333333333333332 0.24166666666666667 0.055 0.06166666666666667
0 0.285 0.2575 0.043333333333333335 0.07
0 0.1825 0.2625 0.025833333333333333 0.06416666666666666
0 0.21166666666666667 0.2658333333333333 0.025 0.056666666666666664
0 0.37916666666666665 0.27166666666666667 0.035833333333333335 0.02666666666666667
0 0.7425 0.2725 0.023333333333333334 0.07
0 0.72 0.2966666666666667 0.030833333333333334 0.08
0 0.37333333333333335 0.29833333333333334 0.0425 0.04
0 0.23416666666666666 0.2991666666666667 0.025 0.0825
0 0.0575 0.30083333333333334 0.03333333333333333 0.055
0 0.4008333333333333 0.3025 0.0375 0.0525
0 0.7558333333333334 0.31333333333333335 0.023333333333333334 0.06583333333333333
0 0.21666666666666667 0.31583333333333335 0.02666666666666667 0.0625
0 0.7541666666666667 0.33916666666666667 0.025833333333333333 0.06416666666666666
0 0.7275 0.3408333333333333 0.020833333333333332 0.07416666666666667
0 0.26 0.3458333333333333 0.025833333333333333 0.051666666666666666
0 0.7425 0.35833333333333334 0.0175 0.07333333333333333
0 0.4216666666666667 0.3591666666666667 0.03666666666666667 0.065
0 0.24083333333333334 0.36 0.03 0.04833333333333333
0 0.22083333333333333 0.36083333333333334 0.02666666666666667 0.06666666666666667
0 0.3975 0.36333333333333334 0.029166666666666667 0.07083333333333333
0 0.2833333333333333 0.365 0.041666666666666664 0.06916666666666667
0 0.7333333333333333 0.395 0.0175 0.0675
0 0.6741666666666667 0.3958333333333333 0.03916666666666667 0.045
0 0.265 0.4025 0.04583333333333333 0.03916666666666667
0 0.20666666666666667 0.4075 0.02666666666666667 0.050833333333333335
0 0.30416666666666664 0.4083333333333333 0.03666666666666667 0.03166666666666667
0 0.41333333333333333 0.41083333333333333 0.03833333333333333 0.03833333333333333
0 0.7108333333333333 0.41333333333333333 0.0325 0.08
0 0.7366666666666667 0.43333333333333335 0.024166666666666666 0.07916666666666666
0 0.31083333333333335 0.435 0.0475 0.045
0 0.4475 0.445 0.0425 0.0475
0 0.225 0.4475 0.03833333333333333 0.043333333333333335
0 0.20333333333333334 0.4608333333333333 0.019166666666666665 0.0675
0 0.7141666666666666 0.465 0.023333333333333334 0.06583333333333333