0 0.1575 0.4866666666666667 0.030833333333333334 0.0725
0 0.21666666666666667 0.5116666666666667 0.0275 0.06583333333333333
0 0.1975 0.5141666666666667 0.02666666666666667 0.06833333333333333
0 0.23416666666666666 0.5166666666666667 0.023333333333333334 0.07166666666666667
0 0.2525 0.5225 0.0225 0.07666666666666666
0 0.21916666666666668 0.5458333333333333 0.035833333333333335 0.050833333333333335
0 0.21083333333333334 0.5625 0.03333333333333333 0.04416666666666667
0 0.2758333333333333 0.565 0.025 0.05583333333333333
0 0.24583333333333332 0.57 0.019166666666666665 0.0675
0 0.2733333333333333 0.6175 0.015833333333333335 0.06666666666666667
0 0.2575 0.6208333333333333 0.015833333333333335 0.06916666666666667
0 0.27166666666666667 0.665 0.029166666666666667 0.0525
0 0.5908333333333333 0.03666666666666667 0.028333333333333332 0.0725
0 0.24833333333333332 0.6841666666666667 0.020833333333333332 0.0725
0 0.2733333333333333 0.6975 0.03 0.07083333333333333
0 0.6175 0.03833333333333333 0.021666666666666667 0.065
0 0.6325 0.03916666666666667 0.023333333333333334 0.05
0 0.25166666666666665 0.7275 0.0225 0.06833333333333333
0 0.17416666666666666 0.7425 0.0425 0.06583333333333333
0 0.26916666666666667 0.75 0.025833333333333333 0.07416666666666667
0 0.5025 0.77 0.016666666666666666 0.08083333333333333
0 0.24833333333333332 0.7758333333333334 0.02 0.049166666666666664
0 0.2675 0.795 0.019166666666666665 0.045
0 0.5116666666666667 0.795 0.02666666666666667 0.065
0 0.24666666666666667 0.8308333333333333 0.019166666666666665 0.07583333333333334
0 0.5216666666666666 0.8416666666666667 0.035833333333333335 0.04833333333333333
0 0.49166666666666664 0.8591666666666666 0.035 0.0625
0 0.5258333333333334 0.8775 0.025833333333333333 0.05416666666666667
0 0.5058333333333334 0.8866666666666667 0.023333333333333334 0.055
0 0.4925 0.8883333333333333 0.025833333333333333 0.06333333333333334
0 0.465 0.9116666666666666 0.03333333333333333 0.04083333333333333
0 0.48583333333333334 0.9191666666666667 0.025833333333333333 0.03666666666666667
0 0.4975 0.93 0.0325 0.0475
0 0.5208333333333334 0.9308333333333333 0.025833333333333333 0.041666666666666664
0 0.45916666666666667 0.9391666666666667 0.03833333333333333 0.03833333333333333
0 0.4875 0.9641666666666666 0.0325 0.03916666666666667
0 0.45416666666666666 0.965 0.04 0.035
0 0.5041666666666667 0.9658333333333333 0.03333333333333333 0.041666666666666664
0 0.44666666666666666 0.9816666666666667 0.043333333333333335 0.035833333333333335
0 0.6158333333333333 0.06916666666666667 0.029166666666666667 0.05416666666666667
0 0.705 0.07416666666666667 0.015833333333333335 0.059166666666666666
0 0.6375 0.08166666666666667 0.023333333333333334 0.0575
0 0.6875 0.1075 0.018333333333333333 0.06666666666666667
0 0.7291666666666666 0.10916666666666666 0.029166666666666667 0.07666666666666666
0 0.635 0.12166666666666667 0.028333333333333332 0.065
0 0.7158333333333333 0.12333333333333334 0.02 0.06666666666666667
0 0.6558333333333334 0.125 0.018333333333333333 0.058333333333333334
0 0.675 0.14416666666666667 0.021666666666666667 0.058333333333333334
0 0.7083333333333334 0.14583333333333334 0.0225 0.07583333333333334
0 0.6933333333333334 0.16083333333333333 0.023333333333333334 0.058333333333333334
0 0.6525 0.16083333333333333 0.016666666666666666 0.035833333333333335
0 0.6725 0.1675 0.029166666666666667 0.0475
0 0.6983333333333334 0.195 0.030833333333333334 0.05416666666666667
0 0.67 0.19583333333333333 0.0425 0.06
0 0.7183333333333334 0.21 0.03 0.0725
0 0.7341666666666666 0.21666666666666667 0.02666666666666667 0.0575
0 0.06583333333333333 0.0075 0.025 0.015
0 0.6108333333333333 0.2725 0.0175 0.06666666666666667
0 0.6891666666666667 0.013333333333333334 0.028333333333333332 0.02666666666666667
0 0.07666666666666666 0.01 0.02 0.019166666666666665
0 0.5308333333333334 0.2891666666666667 0.020833333333333332 0.07083333333333333
0 0.5683333333333334 0.29 0.014166666666666666 0.056666666666666664
0 0.5475 0.30416666666666664 0.014166666666666666 0.05
0 0.54 0.30583333333333335 0.02 0.056666666666666664
0 0.1375 0.3075 0.025 0.0725
0 0.6 0.019166666666666665 0.019166666666666665 0.03833333333333333
0 0.44416666666666665 0.37416666666666665 0.019166666666666665 0.0775
0 0.13916666666666666 0.375 0.029166666666666667 0.07333333333333333
0 0.14583333333333334 0.4058333333333333 0.021666666666666667 0.07166666666666667
0 0.1325 0.4325 0.0275 0.08666666666666667