0 0.795 0.04666666666666667 0.018333333333333333 0.0525
0 0.8191666666666667 0.0525 0.019166666666666665 0.050833333333333335
0 0.8075 0.08916666666666667 0.015833333333333335 0.058333333333333334
0 0.7925 0.09333333333333334 0.018333333333333333 0.05333333333333334
0 0.7608333333333334 0.09916666666666667 0.020833333333333332 0.049166666666666664
0 0.7691666666666667 0.1025 0.028333333333333332 0.056666666666666664
0 0.7416666666666667 0.12083333333333333 0.0225 0.06666666666666667
0 0.7666666666666667 0.125 0.035 0.058333333333333334
0 0.82 0.1475 0.03333333333333333 0.03916666666666667
0 0.7933333333333333 0.16083333333333333 0.035833333333333335 0.03
0 0.7658333333333334 0.16416666666666666 0.0225 0.05416666666666667
0 0.82 0.19 0.03166666666666667 0.060833333333333336
0 0.8008333333333333 0.028333333333333332 0.0275 0.050833333333333335
0 0.7775 0.0425 0.015833333333333335 0.0725