0 0.4708333333333333 0.49833333333333335 0.02666666666666667 0.08833333333333333
0 0.4891666666666667 0.5191666666666667 0.021666666666666667 0.095
0 0.4558333333333333 0.5441666666666667 0.023333333333333334 0.08583333333333333
0 0.4741666666666667 0.5566666666666666 0.0325 0.06166666666666667
0 0.51 0.5883333333333334 0.04833333333333333 0.04666666666666667
0 0.4608333333333333 0.5933333333333334 0.03333333333333333 0.05583333333333333
0 0.495 0.6 0.045 0.0425
0 0.5158333333333334 0.6283333333333333 0.04833333333333333 0.043333333333333335
0 0.4816666666666667 0.6325 0.0425 0.058333333333333334
0 0.5566666666666666 0.6791666666666667 0.04833333333333333 0.0375
0 0.58 0.7025 0.043333333333333335 0.03666666666666667
0 0.6125 0.7158333333333333 0.0425 0.05416666666666667
0 0.5908333333333333 0.7316666666666667 0.0475 0.03666666666666667
0 0.6325 0.755 0.045 0.045
0 0.645 0.7916666666666666 0.04666666666666667 0.06166666666666667
0 0.36583333333333334 0.29333333333333333 0.020833333333333332 0.0825
0 0.38166666666666665 0.31166666666666665 0.034166666666666665 0.06916666666666667
0 0.33166666666666667 0.315 0.043333333333333335 0.055
0 0.34833333333333333 0.3175 0.030833333333333334 0.07916666666666666
0 0.3075 0.31916666666666665 0.051666666666666666 0.0475
0 0.39666666666666667 0.3358333333333333 0.0375 0.07583333333333334
0 0.3458333333333333 0.35833333333333334 0.035833333333333335 0.06
0 0.32166666666666666 0.36083333333333334 0.03333333333333333 0.06166666666666667
0 0.37416666666666665 0.3616666666666667 0.028333333333333332 0.06583333333333333
0 0.4266666666666667 0.36333333333333334 0.05333333333333334 0.04
0 0.2916666666666667 0.3641666666666667 0.0375 0.059166666666666666
0 0.2758333333333333 0.36666666666666664 0.0325 0.049166666666666664
0 0.35 0.37583333333333335 0.03166666666666667 0.05583333333333333
0 0.44083333333333335 0.3775 0.035833333333333335 0.0275
0 0.2991666666666667 0.37833333333333335 0.03 0.07583333333333334
0 0.31333333333333335 0.4091666666666667 0.04666666666666667 0.06666666666666667
0 0.47 0.4175 0.03666666666666667 0.08083333333333333
0 0.4666666666666667 0.44666666666666666 0.0325 0.0675