0 0.6625 0.4775 0.049166666666666664 0.045
0 0.5775 0.5066666666666667 0.015833333333333335 0.1025
0 0.5716666666666667 0.5283333333333333 0.023333333333333334 0.08333333333333333
0 0.25416666666666665 0.5375 0.030833333333333334 0.08166666666666667
0 0.745 0.5725 0.03833333333333333 0.058333333333333334
0 0.7283333333333334 0.5833333333333334 0.03666666666666667 0.075
0 0.2525 0.5908333333333333 0.021666666666666667 0.07916666666666666
0 0.58 0.6083333333333333 0.020833333333333332 0.1
0 0.27416666666666667 0.6225 0.02666666666666667 0.08833333333333333
0 0.7616666666666667 0.625 0.03916666666666667 0.0675
0 0.24833333333333332 0.6416666666666667 0.02666666666666667 0.0625
0 0.755 0.6525 0.03333333333333333 0.0725
0 0.43666666666666665 0.6525 0.0325 0.08583333333333333
0 0.5991666666666666 0.6566666666666666 0.029166666666666667 0.09
0 0.295 0.6575 0.023333333333333334 0.07333333333333333
0 0.27 0.6591666666666667 0.035 0.08666666666666667
0 0.3725 0.6725 0.04083333333333333 0.0725
0 0.7791666666666667 0.6833333333333333 0.02666666666666667 0.07666666666666666
0 0.46 0.6908333333333333 0.021666666666666667 0.09583333333333334
0 0.24166666666666667 0.6966666666666667 0.0475 0.06166666666666667
0 0.29333333333333333 0.6966666666666667 0.034166666666666665 0.09833333333333333
0 0.30916666666666665 0.7008333333333333 0.0225 0.07833333333333334
0 0.21333333333333335 0.7008333333333333 0.035833333333333335 0.060833333333333336
0 0.38666666666666666 0.7075 0.023333333333333334 0.09666666666666666
0 0.2816666666666667 0.7158333333333333 0.02666666666666667 0.0425
0 0.35583333333333333 0.7158333333333333 0.015 0.04083333333333333
0 0.6091666666666666 0.7266666666666667 0.03333333333333333 0.09416666666666666
0 0.36916666666666664 0.7416666666666667 0.025833333333333333 0.0875
0 0.345 0.7441666666666666 0.019166666666666665 0.0725
0 0.2916666666666667 0.7541666666666667 0.0375 0.05
0 0.26416666666666666 0.76 0.051666666666666666 0.0425
0 0.33 0.7608333333333334 0.018333333333333333 0.09
0 0.6433333333333333 0.7708333333333334 0.03 0.1025
0 0.3566666666666667 0.78 0.023333333333333334 0.08166666666666667
0 0.315 0.7866666666666666 0.02 0.09333333333333334
0 0.47833333333333333 0.7925 0.034166666666666665 0.09
0 0.6425 0.8183333333333334 0.03833333333333333 0.105
0 0.26 0.8208333333333333 0.04416666666666667 0.055
0 0.34833333333333333 0.8258333333333333 0.0225 0.09
0 0.32083333333333336 0.8441666666666666 0.016666666666666666 0.07666666666666666
0 0.34 0.85 0.024166666666666666 0.08416666666666667
0 0.3625 0.8733333333333333 0.023333333333333334 0.09833333333333333
0 0.6683333333333333 0.8758333333333334 0.020833333333333332 0.0625
0 0.6516666666666666 0.8841666666666667 0.034166666666666665 0.095
0 0.4558333333333333 0.9058333333333334 0.024166666666666666 0.07416666666666667
0 0.6816666666666666 0.935 0.03666666666666667 0.0875
0 0.3541666666666667 0.945 0.0225 0.1
0 0.5141666666666667 0.945 0.0425 0.08916666666666667
0 0.6675 0.9466666666666667 0.02666666666666667 0.0625
0 0.44666666666666666 0.9583333333333334 0.03833333333333333 0.06583333333333333
0 0.4675 0.9625 0.041666666666666664 0.06333333333333334
0 0.5008333333333334 0.9725 0.03166666666666667 0.05416666666666667
0 0.6933333333333334 0.9708333333333333 0.03833333333333333 0.0575
0 0.5208333333333334 0.98 0.030833333333333334 0.03833333333333333
0 0.455 0.9833333333333333 0.028333333333333332 0.03166666666666667
0 0.47333333333333333 0.9916666666666667 0.03 0.013333333333333334
0 0.7766666666666666 0.23333333333333334 0.029166666666666667 0.041666666666666664
0 0.8475 0.24 0.0125 0.04416666666666667
0 0.8333333333333334 0.25333333333333335 0.025833333333333333 0.09083333333333334
0 0.7875 0.28 0.030833333333333334 0.07833333333333334
0 0.8075 0.2916666666666667 0.021666666666666667 0.09166666666666666
0 0.7641666666666667 0.32416666666666666 0.030833333333333334 0.0875
0 0.615 0.4483333333333333 0.04083333333333333 0.075