0 0.6233333333333333 0.4775 0.045 0.041666666666666664
0 0.6958333333333333 0.4825 0.03666666666666667 0.043333333333333335
0 0.1375 0.8991666666666667 0.03833333333333333 0.051666666666666666
0 0.04083333333333333 0.9891666666666666 0.0225 0.019166666666666665
0 0.44666666666666666 0.3283333333333333 0.034166666666666665 0.029166666666666667
0 0.41333333333333333 0.3325 0.034166666666666665 0.030833333333333334
0 0.43166666666666664 0.3466666666666667 0.0325 0.0275
0 0.37166666666666665 0.3466666666666667 0.04083333333333333 0.04666666666666667
0 0.6641666666666667 0.3466666666666667 0.0375 0.05416666666666667
0 0.7283333333333334 0.35083333333333333 0.019166666666666665 0.056666666666666664
0 0.4 0.36 0.035833333333333335 0.0275
0 0.4608333333333333 0.36333333333333334 0.03166666666666667 0.04833333333333333
0 0.4325 0.36583333333333334 0.03333333333333333 0.029166666666666667
0 0.4841666666666667 0.37166666666666665 0.035833333333333335 0.0475
0 0.6675 0.3775 0.0275 0.06666666666666667
0 0.7058333333333333 0.37833333333333335 0.0325 0.065
0 0.5183333333333333 0.3858333333333333 0.028333333333333332 0.058333333333333334
0 0.3883333333333333 0.39 0.041666666666666664 0.04666666666666667
0 0.7258333333333333 0.39 0.0275 0.05333333333333334
0 0.3625 0.3933333333333333 0.035833333333333335 0.050833333333333335
0 0.5741666666666667 0.39916666666666667 0.020833333333333332 0.07666666666666666
0 0.45 0.39916666666666667 0.029166666666666667 0.04416666666666667
0 0.4658333333333333 0.4 0.0325 0.051666666666666666
0 0.4266666666666667 0.4058333333333333 0.035 0.07583333333333334
0 0.6866666666666666 0.42083333333333334 0.035 0.03833333333333333
0 0.37666666666666665 0.43416666666666665 0.035 0.06333333333333334
0 0.3525 0.44333333333333336 0.035 0.06833333333333333
0 0.3933333333333333 0.44333333333333336 0.03916666666666667 0.04416666666666667
0 0.6775 0.4525 0.02666666666666667 0.041666666666666664
0 0.6575 0.45416666666666666 0.03333333333333333 0.03833333333333333