0 0.475 0.2833333333333333 0.034166666666666665 0.041666666666666664
0 0.5033333333333333 0.28583333333333333 0.03333333333333333 0.03916666666666667
0 0.4866666666666667 0.29833333333333334 0.035833333333333335 0.028333333333333332
0 0.45916666666666667 0.31333333333333335 0.035 0.0275
0 0.5241666666666667 0.31833333333333336 0.034166666666666665 0.03666666666666667
0 0.5433333333333333 0.32 0.030833333333333334 0.03916666666666667
0 0.49666666666666665 0.32166666666666666 0.0375 0.028333333333333332
0 0.6 0.32416666666666666 0.03166666666666667 0.035833333333333335
0 0.5741666666666667 0.3275 0.03833333333333333 0.04416666666666667
0 0.44583333333333336 0.33166666666666667 0.0325 0.030833333333333334
0 0.6241666666666666 0.3358333333333333 0.030833333333333334 0.04583333333333333
0 0.46416666666666667 0.34 0.0275 0.05333333333333334
0 0.5083333333333333 0.34833333333333333 0.03333333333333333 0.04666666666666667
0 0.49416666666666664 0.3491666666666667 0.034166666666666665 0.04416666666666667
0 0.5275 0.35 0.021666666666666667 0.051666666666666666
0 0.5458333333333333 0.3616666666666667 0.0275 0.04583333333333333
0 0.5958333333333333 0.37083333333333335 0.03833333333333333 0.06416666666666666
0 0.43083333333333335 0.37083333333333335 0.04 0.060833333333333336
0 0.6075 0.37166666666666665 0.03833333333333333 0.07333333333333333
0 0.5633333333333334 0.37416666666666665 0.03333333333333333 0.06583333333333333
0 0.47833333333333333 0.37583333333333335 0.03333333333333333 0.04
0 0.6316666666666667 0.38 0.028333333333333332 0.058333333333333334
0 0.585 0.38 0.029166666666666667 0.058333333333333334
0 0.5091666666666667 0.39 0.030833333333333334 0.04416666666666667
0 0.44166666666666665 0.3908333333333333 0.04833333333333333 0.058333333333333334
0 0.6516666666666666 0.3908333333333333 0.024166666666666666 0.049166666666666664
0 0.5266666666666666 0.395 0.030833333333333334 0.05333333333333334
0 0.5508333333333333 0.39916666666666667 0.03833333333333333 0.056666666666666664
0 0.4866666666666667 0.41 0.0275 0.04583333333333333
0 0.4608333333333333 0.4141666666666667 0.0375 0.04583333333333333
0 0.5075 0.42333333333333334 0.025833333333333333 0.0475
0 0.52 0.4241666666666667 0.025 0.03833333333333333
0 0.49583333333333335 0.45 0.041666666666666664 0.04583333333333333