0 0.0675 0.0525 0.056666666666666664 0.105
0 0.18 0.6125 0.0375 0.12583333333333332
0 0.54 0.8 0.0775 0.06416666666666666
0 0.13166666666666665 0.92 0.0575 0.11
0 0.04 0.2 0.03916666666666667 0.12833333333333333
0 0.08416666666666667 0.21833333333333332 0.035 0.12583333333333332
0 0.5841666666666666 0.28583333333333333 0.056666666666666664 0.1125
0 0.6533333333333333 0.30083333333333334 0.065 0.08666666666666667
0 0.5291666666666667 0.3258333333333333 0.06583333333333333 0.105
0 0.05 0.37333333333333335 0.045 0.12
0 0.6691666666666667 0.38333333333333336 0.07833333333333334 0.06583333333333333
0 0.5566666666666666 0.4058333333333333 0.07 0.09
0 0.55 0.4558333333333333 0.0775 0.06416666666666666
0 0.6283333333333333 0.45666666666666667 0.07583333333333334 0.09
0 0.1975 0.4575 0.050833333333333335 0.1075