0 0.5583333333333333 0.445 0.016666666666666666 0.05583333333333333
0 0.5033333333333333 0.4508333333333333 0.018333333333333333 0.07583333333333334
0 0.5566666666666666 0.4816666666666667 0.02 0.08166666666666667
0 0.525 0.485 0.015 0.0875
0 0.5433333333333333 0.49 0.024166666666666666 0.07083333333333333
0 0.5816666666666667 0.5141666666666667 0.023333333333333334 0.07583333333333334
0 0.5158333333333334 0.525 0.016666666666666666 0.085
0 0.5408333333333334 0.5433333333333333 0.02 0.08583333333333333
0 0.5541666666666667 0.555 0.0225 0.07416666666666667
0 0.48 0.5616666666666666 0.03333333333333333 0.07
0 0.53 0.5616666666666666 0.016666666666666666 0.08
0 0.5041666666666667 0.5675 0.015833333333333335 0.09166666666666666
0 0.5 0.6 0.0175 0.0775
0 0.48833333333333334 0.6225 0.016666666666666666 0.06666666666666667
0 0.5475 0.6391666666666667 0.015833333333333335 0.0775
0 0.49833333333333335 0.6491666666666667 0.014166666666666666 0.060833333333333336
0 0.48833333333333334 0.7125 0.041666666666666664 0.045
0 0.5858333333333333 0.7558333333333334 0.05 0.04833333333333333
0 0.5975 0.8066666666666666 0.0275 0.08
0 0.02 0.8241666666666667 0.04 0.065
0 0.010833333333333334 0.8708333333333333 0.021666666666666667 0.06833333333333333
0 0.01 0.9675 0.02 0.06166666666666667
0 0.5658333333333333 0.095 0.025 0.06833333333333333
0 0.5383333333333333 0.1225 0.034166666666666665 0.0575
0 0.5241666666666667 0.12333333333333334 0.0275 0.050833333333333335
0 0.5508333333333333 0.15833333333333333 0.030833333333333334 0.055
0 0.5091666666666667 0.19916666666666666 0.0175 0.07333333333333333
0 0.5283333333333333 0.21416666666666667 0.02 0.07166666666666667
0 0.49833333333333335 0.2425 0.0175 0.0775
0 0.5183333333333333 0.2683333333333333 0.016666666666666666 0.075
0 0.5041666666666667 0.3308333333333333 0.0175 0.0775
0 0.4891666666666667 0.3525 0.0175 0.08
0 0.5383333333333333 0.36 0.0225 0.060833333333333336
0 0.5733333333333334 0.36583333333333334 0.02666666666666667 0.049166666666666664
0 0.4816666666666667 0.36833333333333335 0.02 0.08
0 0.585 0.37166666666666665 0.0275 0.06
0 0.5475 0.37333333333333335 0.023333333333333334 0.06916666666666667
0 0.5183333333333333 0.37666666666666665 0.015833333333333335 0.06416666666666666
0 0.5008333333333334 0.3883333333333333 0.013333333333333334 0.060833333333333336
0 0.555 0.39166666666666666 0.020833333333333332 0.0725
0 0.5116666666666667 0.4141666666666667 0.015833333333333335 0.0775
0 0.48833333333333334 0.4166666666666667 0.016666666666666666 0.07333333333333333
0 0.5691666666666667 0.4241666666666667 0.018333333333333333 0.0725
0 0.53 0.42583333333333334 0.0175 0.08
0 0.5441666666666667 0.44 0.014166666666666666 0.06666666666666667