0 0.5008333333333334 0.46416666666666667 0.049166666666666664 0.0775
0 0.2791666666666667 0.4741666666666667 0.030833333333333334 0.08166666666666667
0 0.17916666666666667 0.48 0.024166666666666666 0.085
0 0.2025 0.48083333333333333 0.021666666666666667 0.07833333333333334
0 0.5733333333333334 0.5091666666666667 0.025 0.09916666666666667
0 0.10916666666666666 0.5108333333333334 0.035833333333333335 0.05
0 0.06333333333333334 0.5141666666666667 0.0225 0.07583333333333334
0 0.09 0.5191666666666667 0.029166666666666667 0.09333333333333334
0 0.0775 0.5341666666666667 0.023333333333333334 0.07833333333333334
0 0.14083333333333334 0.5383333333333333 0.05 0.043333333333333335
0 0.1275 0.56 0.03916666666666667 0.04833333333333333
0 0.6283333333333333 0.02666666666666667 0.0225 0.05333333333333334
0 0.08583333333333333 0.5991666666666666 0.030833333333333334 0.075
0 0.07416666666666667 0.6175 0.024166666666666666 0.1
0 0.10916666666666666 0.6258333333333334 0.03666666666666667 0.08
0 0.1375 0.6333333333333333 0.035 0.08583333333333333
0 0.10583333333333333 0.6566666666666666 0.030833333333333334 0.0625
0 0.0725 0.675 0.0225 0.07916666666666666
0 0.10833333333333334 0.7033333333333334 0.0325 0.058333333333333334
0 0.09666666666666666 0.715 0.0275 0.07166666666666667
0 0.13666666666666666 0.72 0.041666666666666664 0.08166666666666667
0 0.5141666666666667 0.0325 0.041666666666666664 0.06416666666666666
0 0.54 0.7316666666666667 0.03166666666666667 0.10583333333333333
0 0.5208333333333334 0.7391666666666666 0.03333333333333333 0.08416666666666667
0 0.0775 0.755 0.028333333333333332 0.08666666666666667
0 0.105 0.7641666666666667 0.0425 0.08166666666666667
0 0.49 0.7658333333333334 0.049166666666666664 0.07666666666666666
0 0.42083333333333334 0.785 0.045 0.08083333333333333
0 0.07583333333333334 0.7875 0.029166666666666667 0.0675
0 0.49083333333333334 0.8008333333333333 0.035833333333333335 0.056666666666666664
0 0.5083333333333333 0.8091666666666667 0.030833333333333334 0.0825
0 0.11583333333333333 0.8183333333333334 0.0425 0.055
0 0.09583333333333334 0.8375 0.03916666666666667 0.04583333333333333
0 0.47583333333333333 0.8383333333333334 0.0375 0.06416666666666666
0 0.6066666666666667 0.03916666666666667 0.018333333333333333 0.059166666666666666
0 0.10916666666666666 0.875 0.034166666666666665 0.043333333333333335
0 0.57 0.0425 0.0275 0.0625
0 0.11083333333333334 0.905 0.035833333333333335 0.059166666666666666
0 0.14083333333333334 0.9116666666666666 0.04083333333333333 0.049166666666666664
0 0.13166666666666665 0.945 0.060833333333333336 0.0425
0 0.5825 0.05 0.02666666666666667 0.05333333333333334
0 0.11333333333333333 0.9583333333333334 0.04416666666666667 0.0725
0 0.615 0.05583333333333333 0.019166666666666665 0.060833333333333336
0 0.5683333333333334 0.9866666666666667 0.04666666666666667 0.025833333333333333
0 0.6291666666666667 0.08333333333333333 0.0325 0.09583333333333334
0 0.5866666666666667 0.09166666666666666 0.034166666666666665 0.034166666666666665
0 0.6041666666666666 0.1225 0.024166666666666666 0.0775
0 0.5483333333333333 0.12416666666666666 0.04 0.0375
0 0.575 0.13833333333333334 0.0225 0.07833333333333334
0 0.5225 0.1475 0.0475 0.04
0 0.3616666666666667 0.15083333333333335 0.0525 0.07416666666666667
0 0.48583333333333334 0.15833333333333333 0.04083333333333333 0.0375
0 0.405 0.18416666666666667 0.0375 0.10416666666666667
0 0.59 0.18666666666666668 0.02666666666666667 0.0475
0 0.4633333333333333 0.18916666666666668 0.045 0.035833333333333335
0 0.28833333333333333 0.1975 0.03166666666666667 0.08
0 0.31833333333333336 0.21 0.04833333333333333 0.07083333333333333
0 0.44083333333333335 0.21416666666666667 0.04833333333333333 0.035833333333333335
0 0.5783333333333334 0.22166666666666668 0.03666666666666667 0.030833333333333334
0 0.26416666666666666 0.22333333333333333 0.0275 0.0675
0 0.24416666666666667 0.2375 0.029166666666666667 0.045
0 0.2775 0.24583333333333332 0.04083333333333333 0.06666666666666667
0 0.5491666666666667 0.2525 0.03 0.0575
0 0.5683333333333334 0.25916666666666666 0.03333333333333333 0.06416666666666666
0 0.6691666666666667 0.26166666666666666 0.04833333333333333 0.043333333333333335
0 0.5758333333333333 0.2816666666666667 0.025833333333333333 0.0675
0 0.2425 0.2833333333333333 0.03 0.055
0 0.6533333333333333 0.28583333333333333 0.0325 0.03166666666666667
0 0.2783333333333333 0.2966666666666667 0.03333333333333333 0.0825
0 0.5391666666666667 0.3 0.04083333333333333 0.05
0 0.2425 0.31166666666666665 0.034166666666666665 0.0575
0 0.14333333333333334 0.3125 0.02666666666666667 0.1
0 0.10416666666666667 0.31416666666666665 0.03833333333333333 0.065
0 0.5516666666666666 0.31583333333333335 0.03166666666666667 0.06
0 0.25 0.32 0.03 0.07166666666666667
0 0.115 0.32083333333333336 0.029166666666666667 0.07583333333333334
0 0.5033333333333333 0.3308333333333333 0.045 0.04
0 0.2225 0.3383333333333333 0.02666666666666667 0.08916666666666667
0 0.12333333333333334 0.3408333333333333 0.02666666666666667 0.08416666666666667
0 0.5183333333333333 0.35083333333333333 0.03666666666666667 0.059166666666666666
0 0.0825 0.36833333333333335 0.021666666666666667 0.06666666666666667
0 0.0975 0.37583333333333335 0.0225 0.06333333333333334
0 0.485 0.3775 0.034166666666666665 0.06416666666666666
0 0.13 0.3825 0.023333333333333334 0.09
0 0.1475 0.4066666666666667 0.0175 0.0675
0 0.1925 0.42083333333333334 0.02 0.07916666666666666
0 0.07333333333333333 0.4266666666666667 0.04083333333333333 0.056666666666666664
0 0.11 0.44916666666666666 0.034166666666666665 0.08666666666666667
0 0.07666666666666666 0.4533333333333333 0.0375 0.08416666666666667