0 0.35833333333333334 0.4083333333333333 0.03833333333333333 0.03333333333333333
0 0.3883333333333333 0.4033333333333333 0.04 0.034166666666666665
0 0.31916666666666665 0.38 0.04083333333333333 0.0525
0 0.3433333333333333 0.37916666666666665 0.0375 0.028333333333333332
0 0.37833333333333335 0.37833333333333335 0.0425 0.030833333333333334
0 0.41 0.3775 0.035833333333333335 0.041666666666666664
0 0.6616666666666666 0.37583333333333335 0.03 0.0725
0 0.43916666666666665 0.375 0.04083333333333333 0.04833333333333333
0 0.36583333333333334 0.3566666666666667 0.03333333333333333 0.03
0 0.3933333333333333 0.3491666666666667 0.04083333333333333 0.03333333333333333
0 0.3433333333333333 0.345 0.045 0.041666666666666664
0 0.5441666666666667 0.33 0.02666666666666667 0.07
0 0.32083333333333336 0.3275 0.0325 0.030833333333333334
0 0.3 0.32416666666666666 0.030833333333333334 0.056666666666666664
0 0.6458333333333334 0.315 0.018333333333333333 0.075
0 0.3641666666666667 0.31416666666666665 0.035 0.035833333333333335
0 0.3358333333333333 0.3075 0.03333333333333333 0.030833333333333334
0 0.3025 0.2975 0.04 0.03833333333333333
0 0.6266666666666667 0.2775 0.024166666666666666 0.07916666666666666
0 0.31666666666666665 0.2733333333333333 0.03916666666666667 0.04583333333333333
0 0.295 0.27166666666666667 0.025833333333333333 0.04666666666666667
0 0.7575 0.9775 0.021666666666666667 0.041666666666666664
0 0.775 0.9175 0.023333333333333334 0.07666666666666666
0 0.7708333333333334 0.8341666666666666 0.028333333333333332 0.07666666666666666
0 0.7483333333333333 0.7616666666666667 0.023333333333333334 0.06583333333333333
0 0.705 0.5833333333333334 0.021666666666666667 0.08916666666666667