0 0.22083333333333333 0.47833333333333333 0.0275 0.060833333333333336
0 0.205 0.48333333333333334 0.025 0.07916666666666666
0 0.5183333333333333 0.4866666666666667 0.029166666666666667 0.0775
0 0.225 0.5083333333333333 0.025833333333333333 0.07583333333333334
0 0.6658333333333334 0.02666666666666667 0.02 0.05333333333333334
0 0.2841666666666667 0.5925 0.0325 0.05333333333333334
0 0.3308333333333333 0.6016666666666667 0.03 0.0575
0 0.30083333333333334 0.6041666666666666 0.028333333333333332 0.07083333333333333
0 0.2658333333333333 0.6141666666666666 0.025833333333333333 0.06833333333333333
0 0.31166666666666665 0.6166666666666667 0.024166666666666666 0.085
0 0.2783333333333333 0.6208333333333333 0.029166666666666667 0.06916666666666667
0 0.2841666666666667 0.6291666666666667 0.0225 0.0575
0 0.355 0.65 0.023333333333333334 0.06166666666666667
0 0.33916666666666667 0.6533333333333333 0.0225 0.07416666666666667
0 0.29 0.6716666666666666 0.03333333333333333 0.035833333333333335
0 0.3416666666666667 0.7066666666666667 0.028333333333333332 0.07583333333333334
0 0.3416666666666667 0.745 0.025 0.07
0 0.3225 0.785 0.020833333333333332 0.0925
0 0.345 0.7983333333333333 0.02666666666666667 0.08333333333333333
0 0.5975 0.8141666666666667 0.0175 0.07666666666666666
0 0.325 0.8175 0.02 0.07416666666666667
0 0.6108333333333333 0.8283333333333334 0.023333333333333334 0.085
0 0.3425 0.8433333333333334 0.0325 0.06916666666666667
0 0.23916666666666667 0.8433333333333334 0.03666666666666667 0.06583333333333333
0 0.6225 0.85 0.0275 0.08583333333333333
0 0.14583333333333334 0.050833333333333335 0.025 0.0775
0 0.32166666666666666 0.8716666666666667 0.020833333333333332 0.049166666666666664
0 0.6366666666666667 0.8758333333333334 0.035 0.095
0 0.6241666666666666 0.8825 0.034166666666666665 0.08583333333333333
0 0.33666666666666667 0.8933333333333333 0.021666666666666667 0.04833333333333333
0 0.5883333333333334 0.8941666666666667 0.03 0.06416666666666666
0 0.6 0.9 0.024166666666666666 0.058333333333333334
0 0.3225 0.91 0.02666666666666667 0.08333333333333333
0 0.5966666666666667 0.9483333333333334 0.025 0.06
0 0.7125 0.059166666666666666 0.015 0.06833333333333333
0 0.6141666666666666 0.955 0.023333333333333334 0.07083333333333333
0 0.5758333333333333 0.9558333333333333 0.021666666666666667 0.06916666666666667
0 0.5933333333333334 0.98 0.025 0.03833333333333333
0 0.5716666666666667 0.9858333333333333 0.024166666666666666 0.0275
0 0.6825 0.065 0.023333333333333334 0.05333333333333334
0 0.6683333333333333 0.08083333333333333 0.023333333333333334 0.060833333333333336
0 0.765 0.105 0.0325 0.05583333333333333
0 0.6875 0.12166666666666667 0.02 0.07666666666666666
0 0.675 0.1325 0.025833333333333333 0.08
0 0.6991666666666667 0.13416666666666666 0.018333333333333333 0.06416666666666666
0 0.7225 0.17 0.023333333333333334 0.06416666666666666
0 0.7908333333333334 0.185 0.020833333333333332 0.08166666666666667
0 0.7133333333333334 0.18583333333333332 0.020833333333333332 0.058333333333333334
0 0.6975 0.18833333333333332 0.024166666666666666 0.07083333333333333
0 0.7791666666666667 0.2125 0.020833333333333332 0.0825
0 0.7166666666666667 0.23416666666666666 0.025833333333333333 0.06416666666666666
0 0.7358333333333333 0.23916666666666667 0.015833333333333335 0.06
0 0.8 0.24916666666666668 0.015833333333333335 0.07333333333333333
0 0.7883333333333333 0.25333333333333335 0.02 0.09083333333333334
0 0.7541666666666667 0.265 0.021666666666666667 0.04833333333333333
0 0.7366666666666667 0.2775 0.0175 0.04583333333333333
0 0.7766666666666666 0.2808333333333333 0.023333333333333334 0.04666666666666667
0 0.7575 0.295 0.03166666666666667 0.04583333333333333
0 0.7791666666666667 0.3225 0.025833333333333333 0.06583333333333333
0 0.755 0.325 0.04416666666666667 0.0625
0 0.23833333333333334 0.33916666666666667 0.034166666666666665 0.07916666666666666
0 0.8 0.3441666666666667 0.025 0.08416666666666667
0 0.8183333333333334 0.3541666666666667 0.025 0.06166666666666667
0 0.6916666666666667 0.3958333333333333 0.020833333333333332 0.07916666666666666
0 0.22083333333333333 0.4091666666666667 0.024166666666666666 0.07416666666666667
0 0.61 0.4116666666666667 0.019166666666666665 0.07416666666666667
0 0.6208333333333333 0.42083333333333334 0.016666666666666666 0.055
0 0.625 0.4216666666666667 0.015 0.04833333333333333
0 0.6433333333333333 0.43333333333333335 0.02 0.0475