0 0.4033333333333333 0.43 0.0125 0.015833333333333335
0 0.4975 0.435 0.016666666666666666 0.035
0 0.5166666666666667 0.4608333333333333 0.016666666666666666 0.035
0 0.5741666666666667 0.48833333333333334 0.024166666666666666 0.023333333333333334
0 0.5508333333333333 0.49916666666666665 0.018333333333333333 0.030833333333333334
0 0.57 0.5058333333333334 0.024166666666666666 0.025833333333333333
0 0.7266666666666667 0.5158333333333334 0.0075 0.0225
0 0.7366666666666667 0.5275 0.024166666666666666 0.045
0 0.17916666666666667 0.5375 0.030833333333333334 0.03
0 0.3425 0.5933333333333334 0.016666666666666666 0.04083333333333333
0 0.33916666666666667 0.6125 0.0175 0.055
0 0.3466666666666667 0.6266666666666667 0.016666666666666666 0.0425
0 0.29583333333333334 0.6308333333333334 0.010833333333333334 0.035
0 0.4708333333333333 0.6591666666666667 0.02 0.03166666666666667
0 0.48333333333333334 0.6616666666666666 0.023333333333333334 0.05
0 0.5091666666666667 0.675 0.024166666666666666 0.03333333333333333
0 0.5358333333333334 0.6858333333333333 0.023333333333333334 0.03666666666666667
0 0.5516666666666666 0.6991666666666667 0.02 0.05
0 0.5233333333333333 0.7025 0.02666666666666667 0.035
0 0.31333333333333335 0.7058333333333333 0.019166666666666665 0.0425
0 0.47583333333333333 0.7066666666666667 0.0275 0.04
0 0.585 0.7291666666666666 0.023333333333333334 0.050833333333333335
0 0.515 0.7358333333333333 0.028333333333333332 0.04833333333333333
0 0.14666666666666667 0.765 0.03666666666666667 0.05
0 0.48333333333333334 0.8616666666666667 0.03166666666666667 0.0375
0 0.3641666666666667 0.8891666666666667 0.0325 0.0625
0 0.7066666666666667 0.9266666666666666 0.03916666666666667 0.056666666666666664
0 0.7016666666666667 0.99 0.03 0.016666666666666666
0 0.6633333333333333 0.09666666666666666 0.01 0.015
0 0.5641666666666667 0.10333333333333333 0.009166666666666667 0.014166666666666666
0 0.705 0.10416666666666667 0.006666666666666667 0.015
0 0.6975 0.10583333333333333 0.011666666666666667 0.016666666666666666
0 0.5541666666666667 0.115 0.01 0.014166666666666666
0 0.7325 0.11583333333333333 0.013333333333333334 0.0175
0 0.5633333333333334 0.1175 0.009166666666666667 0.015
0 0.7416666666666667 0.1175 0.010833333333333334 0.015
0 0.6641666666666667 0.135 0.006666666666666667 0.010833333333333334
0 0.6075 0.13583333333333333 0.0075 0.0175
0 0.7375 0.14 0.010833333333333334 0.025
0 0.7 0.16333333333333333 0.014166666666666666 0.010833333333333334
0 0.6616666666666666 0.16916666666666666 0.009166666666666667 0.010833333333333334
0 0.6775 0.17916666666666667 0.013333333333333334 0.018333333333333333
0 0.715 0.2175 0.008333333333333333 0.015833333333333335
0 0.7225 0.225 0.016666666666666666 0.016666666666666666
0 0.71 0.22583333333333333 0.014166666666666666 0.0275
0 0.7258333333333333 0.235 0.019166666666666665 0.023333333333333334
0 0.5966666666666667 0.3358333333333333 0.010833333333333334 0.025833333333333333
0 0.6058333333333333 0.3408333333333333 0.016666666666666666 0.0275
0 0.6133333333333333 0.3466666666666667 0.018333333333333333 0.02666666666666667
0 0.6258333333333334 0.3525 0.024166666666666666 0.023333333333333334
0 0.525 0.3616666666666667 0.02 0.018333333333333333
0 0.5033333333333333 0.3625 0.021666666666666667 0.028333333333333332
0 0.5433333333333333 0.36333333333333334 0.018333333333333333 0.020833333333333332
0 0.5375 0.36916666666666664 0.011666666666666667 0.0175
0 0.5541666666666667 0.37083333333333335 0.014166666666666666 0.015833333333333335
0 0.395 0.37666666666666665 0.009166666666666667 0.03166666666666667
0 0.5616666666666666 0.37833333333333335 0.019166666666666665 0.014166666666666666
0 0.5291666666666667 0.37833333333333335 0.019166666666666665 0.029166666666666667
0 0.545 0.3825 0.0175 0.03166666666666667
0 0.5641666666666667 0.39 0.021666666666666667 0.02666666666666667
0 0.5283333333333333 0.3933333333333333 0.0075 0.0225
0 0.5233333333333333 0.3983333333333333 0.015833333333333335 0.03333333333333333