0 0.5066666666666667 0.55 0.019166666666666665 0.07083333333333333
0 0.815 0.2891666666666667 0.045 0.03833333333333333
0 0.7225 0.32166666666666666 0.0425 0.03833333333333333
0 0.5675 0.325 0.035833333333333335 0.030833333333333334
0 0.795 0.32666666666666666 0.04083333333333333 0.03666666666666667
0 0.5483333333333333 0.3275 0.025833333333333333 0.05333333333333334
0 0.6558333333333334 0.33 0.0425 0.04416666666666667
0 0.5508333333333333 0.35833333333333334 0.03166666666666667 0.03916666666666667
0 0.555 0.3591666666666667 0.04 0.035
0 0.57 0.36916666666666664 0.041666666666666664 0.043333333333333335
0 0.6333333333333333 0.37333333333333335 0.049166666666666664 0.030833333333333334
0 0.5258333333333334 0.37916666666666665 0.019166666666666665 0.07333333333333333
0 0.5091666666666667 0.39 0.015833333333333335 0.07333333333333333
0 0.5791666666666667 0.3925 0.0325 0.056666666666666664
0 0.5541666666666667 0.39416666666666667 0.03916666666666667 0.03666666666666667
0 0.6291666666666667 0.3958333333333333 0.051666666666666666 0.060833333333333336
0 0.6033333333333334 0.3975 0.04833333333333333 0.056666666666666664
0 0.6441666666666667 0.40166666666666667 0.035 0.045
0 0.5408333333333334 0.4191666666666667 0.025833333333333333 0.06166666666666667
0 0.5608333333333333 0.4216666666666667 0.034166666666666665 0.0375
0 0.5366666666666666 0.4508333333333333 0.034166666666666665 0.056666666666666664
0 0.5733333333333334 0.45416666666666666 0.03666666666666667 0.0475
0 0.5183333333333333 0.5 0.0375 0.043333333333333335