0 0.6075 0.5408333333333334 0.016666666666666666 0.05333333333333334
0 0.9191666666666667 0.53 0.03916666666666667 0.05583333333333333
0 0.89 0.5083333333333333 0.0325 0.07833333333333334
0 0.6241666666666666 0.5033333333333333 0.014166666666666666 0.059166666666666666
0 0.5975 0.5025 0.023333333333333334 0.07916666666666666
0 0.6141666666666666 0.49916666666666665 0.014166666666666666 0.035833333333333335
0 0.23083333333333333 0.49833333333333335 0.020833333333333332 0.0425
0 0.6391666666666667 0.47833333333333333 0.0225 0.04666666666666667
0 0.24916666666666668 0.465 0.025833333333333333 0.059166666666666666
0 0.6258333333333334 0.46 0.034166666666666665 0.04583333333333333
0 0.6283333333333333 0.4575 0.041666666666666664 0.0525
0 0.24083333333333334 0.455 0.034166666666666665 0.05333333333333334
0 0.885 0.455 0.0275 0.07083333333333333
0 0.225 0.445 0.024166666666666666 0.049166666666666664
0 0.26666666666666666 0.4425 0.025833333333333333 0.05583333333333333
0 0.625 0.4375 0.03 0.051666666666666666
0 0.21833333333333332 0.435 0.029166666666666667 0.0625
0 0.21 0.41 0.0275 0.056666666666666664
0 0.26666666666666666 0.4075 0.024166666666666666 0.05583333333333333
0 0.2866666666666667 0.405 0.019166666666666665 0.059166666666666666
0 0.25583333333333336 0.4041666666666667 0.021666666666666667 0.059166666666666666
0 0.245 0.3983333333333333 0.0225 0.0525
0 0.6425 0.3958333333333333 0.0125 0.04083333333333333
0 0.28 0.39166666666666666 0.025 0.0625
0 0.20416666666666666 0.38 0.028333333333333332 0.07
0 0.6266666666666667 0.37666666666666665 0.015 0.08583333333333333
0 0.3025 0.37416666666666665 0.024166666666666666 0.05583333333333333
0 0.2325 0.37083333333333335 0.025 0.065
0 0.05583333333333333 0.365 0.03166666666666667 0.056666666666666664
0 0.2758333333333333 0.3616666666666667 0.023333333333333334 0.03916666666666667
0 0.6483333333333333 0.3525 0.014166666666666666 0.06583333333333333
0 0.03833333333333333 0.35 0.029166666666666667 0.04083333333333333
0 0.30333333333333334 0.3466666666666667 0.035 0.04416666666666667
0 0.2725 0.3466666666666667 0.024166666666666666 0.041666666666666664
0 0.22916666666666666 0.3458333333333333 0.030833333333333334 0.04583333333333333
0 0.26166666666666666 0.3408333333333333 0.024166666666666666 0.07416666666666667
0 0.08166666666666667 0.34 0.024166666666666666 0.03833333333333333
0 0.6383333333333333 0.32916666666666666 0.015833333333333335 0.07166666666666667
0 0.060833333333333336 0.3225 0.028333333333333332 0.059166666666666666
0 0.25416666666666665 0.31833333333333336 0.023333333333333334 0.0625
0 0.08333333333333333 0.31833333333333336 0.029166666666666667 0.03166666666666667
0 0.7666666666666667 0.31583333333333335 0.028333333333333332 0.035833333333333335
0 0.10583333333333333 0.315 0.03666666666666667 0.0575
0 0.31166666666666665 0.30833333333333335 0.020833333333333332 0.059166666666666666
0 0.2916666666666667 0.2891666666666667 0.0225 0.06416666666666666
0 0.8933333333333333 0.9391666666666667 0.0475 0.041666666666666664
0 0.0675 0.275 0.04 0.05583333333333333
0 0.1125 0.275 0.03333333333333333 0.041666666666666664
0 0.31 0.27416666666666667 0.028333333333333332 0.06666666666666667
0 0.7825 0.2675 0.0275 0.056666666666666664
0 0.2808333333333333 0.2675 0.024166666666666666 0.06833333333333333
0 0.1925 0.2608333333333333 0.04083333333333333 0.051666666666666666
0 0.17166666666666666 0.26 0.034166666666666665 0.03
0 0.13916666666666666 0.25833333333333336 0.03166666666666667 0.058333333333333334
0 0.08333333333333333 0.23583333333333334 0.043333333333333335 0.0375
0 0.12833333333333333 0.22416666666666665 0.024166666666666666 0.049166666666666664
0 0.7858333333333334 0.22416666666666665 0.016666666666666666 0.06833333333333333
0 0.20333333333333334 0.22416666666666665 0.041666666666666664 0.04083333333333333
0 0.2775 0.22333333333333333 0.02666666666666667 0.0425
0 0.17833333333333334 0.2225 0.030833333333333334 0.043333333333333335
0 0.16916666666666666 0.21916666666666668 0.035833333333333335 0.045
0 0.805 0.21083333333333334 0.021666666666666667 0.04666666666666667
0 0.24 0.21083333333333334 0.030833333333333334 0.03833333333333333
0 0.16083333333333333 0.20666666666666667 0.0325 0.049166666666666664
0 0.29833333333333334 0.20166666666666666 0.0275 0.051666666666666666
0 0.14916666666666667 0.19833333333333333 0.028333333333333332 0.065
0 0.21166666666666667 0.195 0.03916666666666667 0.0275
0 0.2025 0.18333333333333332 0.049166666666666664 0.028333333333333332
0 0.8075 0.17416666666666666 0.03166666666666667 0.07083333333333333
0 0.30583333333333335 0.16333333333333333 0.0325 0.028333333333333332
0 0.8858333333333334 0.9116666666666666 0.05 0.0375
0 0.9175 0.8858333333333334 0.03666666666666667 0.035833333333333335
0 0.91 0.8625 0.0475 0.060833333333333336
0 0.8733333333333333 0.7883333333333333 0.04583333333333333 0.03333333333333333
0 0.5775 0.74 0.015833333333333335 0.07833333333333334
0 0.6466666666666666 0.7391666666666666 0.030833333333333334 0.06416666666666666
0 0.635 0.725 0.024166666666666666 0.07916666666666666
0 0.6516666666666666 0.7225 0.03333333333333333 0.065
0 0.6191666666666666 0.7216666666666667 0.015 0.06166666666666667
0 0.6533333333333333 0.6966666666666667 0.0425 0.03916666666666667
0 0.59 0.6908333333333333 0.02 0.07666666666666666
0 0.6116666666666667 0.6766666666666666 0.02 0.08083333333333333
0 0.6658333333333334 0.6725 0.035 0.045
0 0.6358333333333334 0.6541666666666667 0.025833333333333333 0.06666666666666667
0 0.5833333333333334 0.6533333333333333 0.025833333333333333 0.08
0 0.6208333333333333 0.6333333333333333 0.010833333333333334 0.05333333333333334
0 0.6375 0.6191666666666666 0.024166666666666666 0.051666666666666666
0 0.6116666666666667 0.6066666666666667 0.015833333333333335 0.07416666666666667
0 0.66 0.6058333333333333 0.03666666666666667 0.0275
0 0.7633333333333333 0.6041666666666666 0.021666666666666667 0.0675
0 0.5758333333333333 0.6025 0.018333333333333333 0.07083333333333333
0 0.9158333333333334 0.6016666666666667 0.045 0.05333333333333334
0 0.6016666666666667 0.5816666666666667 0.014166666666666666 0.07916666666666666
0 0.9441666666666667 0.58 0.035833333333333335 0.05583333333333333
0 0.5908333333333333 0.5758333333333333 0.0125 0.07
0 0.92 0.5675 0.0375 0.06
0 0.6383333333333333 0.565 0.025833333333333333 0.07833333333333334
0 0.62 0.5633333333333334 0.016666666666666666 0.07416666666666667