0 0.3908333333333333 0.5466666666666666 0.034166666666666665 0.05416666666666667
0 0.36583333333333334 0.5425 0.043333333333333335 0.04666666666666667
0 0.43333333333333335 0.54 0.025 0.08916666666666667
0 0.5666666666666667 0.54 0.04 0.07
0 0.415 0.535 0.03 0.0825
0 0.5125 0.5291666666666667 0.03833333333333333 0.035
0 0.3908333333333333 0.5216666666666666 0.04 0.0675
0 0.5341666666666667 0.5175 0.0375 0.03833333333333333
0 0.44333333333333336 0.505 0.03916666666666667 0.06416666666666666
0 0.47583333333333333 0.49416666666666664 0.025833333333333333 0.06583333333333333
0 0.46 0.4925 0.03166666666666667 0.055
0 0.5558333333333333 0.4791666666666667 0.04083333333333333 0.07416666666666667
0 0.5091666666666667 0.47 0.035 0.06333333333333334
0 0.4866666666666667 0.4691666666666667 0.035 0.07833333333333334
0 0.5358333333333334 0.4625 0.04416666666666667 0.04416666666666667
0 0.5216666666666666 0.41 0.049166666666666664 0.0475
0 0.36916666666666664 0.37666666666666665 0 0.0008333333333333334
0 0.47833333333333333 0.6508333333333334 0.034166666666666665 0.06583333333333333
0 0.525 0.6291666666666667 0.0475 0.06333333333333334
0 0.4216666666666667 0.6183333333333333 0.050833333333333335 0.03166666666666667
0 0.5025 0.6133333333333333 0.0475 0.04083333333333333
0 0.37666666666666665 0.6116666666666667 0.05 0.04833333333333333
0 0.46 0.6 0.035 0.0475
0 0.4375 0.5991666666666666 0.041666666666666664 0.051666666666666666
0 0.5425 0.5891666666666666 0.051666666666666666 0.03833333333333333
0 0.38416666666666666 0.5866666666666667 0.03833333333333333 0.055
0 0.4058333333333333 0.5858333333333333 0.04416666666666667 0.04416666666666667
0 0.4741666666666667 0.5741666666666667 0.035 0.059166666666666666
0 0.35833333333333334 0.5708333333333333 0.03 0.041666666666666664
0 0.48 0.555 0.04 0.07083333333333333
0 0.45166666666666666 0.5541666666666667 0.0225 0.06916666666666667
0 0.5058333333333334 0.5533333333333333 0.045 0.059166666666666666
0 0.5416666666666666 0.5525 0.0475 0.045