0 0.2425 0.9708333333333333 0.04083333333333333 0.043333333333333335
0 0.6091666666666666 0.5166666666666667 0.029166666666666667 0.059166666666666666
0 0.5783333333333334 0.5091666666666667 0.03916666666666667 0.0325
0 0.5866666666666667 0.4925 0.03 0.0575
0 0.6058333333333333 0.49083333333333334 0.028333333333333332 0.041666666666666664
0 0.2675 0.9666666666666667 0.03916666666666667 0.04833333333333333
0 0.315 0.4825 0.019166666666666665 0.08
0 0.3358333333333333 0.47 0.0325 0.059166666666666666
0 0.5675 0.4691666666666667 0.025833333333333333 0.059166666666666666
0 0.5208333333333334 0.45916666666666667 0.04 0.03166666666666667
0 0.5458333333333333 0.45166666666666666 0.03 0.0575
0 0.32916666666666666 0.43833333333333335 0.02666666666666667 0.060833333333333336
0 0.5266666666666666 0.4241666666666667 0.0425 0.03
0 0.3475 0.4225 0.020833333333333332 0.07583333333333334
0 0.43333333333333335 0.41583333333333333 0.029166666666666667 0.056666666666666664
0 0.31 0.41333333333333333 0.03916666666666667 0.04666666666666667
0 0.3983333333333333 0.4125 0.030833333333333334 0.060833333333333336
0 0.6191666666666666 0.41 0.034166666666666665 0.0375
0 0.4508333333333333 0.4041666666666667 0.0275 0.0675
0 0.4125 0.4041666666666667 0.021666666666666667 0.05583333333333333
0 0.4625 0.4041666666666667 0.023333333333333334 0.0625
0 0.5933333333333334 0.39416666666666667 0.03333333333333333 0.02666666666666667
0 0.5525 0.3858333333333333 0.0425 0.03333333333333333
0 0.3408333333333333 0.38416666666666666 0.021666666666666667 0.0575
0 0.2791666666666667 0.9566666666666667 0.04416666666666667 0.05
0 0.4775 0.38083333333333336 0.018333333333333333 0.08416666666666667
0 0.3616666666666667 0.38083333333333336 0.020833333333333332 0.06833333333333333
0 0.43 0.3775 0.0225 0.058333333333333334
0 0.6208333333333333 0.37583333333333335 0.0375 0.029166666666666667
0 0.5233333333333333 0.37416666666666665 0.03666666666666667 0.043333333333333335
0 0.565 0.37083333333333335 0.03333333333333333 0.04583333333333333
0 0.5791666666666667 0.365 0.03833333333333333 0.043333333333333335
0 0.3233333333333333 0.36 0.04 0.03
0 0.5008333333333334 0.3566666666666667 0.0225 0.06166666666666667
0 0.35833333333333334 0.35583333333333333 0.025 0.059166666666666666
0 0.2725 0.355 0.034166666666666665 0.0675
0 0.30666666666666664 0.35333333333333333 0.0375 0.03666666666666667
0 0.5816666666666667 0.3516666666666667 0.034166666666666665 0.04416666666666667
0 0.45416666666666666 0.3516666666666667 0.019166666666666665 0.059166666666666666
0 0.375 0.3475 0.014166666666666666 0.0625
0 0.425 0.3458333333333333 0.021666666666666667 0.0625
0 0.5183333333333333 0.3416666666666667 0.028333333333333332 0.0575
0 0.41833333333333333 0.3408333333333333 0.035 0.05583333333333333
0 0.5433333333333333 0.3408333333333333 0.04416666666666667 0.03
0 0.3908333333333333 0.33916666666666667 0.023333333333333334 0.05583333333333333
0 0.2991666666666667 0.33916666666666667 0.0425 0.0475
0 0.4791666666666667 0.33666666666666667 0.025 0.055
0 0.49666666666666665 0.33416666666666667 0.0325 0.0575
0 0.3541666666666667 0.33 0.03 0.05333333333333334
0 0.43833333333333335 0.33 0.020833333333333332 0.0525
0 0.24333333333333335 0.9516666666666667 0.021666666666666667 0.03666666666666667
0 0.3383333333333333 0.3225 0.029166666666666667 0.058333333333333334
0 0.45 0.3175 0.020833333333333332 0.07
0 0.5525 0.31666666666666665 0.045 0.035833333333333335
0 0.25166666666666665 0.31083333333333335 0.035833333333333335 0.03333333333333333
0 0.5275 0.3075 0.03833333333333333 0.0575
0 0.5 0.30333333333333334 0.024166666666666666 0.0525
0 0.46416666666666667 0.3025 0.0175 0.07333333333333333
0 0.325 0.3016666666666667 0.04 0.04083333333333333
0 0.37666666666666665 0.2991666666666667 0.0225 0.059166666666666666
0 0.40166666666666667 0.29333333333333333 0.035 0.0525
0 0.3883333333333333 0.2925 0.021666666666666667 0.051666666666666666
0 0.3641666666666667 0.2916666666666667 0.03 0.043333333333333335
0 0.4891666666666667 0.29083333333333333 0.0275 0.07
0 0.44 0.28833333333333333 0.023333333333333334 0.0575
0 0.4241666666666667 0.2841666666666667 0.0225 0.060833333333333336
0 0.5266666666666666 0.2825 0.03916666666666667 0.03833333333333333
0 0.505 0.2775 0.0225 0.0525
0 0.4675 0.2608333333333333 0.03833333333333333 0.04416666666666667
0 0.5425 0.2608333333333333 0.03666666666666667 0.034166666666666665
0 0.4091666666666667 0.25666666666666665 0.02666666666666667 0.05
0 0.38666666666666666 0.25416666666666665 0.0275 0.03333333333333333
0 0.43166666666666664 0.23666666666666666 0.03333333333333333 0.051666666666666666
0 0.4533333333333333 0.23583333333333334 0.03166666666666667 0.05416666666666667
0 0.49166666666666664 0.21666666666666667 0.0375 0.0475
0 0.3491666666666667 0.9158333333333334 0.04083333333333333 0.041666666666666664
0 0.37166666666666665 0.9141666666666667 0.03833333333333333 0.05583333333333333
0 0.3025 0.985 0.03833333333333333 0.02666666666666667
0 0.49833333333333335 0.755 0.041666666666666664 0.03166666666666667
0 0.545 0.745 0.03833333333333333 0.051666666666666666
0 0.4683333333333333 0.7408333333333333 0.03833333333333333 0.043333333333333335
0 0.5008333333333334 0.7325 0.0375 0.04416666666666667
0 0.4483333333333333 0.7283333333333334 0.035833333333333335 0.025
0 0.5441666666666667 0.7283333333333334 0.02666666666666667 0.035
0 0.5091666666666667 0.7158333333333333 0.04 0.04666666666666667
0 0.4275 0.715 0.035 0.03166666666666667
0 0.46 0.7091666666666666 0.0425 0.03916666666666667
0 0.7241666666666666 0.6658333333333334 0.035 0.04583333333333333
0 0.47 0.6591666666666667 0.03333333333333333 0.058333333333333334
0 0.6916666666666667 0.6283333333333333 0.03166666666666667 0.059166666666666666
0 0.6733333333333333 0.6158333333333333 0.03333333333333333 0.051666666666666666
0 0.6391666666666667 0.5866666666666667 0.034166666666666665 0.051666666666666666
0 0.6583333333333333 0.575 0.024166666666666666 0.045
0 0.6358333333333334 0.5525 0.03333333333333333 0.058333333333333334
0 0.6058333333333333 0.5375 0.03833333333333333 0.04666666666666667