0 0.495 0.4533333333333333 0.016666666666666666 0.08
0 0.5091666666666667 0.45416666666666666 0.021666666666666667 0.07833333333333334
0 0.48 0.4575 0.0175 0.05
0 0.53 0.4625 0.0175 0.06916666666666667
0 0.46416666666666667 0.4841666666666667 0.0225 0.058333333333333334
0 0.47583333333333333 0.5008333333333334 0.021666666666666667 0.0525
0 0.5141666666666667 0.505 0.02 0.0725
0 0.49333333333333335 0.5266666666666666 0.021666666666666667 0.075
0 0.43833333333333335 0.5291666666666667 0.019166666666666665 0.0825
0 0.4716666666666667 0.5483333333333333 0.019166666666666665 0.07
0 0.46 0.5566666666666666 0.0225 0.075
0 0.5083333333333333 0.5816666666666667 0.02666666666666667 0.07916666666666666
0 0.5191666666666667 0.6041666666666666 0.023333333333333334 0.07583333333333334
0 0.4741666666666667 0.605 0.02 0.07
0 0.4925 0.6058333333333333 0.018333333333333333 0.07583333333333334
0 0.5225 0.6375 0.0175 0.08
0 0.5008333333333334 0.6441666666666667 0.015833333333333335 0.056666666666666664
0 0.47583333333333333 0.6525 0.015833333333333335 0.07
0 0.46166666666666667 0.6758333333333333 0.018333333333333333 0.0675
0 0.5 0.685 0.025833333333333333 0.060833333333333336
0 0.5166666666666667 0.7225 0.041666666666666664 0.04583333333333333
0 0.41 0.7241666666666666 0.010833333333333334 0.04
0 0.42833333333333334 0.7575 0.03333333333333333 0.059166666666666666
0 0.4008333333333333 0.7966666666666666 0.028333333333333332 0.08166666666666667
0 0.9791666666666666 0.9641666666666666 0.04083333333333333 0.07083333333333333
0 0.985 0.985 0.02666666666666667 0.03
0 0.49333333333333335 0.15666666666666668 0.03 0.0775
0 0.5258333333333334 0.18166666666666667 0.015833333333333335 0.075
0 0.5341666666666667 0.22333333333333333 0.015 0.0575
0 0.5116666666666667 0.22916666666666666 0.014166666666666666 0.060833333333333336
0 0.525 0.255 0.014166666666666666 0.058333333333333334
0 0.5133333333333333 0.27666666666666667 0.014166666666666666 0.06
0 0.5383333333333333 0.29083333333333333 0.025833333333333333 0.08666666666666667
0 0.5191666666666667 0.31416666666666665 0.016666666666666666 0.0575
0 0.525 0.36 0.015833333333333335 0.06166666666666667
0 0.4625 0.37333333333333335 0.023333333333333334 0.06583333333333333
0 0.4483333333333333 0.375 0.02 0.060833333333333336
0 0.4925 0.38083333333333336 0.015 0.07166666666666667
0 0.5125 0.3875 0.015833333333333335 0.06666666666666667
0 0.5325 0.39416666666666667 0.013333333333333334 0.06416666666666666
0 0.48333333333333334 0.4008333333333333 0.015 0.08333333333333333
0 0.47583333333333333 0.40166666666666667 0.019166666666666665 0.08
0 0.5183333333333333 0.42333333333333334 0.016666666666666666 0.06416666666666666
0 0.45416666666666666 0.42583333333333334 0.021666666666666667 0.058333333333333334
0 0.46416666666666667 0.44666666666666666 0.0175 0.05