0 0.6041666666666666 0.5016666666666667 0.0725 0.08166666666666667
0 0.5141666666666667 0.5066666666666667 0.08083333333333333 0.0625
0 0.51 0.7358333333333333 0.07 0.08416666666666667
0 0.5833333333333334 0.8508333333333333 0.04416666666666667 0.13833333333333334
0 0.86 0.8691666666666666 0.05333333333333334 0.135
0 0.10583333333333333 0.9541666666666667 0.04 0.09083333333333334
0 0.16333333333333333 0.9733333333333334 0.09666666666666666 0.051666666666666666
0 0.2225 0.9858333333333333 0.07166666666666667 0.0275
0 0.765 0.28583333333333333 0.06916666666666667 0.09833333333333333
0 0.35833333333333334 0.30666666666666664 0.07083333333333333 0.1025
0 0.7033333333333334 0.36583333333333334 0.0575 0.12
0 0.5941666666666666 0.4025 0.07333333333333333 0.085
0 0.5383333333333333 0.4175 0.0425 0.12
0 0.7975 0.44333333333333336 0.08166666666666667 0.08416666666666667