0 0.41083333333333333 0.049166666666666664 0.018333333333333333 0.0875
0 0.5475 0.5591666666666667 0.025 0.08416666666666667
0 0.8641666666666666 0.5608333333333333 0.024166666666666666 0.06666666666666667
0 0.8808333333333334 0.5716666666666667 0.020833333333333332 0.0775
0 0.8616666666666667 0.6066666666666667 0.0225 0.075
0 0.3925 0.059166666666666666 0.013333333333333334 0.06
0 0.7933333333333333 0.68 0.029166666666666667 0.060833333333333336
0 0.7741666666666667 0.6825 0.025 0.07083333333333333
0 0.7466666666666667 0.6875 0.035 0.05416666666666667
0 0.8125 0.6908333333333333 0.025 0.065
0 0.7916666666666666 0.7166666666666667 0.0325 0.0575
0 0.7683333333333333 0.7241666666666666 0.0225 0.07166666666666667
0 0.7191666666666666 0.7316666666666667 0.0225 0.05583333333333333
0 0.7358333333333333 0.7558333333333334 0.025833333333333333 0.08666666666666667
0 0.79 0.7591666666666667 0.03666666666666667 0.03833333333333333
0 0.7341666666666666 0.79 0.03166666666666667 0.07083333333333333
0 0.39916666666666667 0.07666666666666666 0.015833333333333335 0.07666666666666666
0 0.7325 0.8325 0.028333333333333332 0.075
0 0.7491666666666666 0.865 0.02 0.07833333333333334
0 0.73 0.8841666666666667 0.03333333333333333 0.08916666666666667
0 0.7533333333333333 0.9283333333333333 0.0225 0.075
0 0.73 0.9308333333333333 0.035 0.08416666666666667
0 0.8366666666666667 0.935 0.04 0.065
0 0.7541666666666667 0.9733333333333334 0.020833333333333332 0.050833333333333335
0 0.48583333333333334 0.9666666666666667 0.0175 0.065
0 0.7358333333333333 0.9791666666666666 0.023333333333333334 0.04083333333333333
0 0.75 0.98 0.025 0.03833333333333333
0 0.475 0.9866666666666667 0.02666666666666667 0.025833333333333333
0 0.35 0.10916666666666666 0.023333333333333334 0.07166666666666667
0 0.38166666666666665 0.115 0.019166666666666665 0.060833333333333336
0 0.9383333333333334 0.11916666666666667 0.03333333333333333 0.0825
0 0.3975 0.13916666666666666 0.024166666666666666 0.05583333333333333
0 0.37666666666666665 0.175 0.0175 0.075
0 0.39 0.19333333333333333 0.0275 0.0775
0 0.36333333333333334 0.195 0.018333333333333333 0.075
0 0.2816666666666667 0.2025 0.016666666666666666 0.06916666666666667
0 0.3416666666666667 0.22166666666666668 0.025 0.06916666666666667
0 0.36583333333333334 0.24 0.03 0.0725
0 0.2675 0.245 0.025 0.08416666666666667
0 0.3441666666666667 0.25833333333333336 0.025833333333333333 0.06833333333333333
0 0.2808333333333333 0.2683333333333333 0.016666666666666666 0.09083333333333334
0 0.3416666666666667 0.295 0.03333333333333333 0.07583333333333334
0 0.32166666666666666 0.2991666666666667 0.015833333333333335 0.0675
0 0.25916666666666666 0.3 0.0175 0.08
0 0.2725 0.31083333333333335 0.021666666666666667 0.09333333333333334
0 0.30333333333333334 0.3233333333333333 0.023333333333333334 0.051666666666666666
0 0.325 0.3408333333333333 0.02 0.03333333333333333
0 0.28 0.3516666666666667 0.0225 0.06416666666666666
0 0.30583333333333335 0.35333333333333333 0.03333333333333333 0.04
0 0.30916666666666665 0.38416666666666666 0.04 0.06833333333333333
0 0.2775 0.3858333333333333 0.023333333333333334 0.05416666666666667
0 0.32916666666666666 0.03833333333333333 0.0275 0.07583333333333334
0 0.25833333333333336 0.40166666666666667 0.023333333333333334 0.07666666666666666
0 0.23833333333333334 0.4075 0.0225 0.05583333333333333
0 0.37333333333333335 0.4558333333333333 0.024166666666666666 0.07666666666666666
0 0.8691666666666666 0.4683333333333333 0.029166666666666667 0.075
0 0.45416666666666666 0.4775 0.025833333333333333 0.08666666666666667
0 0.44083333333333335 0.485 0.019166666666666665 0.05583333333333333
0 0.41833333333333333 0.49583333333333335 0.020833333333333332 0.05583333333333333
0 0.8616666666666667 0.5083333333333333 0.024166666666666666 0.065