0 0.19666666666666666 0.4625 0.0725 0.07666666666666666
0 0.25 0.36083333333333334 0.04583333333333333 0.13
0 0.5025 0.3441666666666667 0.05583333333333333 0.125
0 0.6975 0.30333333333333334 0.059166666666666666 0.11583333333333333
0 0.6225 0.16416666666666666 0.07416666666666667 0.0825
0 0.5383333333333333 0.030833333333333334 0.07416666666666667 0.060833333333333336
0 0.4325 0.8966666666666666 0.050833333333333335 0.11583333333333333
0 0.37666666666666665 0.7933333333333333 0.043333333333333335 0.12333333333333334
0 0.2708333333333333 0.7833333333333333 0.07083333333333333 0.09
0 0.20916666666666667 0.7633333333333333 0.059166666666666666 0.11833333333333333
0 0.4791666666666667 0.7216666666666667 0.060833333333333336 0.1
0 0.2783333333333333 0.6975 0.07166666666666667 0.08083333333333333
0 0.17916666666666667 0.6916666666666667 0.08416666666666667 0.06333333333333334