0 0.8516666666666667 0.47 0.025 0.056666666666666664
0 0.8325 0.49166666666666664 0.03333333333333333 0.07416666666666667
0 0.705 0.028333333333333332 0.03 0.056666666666666664
0 0.905 0.515 0.03333333333333333 0.05583333333333333
0 0.8258333333333333 0.5308333333333334 0.030833333333333334 0.0825
0 0.19583333333333333 0.5308333333333334 0.035 0.0775
0 0.8633333333333333 0.58 0.03666666666666667 0.08416666666666667
0 0.1125 0.64 0.04416666666666667 0.04
0 0.8275 0.6491666666666667 0.030833333333333334 0.06916666666666667
0 0.7991666666666667 0.67 0.0375 0.08
0 0.085 0.675 0.04583333333333333 0.0525
0 0.7666666666666667 0.6758333333333333 0.0325 0.04583333333333333
0 0.11666666666666667 0.6833333333333333 0.0425 0.035
0 0.15 0.6983333333333334 0.049166666666666664 0.028333333333333332
0 0.7683333333333333 0.7008333333333333 0.030833333333333334 0.0425
0 0.8008333333333333 0.7083333333333334 0.04 0.06416666666666666
0 0.12083333333333333 0.7116666666666667 0.045 0.030833333333333334
0 0.7616666666666667 0.7333333333333333 0.05333333333333334 0.0325
0 0.10416666666666667 0.7416666666666667 0.04 0.04583333333333333
0 0.125 0.745 0.03916666666666667 0.03833333333333333
0 0.79 0.7516666666666667 0.045 0.05416666666666667
0 0.06666666666666667 0.7775 0.016666666666666666 0.0475
0 0.0975 0.7808333333333334 0.025833333333333333 0.07166666666666667
0 0.08 0.7933333333333333 0.020833333333333332 0.08
0 0.10083333333333333 0.8125 0.024166666666666666 0.04666666666666667
0 0.1275 0.8341666666666666 0.030833333333333334 0.0525
0 0.10583333333333333 0.8408333333333333 0.035833333333333335 0.06583333333333333
0 0.22833333333333333 0.8541666666666666 0.028333333333333332 0.07166666666666667
0 0.12666666666666668 0.8575 0.034166666666666665 0.051666666666666666
0 0.08166666666666667 0.8608333333333333 0.020833333333333332 0.06583333333333333
0 0.10083333333333333 0.885 0.030833333333333334 0.059166666666666666
0 0.24333333333333335 0.8908333333333334 0.0375 0.0425
0 0.16083333333333333 0.8958333333333334 0.0325 0.06916666666666667
0 0.21833333333333332 0.8966666666666666 0.03916666666666667 0.049166666666666664
0 0.21 0.9075 0.0375 0.050833333333333335
0 0.1075 0.9083333333333333 0.0375 0.0625
0 0.21 0.93 0.0325 0.043333333333333335
0 0.0825 0.9358333333333333 0.028333333333333332 0.0775
0 0.24166666666666667 0.94 0.030833333333333334 0.05333333333333334
0 0.1075 0.9591666666666666 0.0275 0.08083333333333333
0 0.12666666666666668 0.9708333333333333 0.03333333333333333 0.0575
0 0.26166666666666666 0.9916666666666667 0.023333333333333334 0.015833333333333335
0 0.7508333333333334 0.14916666666666667 0.025 0.05583333333333333
0 0.7508333333333334 0.1825 0.03166666666666667 0.05583333333333333
0 0.7316666666666667 0.19416666666666665 0.0275 0.045
0 0.7725 0.19416666666666665 0.020833333333333332 0.08333333333333333
0 0.7583333333333333 0.23583333333333334 0.03333333333333333 0.07666666666666666
0 0.7483333333333333 0.2475 0.0225 0.035833333333333335
0 0.9575 0.25166666666666665 0.028333333333333332 0.08083333333333333
0 0.7791666666666667 0.25666666666666665 0.018333333333333333 0.08583333333333333
0 0.7016666666666667 0.010833333333333334 0.0225 0.020833333333333332
0 0.7066666666666667 0.2825 0.02666666666666667 0.07416666666666667
0 0.13416666666666666 0.2825 0.0225 0.0275
0 0.825 0.30083333333333334 0.028333333333333332 0.07166666666666667
0 0.15416666666666667 0.3075 0.03666666666666667 0.043333333333333335
0 0.1275 0.31833333333333336 0.0275 0.07166666666666667
0 0.15333333333333332 0.3308333333333333 0.03916666666666667 0.0375
0 0.7916666666666666 0.3383333333333333 0.023333333333333334 0.09583333333333334
0 0.2758333333333333 0.3416666666666667 0.04416666666666667 0.04833333333333333
0 0.15333333333333332 0.35833333333333334 0.04 0.056666666666666664
0 0.835 0.36333333333333334 0.015833333333333335 0.058333333333333334
0 0.125 0.36583333333333334 0.035833333333333335 0.0575
0 0.8216666666666667 0.36916666666666664 0.019166666666666665 0.0925
0 0.8083333333333333 0.38083333333333336 0.019166666666666665 0.08583333333333333
0 0.8533333333333334 0.3825 0.025833333333333333 0.07416666666666667
0 0.8683333333333333 0.38416666666666666 0.0275 0.07916666666666666
0 0.12333333333333334 0.4008333333333333 0.035833333333333335 0.0575
0 0.1425 0.4058333333333333 0.0375 0.04083333333333333
0 0.8316666666666667 0.41583333333333333 0.0225 0.08833333333333333
0 0.8491666666666666 0.43666666666666665 0.024166666666666666 0.04666666666666667
0 0.445 0.44583333333333336 0.03833333333333333 0.0675
0 0.8858333333333334 0.44666666666666666 0.03333333333333333 0.06916666666666667
0 0.8725 0.4583333333333333 0.023333333333333334 0.065