0 0.5408333333333334 0.48333333333333334 0.025833333333333333 0.051666666666666666
0 0.5633333333333334 0.48583333333333334 0.0325 0.03666666666666667
0 0.5975 0.49583333333333335 0.03333333333333333 0.035
0 0.57 0.5041666666666667 0.04 0.0275
0 0.5491666666666667 0.5158333333333334 0.03916666666666667 0.035
0 0.6175 0.5166666666666667 0.018333333333333333 0.07333333333333333
0 0.5883333333333334 0.5233333333333333 0.041666666666666664 0.034166666666666665
0 0.585 0.5616666666666666 0.041666666666666664 0.04666666666666667
0 0.5666666666666667 0.5683333333333334 0.03833333333333333 0.0375
0 0.6858333333333333 0.5741666666666667 0.0425 0.04
0 0.6041666666666666 0.5925 0.041666666666666664 0.0575
0 0.5783333333333334 0.5966666666666667 0.03666666666666667 0.03
0 0.68 0.5966666666666667 0.04666666666666667 0.035
0 0.505 0.6008333333333333 0.045 0.04416666666666667
0 0.72 0.6216666666666667 0.04583333333333333 0.058333333333333334
0 0.6041666666666666 0.6258333333333334 0.0525 0.0375
0 0.6441666666666667 0.6366666666666667 0.04833333333333333 0.0425
0 0.05583333333333333 0.6416666666666667 0.051666666666666666 0.0425
0 0.20916666666666667 0.6533333333333333 0.05583333333333333 0.0375
0 0.515 0.6541666666666667 0.045 0.04416666666666667
0 0.6525 0.6541666666666667 0.035833333333333335 0.025
0 0.59 0.6558333333333334 0.04416666666666667 0.03916666666666667
0 0.6716666666666666 0.6591666666666667 0.0325 0.025
0 0.065 0.6591666666666667 0.03833333333333333 0.028333333333333332
0 0.6475 0.6816666666666666 0.049166666666666664 0.03166666666666667
0 0.17166666666666666 0.6816666666666666 0.0475 0.0475
0 0.5691666666666667 0.6833333333333333 0.035833333333333335 0.05
0 0.505 0.685 0.0425 0.04083333333333333
0 0.6025 0.685 0.043333333333333335 0.034166666666666665
0 0.6291666666666667 0.7075 0.04416666666666667 0.035
0 0.14166666666666666 0.7183333333333334 0.0525 0.04416666666666667
0 0.5175 0.7191666666666666 0.055 0.03333333333333333
0 0.47833333333333333 0.7216666666666667 0.04666666666666667 0.051666666666666666
0 0.6108333333333333 0.7266666666666667 0.04 0.056666666666666664
0 0.575 0.7325 0.043333333333333335 0.035
0 0.495 0.7375 0.0425 0.03166666666666667
0 0.5091666666666667 0.7508333333333334 0.0475 0.04583333333333333
0 0.6516666666666666 0.7541666666666667 0.0425 0.06
0 0.535 0.7633333333333333 0.0475 0.04416666666666667
0 0.4866666666666667 0.8 0.03916666666666667 0.03833333333333333
0 0.5283333333333333 0.8141666666666667 0.0375 0.07083333333333333
0 0.48333333333333334 0.8275 0.043333333333333335 0.0325
0 0.565 0.07916666666666666 0.024166666666666666 0.034166666666666665
0 0.3441666666666667 0.9266666666666666 0.03666666666666667 0.06333333333333334
0 0.03333333333333333 0.9683333333333334 0.035 0.035833333333333335
0 0.5816666666666667 0.10916666666666666 0.030833333333333334 0.05333333333333334
0 0.605 0.11416666666666667 0.025833333333333333 0.04666666666666667
0 0.5716666666666667 0.12166666666666667 0.030833333333333334 0.04083333333333333
0 0.385 0.13916666666666666 0.04666666666666667 0.035
0 0.6458333333333334 0.14333333333333334 0.051666666666666666 0.03833333333333333
0 0.6225 0.1475 0.03916666666666667 0.035
0 0.5975 0.14833333333333334 0.023333333333333334 0.028333333333333332
0 0.5791666666666667 0.14916666666666667 0.035 0.04833333333333333
0 0.36583333333333334 0.155 0.0325 0.02666666666666667
0 0.43083333333333335 0.16166666666666665 0.050833333333333335 0.043333333333333335
0 0.5616666666666666 0.16416666666666666 0.041666666666666664 0.03666666666666667
0 0.6316666666666667 0.1675 0.020833333333333332 0.035
0 0.6158333333333333 0.1725 0.03833333333333333 0.034166666666666665
0 0.5816666666666667 0.19166666666666668 0.0425 0.04
0 0.6091666666666666 0.2 0.04583333333333333 0.041666666666666664
0 0.6308333333333334 0.21916666666666668 0.03916666666666667 0.04583333333333333
0 0.2 0.25416666666666665 0.04083333333333333 0.03166666666666667
0 0.22333333333333333 0.25916666666666666 0.0525 0.0525
0 0.5416666666666666 0.3875 0.0225 0.08083333333333333
0 0.5433333333333333 0.43333333333333335 0.025833333333333333 0.07
0 0.58 0.4425 0.02666666666666667 0.08083333333333333
0 0.5708333333333333 0.4483333333333333 0.0325 0.07666666666666666
0 0.5941666666666666 0.4483333333333333 0.018333333333333333 0.07083333333333333
0 0.565 0.45916666666666667 0.02666666666666667 0.049166666666666664