0 0.4841666666666667 0.48083333333333333 0.045 0.041666666666666664
0 0.46166666666666667 0.4825 0.0425 0.049166666666666664
0 0.44333333333333336 0.49 0.0375 0.03833333333333333
0 0.65 0.4925 0.0475 0.049166666666666664
0 0.45 0.5075 0.0375 0.041666666666666664
0 0.5016666666666667 0.5108333333333334 0.04666666666666667 0.03666666666666667
0 0.4791666666666667 0.515 0.0475 0.04666666666666667
0 0.8308333333333333 0.5158333333333334 0.03333333333333333 0.07916666666666666
0 0.4191666666666667 0.5158333333333334 0.04 0.0375
0 0.8 0.5208333333333334 0.0425 0.06166666666666667
0 0.6816666666666666 0.5258333333333334 0.0375 0.03666666666666667
0 0.4791666666666667 0.5316666666666666 0.03166666666666667 0.035
0 0.6608333333333334 0.535 0.045 0.06666666666666667
0 0.5108333333333334 0.5433333333333333 0.043333333333333335 0.035833333333333335
0 0.42583333333333334 0.5516666666666666 0.0475 0.0625
0 0.475 0.5566666666666666 0.0475 0.03
0 0.4125 0.5575 0.0375 0.049166666666666664
0 0.8083333333333333 0.5608333333333333 0.04416666666666667 0.06916666666666667
0 0.5375 0.5641666666666667 0.0475 0.0325
0 0.5041666666666667 0.5766666666666667 0.045 0.04
0 0.4658333333333333 0.5833333333333334 0.0525 0.03833333333333333
0 0.41083333333333333 0.5841666666666666 0.03666666666666667 0.0625
0 0.5691666666666667 0.5841666666666666 0.029166666666666667 0.0525
0 0.5425 0.5866666666666667 0.04416666666666667 0.035
0 0.4508333333333333 0.5941666666666666 0.04083333333333333 0.0575
0 0.8575 0.6025 0.034166666666666665 0.09
0 0.5083333333333333 0.6075 0.0475 0.050833333333333335
0 0.4875 0.6075 0.043333333333333335 0.03666666666666667
0 0.5475 0.61 0.0475 0.049166666666666664
0 0.43916666666666665 0.6125 0.029166666666666667 0.049166666666666664
0 0.5433333333333333 0.6308333333333334 0.0425 0.035833333333333335
0 0.42833333333333334 0.6316666666666667 0.035 0.055
0 0.4658333333333333 0.6325 0.0275 0.0475
0 0.495 0.6341666666666667 0.045 0.0475
0 0.5941666666666666 0.6425 0.05 0.03916666666666667
0 0.4575 0.6491666666666667 0.03916666666666667 0.056666666666666664
0 0.5358333333333334 0.65 0.043333333333333335 0.03833333333333333
0 0.8525 0.6508333333333334 0.029166666666666667 0.09416666666666666
0 0.5108333333333334 0.665 0.050833333333333335 0.03833333333333333
0 0.8708333333333333 0.6758333333333333 0.024166666666666666 0.07583333333333334
0 0.5258333333333334 0.6766666666666666 0.0425 0.029166666666666667
0 0.5625 0.6775 0.04583333333333333 0.03833333333333333
0 0.4866666666666667 0.6866666666666666 0.05 0.03833333333333333
0 0.8883333333333333 0.6966666666666667 0.035833333333333335 0.07333333333333333
0 0.5741666666666667 0.7 0.0475 0.043333333333333335
0 0.535 0.7008333333333333 0.05 0.03166666666666667
0 0.5075 0.7066666666666667 0.05 0.0325
0 0.5425 0.7241666666666666 0.04666666666666667 0.035
0 0.4875 0.7258333333333333 0.043333333333333335 0.04583333333333333
0 0.58 0.7275 0.043333333333333335 0.035833333333333335
0 0.5241666666666667 0.7333333333333333 0.043333333333333335 0.0425
0 0.6275 0.7441666666666666 0.0475 0.04083333333333333
0 0.5425 0.7641666666666667 0.04833333333333333 0.03833333333333333
0 0.5066666666666667 0.7658333333333334 0.0225 0.05583333333333333
0 0.5866666666666667 0.7666666666666667 0.051666666666666666 0.03916666666666667
0 0.5266666666666666 0.7775 0.03166666666666667 0.0775
0 0.48833333333333334 0.7841666666666667 0.028333333333333332 0.06833333333333333
0 0.615 0.7866666666666666 0.0425 0.0425
0 0.55 0.7866666666666666 0.0475 0.04083333333333333
0 0.8525 0.7875 0.02666666666666667 0.04583333333333333
0 0.5025 0.7916666666666666 0.0425 0.07333333333333333
0 0.5925 0.7975 0.049166666666666664 0.04
0 0.5583333333333333 0.81 0.04083333333333333 0.035833333333333335
0 0.49583333333333335 0.8183333333333334 0.035 0.065
0 0.5425 0.8208333333333333 0.04083333333333333 0.041666666666666664
0 0.5966666666666667 0.8208333333333333 0.045 0.03916666666666667
0 0.5325 0.8266666666666667 0.03666666666666667 0.058333333333333334
0 0.5816666666666667 0.8383333333333334 0.03916666666666667 0.041666666666666664
0 0.555 0.8591666666666666 0.04666666666666667 0.0375
0 0.5316666666666666 0.87 0.034166666666666665 0.0725
0 0.5183333333333333 0.8741666666666666 0.0225 0.06333333333333334
0 0.5683333333333334 0.8858333333333334 0.04416666666666667 0.035833333333333335
0 0.545 0.91 0.03666666666666667 0.045
0 0.52 0.9191666666666667 0.041666666666666664 0.05333333333333334
0 0.5858333333333333 0.9316666666666666 0.029166666666666667 0.07083333333333333
0 0.5575 0.945 0.035 0.05
0 0.5783333333333334 0.965 0.021666666666666667 0.06916666666666667
0 0.445 0.09833333333333333 0.025833333333333333 0.0925
0 0.44333333333333336 0.235 0.021666666666666667 0.08583333333333333
0 0.4475 0.27666666666666667 0.019166666666666665 0.07583333333333334
0 0.6033333333333334 0.31833333333333336 0.030833333333333334 0.075
0 0.5933333333333334 0.3333333333333333 0.019166666666666665 0.05333333333333334
0 0.45416666666666666 0.36916666666666664 0.021666666666666667 0.06666666666666667
0 0.6316666666666667 0.3875 0.0225 0.085
0 0.43333333333333335 0.39666666666666667 0.015 0.07
0 0.44583333333333336 0.4066666666666667 0.02 0.08666666666666667
0 0.6241666666666666 0.4216666666666667 0.02 0.08166666666666667
0 0.49083333333333334 0.43083333333333335 0.0425 0.0525
0 0.5983333333333334 0.43166666666666664 0.04 0.06
0 0.4716666666666667 0.44 0.03916666666666667 0.065
0 0.6475 0.44916666666666666 0.034166666666666665 0.059166666666666666
0 0.4141666666666667 0.4583333333333333 0.0425 0.0425
0 0.6191666666666666 0.46416666666666667 0.021666666666666667 0.07833333333333334