0 0.8375 0.5325 0.025833333333333333 0.04416666666666667
0 0.8791666666666667 0.5325 0.0175 0.06916666666666667
0 0.5641666666666667 0.5158333333333334 0.035 0.051666666666666666
0 0.5775 0.5158333333333334 0.03833333333333333 0.056666666666666664
0 0.8191666666666667 0.5133333333333333 0.035 0.04416666666666667
0 0.8583333333333333 0.5083333333333333 0.014166666666666666 0.050833333333333335
0 0.5541666666666667 0.5041666666666667 0.018333333333333333 0.030833333333333334
0 0.8491666666666666 0.49333333333333335 0.02666666666666667 0.05
0 0.8058333333333333 0.49 0.03 0.056666666666666664
0 0.87 0.48083333333333333 0.02 0.06666666666666667
0 0.8391666666666666 0.47 0.0375 0.035
0 0.5441666666666667 0.4666666666666667 0.03666666666666667 0.04666666666666667
0 0.5666666666666667 0.46166666666666667 0.030833333333333334 0.075
0 0.835 0.4425 0.035833333333333335 0.0275
0 0.8558333333333333 0.43583333333333335 0.03 0.04666666666666667
0 0.8833333333333333 0.435 0.02 0.07916666666666666
0 0.86 0.41 0.025833333333333333 0.0475
0 0.5925 0.405 0.03166666666666667 0.056666666666666664
0 0.8733333333333333 0.365 0.016666666666666666 0.07083333333333333
0 0.85 0.3591666666666667 0.03166666666666667 0.056666666666666664
0 0.8466666666666667 0.315 0.035833333333333335 0.05583333333333333
0 0.7558333333333334 0.31 0.03666666666666667 0.07833333333333334
0 0.2633333333333333 0.2475 0.025 0.04
0 0.19083333333333333 0.2425 0.03666666666666667 0.02666666666666667
0 0.06583333333333333 0.22333333333333333 0.0325 0.09583333333333334
0 0.185 0.2125 0.03166666666666667 0.05
0 0.1675 0.21 0.04666666666666667 0.058333333333333334
0 0.6108333333333333 0.205 0.035833333333333335 0.04083333333333333
0 0.011666666666666667 0.19833333333333333 0.023333333333333334 0.0775
0 0.5808333333333333 0.18916666666666668 0.03333333333333333 0.051666666666666666
0 0.2125 0.18833333333333332 0.035 0.08833333333333333
0 0.16 0.17916666666666667 0.03 0.04416666666666667
0 0.6041666666666666 0.17833333333333334 0.03666666666666667 0.051666666666666666
0 0.6291666666666667 0.17166666666666666 0.035833333333333335 0.0475
0 0.19333333333333333 0.16166666666666665 0.04 0.041666666666666664
0 0.18083333333333335 0.15 0.03666666666666667 0.025
0 0.6008333333333333 0.14666666666666667 0.05 0.04416666666666667
0 0.6366666666666667 0.145 0.0425 0.043333333333333335
0 0.19416666666666665 0.13166666666666665 0.035833333333333335 0.029166666666666667
0 0.1725 0.12333333333333334 0.03666666666666667 0.030833333333333334
0 0.006666666666666667 0.1225 0.013333333333333334 0.08833333333333333
0 0.058333333333333334 0.12 0.0475 0.07416666666666667
0 0.21833333333333332 0.10916666666666666 0.05583333333333333 0.0325
0 0.17166666666666666 0.10083333333333333 0.035 0.023333333333333334
0 0.1925 0.08416666666666667 0.029166666666666667 0.030833333333333334
0 0.03666666666666667 0.049166666666666664 0.034166666666666665 0.07333333333333333
0 0.005833333333333334 0.04833333333333333 0.010833333333333334 0.055
0 0.7808333333333334 0.028333333333333332 0.04083333333333333 0.055
0 0.8175 0.02666666666666667 0.04 0.0525
0 0.87 0.8658333333333333 0.0375 0.0525
0 0.8791666666666667 0.8283333333333334 0.02666666666666667 0.045
0 0.86 0.8125 0.023333333333333334 0.075
0 0.8825 0.7783333333333333 0.019166666666666665 0.060833333333333336
0 0.8666666666666667 0.7625 0.0225 0.051666666666666666
0 0.8483333333333334 0.76 0.019166666666666665 0.055
0 0.6508333333333334 0.735 0.02666666666666667 0.09416666666666666
0 0.8741666666666666 0.7308333333333333 0.0175 0.06416666666666666
0 0.17416666666666666 0.7158333333333333 0.04416666666666667 0.07083333333333333
0 0.8533333333333334 0.7008333333333333 0.0225 0.075
0 0.87 0.6808333333333333 0.016666666666666666 0.06333333333333334
0 0.20833333333333334 0.6625 0.05416666666666667 0.0525
0 0.8375 0.6275 0.016666666666666666 0.07083333333333333
0 0.8658333333333333 0.6258333333333334 0.018333333333333333 0.059166666666666666
0 0.1425 0.6016666666666667 0.041666666666666664 0.07833333333333334
0 0.8475 0.5966666666666667 0.020833333333333332 0.07166666666666667
0 0.8816666666666667 0.5925 0.0225 0.06333333333333334
0 0.8341666666666666 0.5783333333333334 0.021666666666666667 0.0675
0 0.845 0.5616666666666666 0.020833333333333332 0.06333333333333334
0 0.8116666666666666 0.5591666666666667 0.0275 0.0625
0 0.8625 0.5366666666666666 0.016666666666666666 0.06583333333333333