0 0.8358333333333333 0.5558333333333333 0.03333333333333333 0.08333333333333333
0 0.2833333333333333 0.9808333333333333 0.03333333333333333 0.035
0 0.375 0.9775 0.023333333333333334 0.041666666666666664
0 0.7583333333333333 0.4975 0.03 0.060833333333333336
0 0.8108333333333333 0.49583333333333335 0.025 0.075
0 0.7733333333333333 0.495 0.03 0.07
0 0.7158333333333333 0.48833333333333334 0.0225 0.0675
0 0.7375 0.47833333333333333 0.021666666666666667 0.07583333333333334
0 0.7441666666666666 0.4475 0.04 0.056666666666666664
0 0.7641666666666667 0.445 0.03333333333333333 0.035833333333333335
0 0.6983333333333334 0.43083333333333335 0.028333333333333332 0.06583333333333333
0 0.7191666666666666 0.42583333333333334 0.020833333333333332 0.0775
0 0.6966666666666667 0.39416666666666667 0.020833333333333332 0.07833333333333334
0 0.7116666666666667 0.36916666666666664 0.015833333333333335 0.07833333333333334
0 0.7041666666666667 0.32083333333333336 0.035 0.07333333333333333
0 0.7258333333333333 0.30916666666666665 0.020833333333333332 0.08666666666666667
0 0.3575 0.9725 0.020833333333333332 0.05416666666666667
0 0.7041666666666667 0.27166666666666667 0.03333333333333333 0.08166666666666667
0 0.7966666666666666 0.26916666666666667 0.04 0.0625
0 0.3825 0.9708333333333333 0.03166666666666667 0.055
0 0.4691666666666667 0.24083333333333334 0.0175 0.08333333333333333
0 0.7308333333333333 0.23666666666666666 0.0275 0.07833333333333334
0 0.7116666666666667 0.21666666666666667 0.025 0.06833333333333333
0 0.46166666666666667 0.21416666666666667 0.028333333333333332 0.07
0 0.7058333333333333 0.2125 0.019166666666666665 0.043333333333333335
0 0.7283333333333334 0.1925 0.013333333333333334 0.06416666666666666
0 0.44916666666666666 0.17666666666666667 0.0425 0.03916666666666667
0 0.3416666666666667 0.965 0.02 0.06166666666666667
0 0.7233333333333334 0.15333333333333332 0.019166666666666665 0.07916666666666666
0 0.4866666666666667 0.1525 0.034166666666666665 0.055
0 0.4475 0.13833333333333334 0.030833333333333334 0.059166666666666666
0 0.4675 0.13 0.019166666666666665 0.05416666666666667
0 0.48083333333333333 0.12666666666666668 0.025833333333333333 0.05583333333333333
0 0.5083333333333333 0.1025 0.0375 0.04583333333333333
0 0.4875 0.09166666666666666 0.025833333333333333 0.03916666666666667
0 0.4558333333333333 0.0875 0.0325 0.056666666666666664
0 0.4741666666666667 0.08 0.03333333333333333 0.051666666666666666
0 0.5133333333333333 0.07416666666666667 0.03916666666666667 0.043333333333333335
0 0.4683333333333333 0.049166666666666664 0.03 0.0425
0 0.4866666666666667 0.04833333333333333 0.03333333333333333 0.034166666666666665
0 0.5158333333333334 0.0475 0.03916666666666667 0.035
0 0.5233333333333333 0.024166666666666666 0.043333333333333335 0.035833333333333335
0 0.3591666666666667 0.9375 0.03 0.05416666666666667
0 0.2708333333333333 0.9358333333333333 0.015833333333333335 0.0625
0 0.3358333333333333 0.925 0.021666666666666667 0.06
0 0.28583333333333333 0.9075 0.015833333333333335 0.06666666666666667
0 0.24416666666666667 0.905 0.030833333333333334 0.0725
0 0.2575 0.895 0.021666666666666667 0.06166666666666667
0 0.31666666666666665 0.8883333333333333 0.019166666666666665 0.050833333333333335
0 0.33666666666666667 0.8875 0.035833333333333335 0.0625
0 0.30083333333333334 0.8708333333333333 0.021666666666666667 0.05583333333333333
0 0.2675 0.87 0.024166666666666666 0.07833333333333334
0 0.2791666666666667 0.8533333333333334 0.019166666666666665 0.04833333333333333
0 0.3225 0.8508333333333333 0.015833333333333335 0.025833333333333333
0 0.30416666666666664 0.8475 0.028333333333333332 0.043333333333333335
0 0.2775 0.8191666666666667 0.03 0.05416666666666667
0 0.305 0.815 0.03916666666666667 0.056666666666666664
0 0.25583333333333336 0.8041666666666667 0.025833333333333333 0.07
0 0.24166666666666667 0.8016666666666666 0.02666666666666667 0.051666666666666666
0 0.365 0.7416666666666667 0.0225 0.0725
0 0.4058333333333333 0.7233333333333334 0.0125 0.056666666666666664
0 0.44 0.7216666666666667 0.02666666666666667 0.08083333333333333
0 0.42833333333333334 0.71 0.016666666666666666 0.0475
0 0.8325 0.7 0.028333333333333332 0.07083333333333333
0 0.9016666666666666 0.9908333333333333 0.03666666666666667 0.015
0 0.8325 0.6391666666666667 0.029166666666666667 0.06
0 0.5316666666666666 0.6383333333333333 0.025 0.07916666666666666
0 0.8275 0.5958333333333333 0.021666666666666667 0.0675