0 0.8408333333333333 0.5116666666666667 0.02 0.06916666666666667
0 0.7666666666666667 0.95 0.024166666666666666 0.06
0 0.31083333333333335 0.17666666666666667 0.035 0.09083333333333334
0 0.2866666666666667 0.15583333333333332 0.04 0.06833333333333333
0 0.2525 0.14666666666666667 0.0325 0.08916666666666667
0 0.3025 0.12666666666666668 0.03833333333333333 0.049166666666666664
0 0.23916666666666667 0.11 0.021666666666666667 0.10333333333333333
0 0.09666666666666666 0.0925 0.0225 0.075
0 0.25916666666666666 0.09083333333333334 0.023333333333333334 0.08916666666666667
0 0.19416666666666665 0.08916666666666667 0.041666666666666664 0.051666666666666666
0 0.2891666666666667 0.08583333333333333 0.0425 0.060833333333333336
0 0.12833333333333333 0.0775 0.04416666666666667 0.055
0 0.10916666666666666 0.07083333333333333 0.030833333333333334 0.0775
0 0.17166666666666666 0.06166666666666667 0.04833333333333333 0.041666666666666664
0 0.1475 0.0475 0.03166666666666667 0.035833333333333335
0 0.2125 0.030833333333333334 0.04083333333333333 0.03916666666666667
0 0.1775 0.03 0.04416666666666667 0.0425
0 0.14 0.02666666666666667 0.0375 0.0425
0 0.09166666666666666 0.025833333333333333 0.020833333333333332 0.050833333333333335
0 0.115 0.02 0.034166666666666665 0.03833333333333333
0 0.19 0.009166666666666667 0.034166666666666665 0.0175
0 0.12166666666666667 0.01 0.02 0.016666666666666666
0 0.1425 0.010833333333333334 0.0325 0.020833333333333332
0 0.1675 0.006666666666666667 0.03166666666666667 0.0125
0 0.11916666666666667 0.005833333333333334 0.034166666666666665 0.010833333333333334
0 0.21916666666666668 0.005833333333333334 0.029166666666666667 0.010833333333333334
0 0.8008333333333333 0.9066666666666666 0.035 0.08166666666666667
0 0.7825 0.9016666666666666 0.020833333333333332 0.0775
0 0.785 0.9016666666666666 0.018333333333333333 0.06166666666666667
0 0.7608333333333334 0.9008333333333334 0.023333333333333334 0.09333333333333334
0 0.8241666666666667 0.8825 0.025833333333333333 0.056666666666666664
0 0.7783333333333333 0.8625 0.016666666666666666 0.07333333333333333
0 0.77 0.8441666666666666 0.020833333333333332 0.07333333333333333
0 0.8141666666666667 0.84 0.018333333333333333 0.051666666666666666
0 0.7925 0.8308333333333333 0.029166666666666667 0.0575
0 0.8283333333333334 0.8208333333333333 0.016666666666666666 0.056666666666666664
0 0.755 0.9866666666666667 0.02666666666666667 0.023333333333333334
0 0.7683333333333333 0.8066666666666666 0.034166666666666665 0.06916666666666667
0 0.7908333333333334 0.7941666666666667 0.03166666666666667 0.06333333333333334
0 0.7566666666666667 0.775 0.03833333333333333 0.04833333333333333
0 0.8216666666666667 0.7725 0.0275 0.08166666666666667
0 0.7758333333333334 0.9833333333333333 0.021666666666666667 0.03
0 0.81 0.7591666666666667 0.0225 0.060833333333333336
0 0.8375 0.7541666666666667 0.02 0.07
0 0.7625 0.7366666666666667 0.041666666666666664 0.06583333333333333
0 0.7975 0.7291666666666666 0.025 0.05
0 0.835 0.7125 0.0275 0.045
0 0.7941666666666667 0.71 0.02 0.034166666666666665
0 0.8566666666666667 0.7008333333333333 0.025833333333333333 0.0475
0 0.8133333333333334 0.6991666666666667 0.0225 0.035833333333333335
0 0.8316666666666667 0.6908333333333333 0.0275 0.0425
0 0.7908333333333334 0.6875 0.025833333333333333 0.06833333333333333
0 0.815 0.6691666666666667 0.0225 0.045
0 0.855 0.6691666666666667 0.023333333333333334 0.055
0 0.8108333333333333 0.6516666666666666 0.0225 0.065
0 0.8341666666666666 0.65 0.025 0.06
0 0.7916666666666666 0.6475 0.03166666666666667 0.055
0 0.8533333333333334 0.6408333333333334 0.020833333333333332 0.06333333333333334
0 0.8325 0.6125 0.021666666666666667 0.0525
0 0.8641666666666666 0.6066666666666667 0.035 0.06583333333333333
0 0.8241666666666667 0.5983333333333334 0.020833333333333332 0.06
0 0.8525 0.5833333333333334 0.019166666666666665 0.055
0 0.84 0.5625 0.0175 0.04833333333333333
0 0.8258333333333333 0.5383333333333333 0.0225 0.06833333333333333