0 0.03166666666666667 0.4975 0.0625 0.08
0 0.5141666666666667 0.5175 0.051666666666666666 0.13583333333333333
0 0.17833333333333334 0.61 0.0525 0.13083333333333333
0 0.19333333333333333 0.7066666666666667 0.06666666666666667 0.12833333333333333
0 0.13583333333333333 0.7966666666666666 0.06666666666666667 0.11166666666666666
0 0.3925 0.8008333333333333 0.043333333333333335 0.13583333333333333
0 0.6375 0.84 0.06666666666666667 0.08416666666666667
0 0.7208333333333333 0.9 0.04583333333333333 0.13833333333333334
0 0.6941666666666667 0.10083333333333333 0.0525 0.15333333333333332
0 0.7408333333333333 0.1225 0.050833333333333335 0.14916666666666667
0 0.06666666666666667 0.30666666666666664 0.060833333333333336 0.11083333333333334
0 0.73 0.3358333333333333 0.059166666666666666 0.12666666666666668
0 0.014166666666666666 0.3375 0.028333333333333332 0.08666666666666667
0 0.05333333333333334 0.40166666666666667 0.08333333333333333 0.08666666666666667
0 0.005833333333333334 0.4083333333333333 0.010833333333333334 0.065
0 0.4725 0.4508333333333333 0.043333333333333335 0.12833333333333333