0 0.5666666666666667 0.525 0.04 0.03916666666666667
0 0.5783333333333334 0.4716666666666667 0.021666666666666667 0.07083333333333333
0 0.51 0.023333333333333334 0.018333333333333333 0.04583333333333333
0 0.25916666666666666 0.7458333333333333 0.025833333333333333 0.06416666666666666
0 0.2866666666666667 0.7308333333333333 0.03833333333333333 0.0475
0 0.5283333333333333 0.7191666666666666 0.019166666666666665 0.07833333333333334
0 0.5116666666666667 0.7075 0.025 0.0375
0 0.3283333333333333 0.7066666666666667 0.0425 0.0375
0 0.27 0.7025 0.0375 0.043333333333333335
0 0.3075 0.695 0.03666666666666667 0.034166666666666665
0 0.5383333333333333 0.6933333333333334 0.02 0.06166666666666667
0 0.575 0.6708333333333333 0.019166666666666665 0.07166666666666667
0 0.56 0.6691666666666667 0.02 0.07583333333333334
0 0.4725 0.6675 0.04083333333333333 0.056666666666666664
0 0.32083333333333336 0.6658333333333334 0.03666666666666667 0.03166666666666667
0 0.515 0.6616666666666666 0.0425 0.045
0 0.5366666666666666 0.66 0.03333333333333333 0.0775
0 0.5075 0.6341666666666667 0.0325 0.058333333333333334
0 0.43583333333333335 0.6283333333333333 0.04583333333333333 0.065
0 0.48333333333333334 0.6283333333333333 0.0425 0.04583333333333333
0 0.5491666666666667 0.6108333333333333 0.0225 0.075
0 0.5283333333333333 0.605 0.030833333333333334 0.06
0 0.5558333333333333 0.6 0.023333333333333334 0.075