0 0.57 0.5358333333333334 0.0375 0.03666666666666667
0 0.5333333333333333 0.5141666666666667 0.0325 0.03333333333333333
0 0.5666666666666667 0.5025 0.0325 0.04666666666666667
0 0.5433333333333333 0.5008333333333334 0.041666666666666664 0.04833333333333333
0 0.5541666666666667 0.475 0.030833333333333334 0.035833333333333335
0 0.5641666666666667 0.46166666666666667 0.03333333333333333 0.043333333333333335
0 0.5233333333333333 0.455 0.03666666666666667 0.03916666666666667
0 0.5566666666666666 0.4325 0.0325 0.050833333333333335
0 0.5075 0.42083333333333334 0.04833333333333333 0.04
0 0.5291666666666667 0.41583333333333333 0.028333333333333332 0.041666666666666664
0 0.4975 0.3875 0.035 0.029166666666666667
0 0.5175 0.3875 0.0325 0.035833333333333335
0 0.48333333333333334 0.3616666666666667 0.03916666666666667 0.03833333333333333
0 0.5083333333333333 0.36 0.04416666666666667 0.03333333333333333
0 0.4483333333333333 0.35333333333333333 0.03916666666666667 0.029166666666666667
0 0.4716666666666667 0.3466666666666667 0.04083333333333333 0.0325
0 0.43916666666666665 0.33 0.035 0.03333333333333333
0 0.5025 0.32916666666666666 0.03333333333333333 0.041666666666666664
0 0.4658333333333333 0.32416666666666666 0.0425 0.03333333333333333
0 0.49083333333333334 0.30333333333333334 0.03833333333333333 0.03666666666666667
0 0.53 0.7383333333333333 0.035 0.03833333333333333
0 0.5083333333333333 0.7383333333333333 0.0375 0.03666666666666667
0 0.485 0.7216666666666667 0.03333333333333333 0.021666666666666667
0 0.57 0.7166666666666667 0.02 0.0725
0 0.5391666666666667 0.7125 0.024166666666666666 0.03
0 0.505 0.705 0.03166666666666667 0.030833333333333334
0 0.47833333333333333 0.7033333333333334 0.04083333333333333 0.034166666666666665
0 0.57 0.6941666666666667 0.015 0.049166666666666664
0 0.5908333333333333 0.6941666666666667 0.010833333333333334 0.051666666666666666
0 0.5316666666666666 0.6875 0.03 0.02666666666666667
0 0.555 0.6841666666666667 0.029166666666666667 0.0575
0 0.4975 0.6691666666666667 0.030833333333333334 0.0425
0 0.5175 0.6616666666666666 0.035 0.04666666666666667
0 0.4766666666666667 0.6616666666666666 0.02666666666666667 0.029166666666666667
0 0.5316666666666666 0.66 0.025 0.04
0 0.5841666666666666 0.66 0.015833333333333335 0.07166666666666667
0 0.5525 0.65 0.0275 0.03666666666666667
0 0.5683333333333334 0.6475 0.02 0.06833333333333333
0 0.5008333333333334 0.6433333333333333 0.025 0.03666666666666667
0 0.4841666666666667 0.6358333333333334 0.030833333333333334 0.03166666666666667
0 0.465 0.6358333333333334 0.021666666666666667 0.02666666666666667
0 0.5266666666666666 0.6308333333333334 0.030833333333333334 0.034166666666666665
0 0.4791666666666667 0.6183333333333333 0.029166666666666667 0.0275
0 0.5433333333333333 0.6175 0.030833333333333334 0.0325
0 0.515 0.6141666666666666 0.02666666666666667 0.035833333333333335
0 0.5091666666666667 0.6091666666666666 0.034166666666666665 0.03916666666666667
0 0.5625 0.6083333333333333 0.03 0.05416666666666667
0 0.5116666666666667 0.6058333333333333 0.025833333333333333 0.035833333333333335
0 0.4875 0.5941666666666666 0.03166666666666667 0.029166666666666667
0 0.53 0.59 0.03 0.0275
0 0.5 0.5808333333333333 0.0325 0.03166666666666667
0 0.5258333333333334 0.5708333333333333 0.03916666666666667 0.04833333333333333
0 0.5391666666666667 0.5583333333333333 0.03916666666666667 0.0425
0 0.5583333333333333 0.5483333333333333 0.035833333333333335 0.030833333333333334