0 0.7141666666666666 0.5316666666666666 0.04 0.04833333333333333
0 0.6908333333333333 0.4483333333333333 0.024166666666666666 0.0825
0 0.6541666666666667 0.3983333333333333 0.020833333333333332 0.059166666666666666
0 0.20833333333333334 0.9766666666666667 0.05 0.043333333333333335
0 0.6425 0.375 0.025833333333333333 0.095
0 0.6733333333333333 0.3725 0.020833333333333332 0.06916666666666667
0 0.7216666666666667 0.35333333333333333 0.0475 0.065
0 0.6583333333333333 0.34 0.016666666666666666 0.09
0 0.6375 0.3333333333333333 0.030833333333333334 0.08666666666666667
0 0.67 0.32166666666666666 0.020833333333333332 0.07916666666666666
0 0.6833333333333333 0.32083333333333336 0.025833333333333333 0.08916666666666667
0 0.1775 0.97 0.035 0.056666666666666664
0 0.6291666666666667 0.2941666666666667 0.02666666666666667 0.07916666666666666
0 0.14666666666666667 0.9775 0.04083333333333333 0.04416666666666667
0 0.6541666666666667 0.27 0.023333333333333334 0.07833333333333334
0 0.6491666666666667 0.24583333333333332 0.019166666666666665 0.0625
0 0.6066666666666667 0.245 0.021666666666666667 0.06333333333333334
0 0.6225 0.24416666666666667 0.0175 0.08666666666666667
0 0.6391666666666667 0.2225 0.021666666666666667 0.0725
0 0.6191666666666666 0.2 0.03916666666666667 0.04833333333333333
0 0.44916666666666666 0.19 0.03166666666666667 0.0475
0 0.4725 0.18416666666666667 0.035833333333333335 0.04083333333333333
0 0.4866666666666667 0.15333333333333332 0.04666666666666667 0.0325
0 0.47583333333333333 0.1175 0.03833333333333333 0.041666666666666664
0 0.5308333333333334 0.09666666666666666 0.0475 0.0375
0 0.5683333333333334 0.09 0.049166666666666664 0.041666666666666664
0 0.6291666666666667 0.08833333333333333 0.049166666666666664 0.059166666666666666
0 0.5041666666666667 0.0825 0.0475 0.05
0 0.4866666666666667 0.07333333333333333 0.035 0.05583333333333333
0 0.5416666666666666 0.07166666666666667 0.03666666666666667 0.0375
0 0.5625 0.05583333333333333 0.04833333333333333 0.04
0 0.5175 0.050833333333333335 0.0425 0.03333333333333333
0 0.5833333333333334 0.04416666666666667 0.041666666666666664 0.04666666666666667
0 0.13083333333333333 0.9566666666666667 0.024166666666666666 0.07916666666666666
0 0.6091666666666666 0.035833333333333335 0.03916666666666667 0.04416666666666667
0 0.6233333333333333 0.014166666666666666 0.03916666666666667 0.02666666666666667
0 0.15416666666666667 0.9333333333333333 0.021666666666666667 0.09583333333333334
0 0.1225 0.9258333333333333 0.019166666666666665 0.07666666666666666
0 0.2725 0.8975 0.024166666666666666 0.08333333333333333
0 0.13416666666666666 0.8783333333333333 0.025 0.08833333333333333
0 0.3475 0.8516666666666667 0.0225 0.041666666666666664
0 0.33916666666666667 0.81 0.035833333333333335 0.07083333333333333
0 0.3516666666666667 0.8041666666666667 0.025833333333333333 0.049166666666666664
0 0.8 0.6816666666666666 0.0175 0.055
0 0.7925 0.6583333333333333 0.021666666666666667 0.09416666666666666
0 0.4875 0.6308333333333334 0.023333333333333334 0.08416666666666667
0 0.8033333333333333 0.63 0.028333333333333332 0.08333333333333333
0 0.7808333333333334 0.6108333333333333 0.02666666666666667 0.06583333333333333
0 0.7616666666666667 0.5725 0.024166666666666666 0.0725
0 0.7166666666666667 0.5558333333333333 0.03916666666666667 0.04833333333333333
0 0.7758333333333334 0.5516666666666666 0.025 0.08916666666666667
0 0.7525 0.5425 0.030833333333333334 0.07833333333333334