0 0.23583333333333334 0.47333333333333333 0.035833333333333335 0.045
0 0.4825 0.48333333333333334 0.045 0.034166666666666665
0 0.69 0.4841666666666667 0.049166666666666664 0.05583333333333333
0 0.715 0.485 0.02666666666666667 0.06416666666666666
0 0.23666666666666666 0.5058333333333334 0.025833333333333333 0.059166666666666666
0 0.6225 0.5141666666666667 0.03 0.07916666666666666
0 0.2733333333333333 0.52 0.04416666666666667 0.0525
0 0.25833333333333336 0.5258333333333334 0.03 0.04833333333333333
0 0.6783333333333333 0.5275 0.03 0.0425
0 0.6908333333333333 0.5316666666666666 0.028333333333333332 0.051666666666666666
0 0.7108333333333333 0.5325 0.019166666666666665 0.058333333333333334
0 0.7225 0.5616666666666666 0.016666666666666666 0.08666666666666667
0 0.6941666666666667 0.5641666666666667 0.019166666666666665 0.06416666666666666
0 0.29333333333333333 0.5641666666666667 0.04083333333333333 0.0525
0 0.665 0.5675 0.0225 0.0475
0 0.5825 0.5875 0.018333333333333333 0.085
0 0.6833333333333333 0.5891666666666666 0.014166666666666666 0.06333333333333334
0 0.7008333333333333 0.5908333333333333 0.015 0.06166666666666667
0 0.7116666666666667 0.5933333333333334 0.015833333333333335 0.08166666666666667
0 0.6675 0.5958333333333333 0.0225 0.07583333333333334
0 0.6916666666666667 0.6233333333333333 0.016666666666666666 0.06
0 0.7391666666666666 0.625 0.016666666666666666 0.07666666666666666
0 0.5725 0.6258333333333334 0.018333333333333333 0.08333333333333333
0 0.72 0.6358333333333334 0.0175 0.07
0 0.7016666666666667 0.64 0.0175 0.058333333333333334
0 0.285 0.65 0.043333333333333335 0.06166666666666667
0 0.23083333333333333 0.66 0.0225 0.08666666666666667
0 0.7258333333333333 0.6666666666666666 0.02 0.07083333333333333
0 0.6875 0.6716666666666666 0.02666666666666667 0.08
0 0.7091666666666666 0.6741666666666667 0.02 0.07166666666666667
0 0.5808333333333333 0.6766666666666666 0.018333333333333333 0.0825
0 0.49916666666666665 0.6883333333333334 0.03 0.06916666666666667
0 0.7316666666666667 0.7375 0.0175 0.08333333333333333
0 0.7091666666666666 0.7791666666666667 0.02666666666666667 0.0775
0 0.735 0.8075 0.016666666666666666 0.075
0 0.7108333333333333 0.8191666666666667 0.030833333333333334 0.0625
0 0.7216666666666667 0.855 0.016666666666666666 0.0725
0 0.7058333333333333 0.8808333333333334 0.023333333333333334 0.06416666666666666
0 0.24416666666666667 0.8858333333333334 0.025 0.085
0 0.2683333333333333 0.915 0.025 0.0725
0 0.7158333333333333 0.9166666666666666 0.019166666666666665 0.06666666666666667
0 0.2941666666666667 0.9325 0.043333333333333335 0.075
0 0.3433333333333333 0.95 0.041666666666666664 0.045
0 0.29 0.9516666666666667 0.028333333333333332 0.043333333333333335
0 0.2708333333333333 0.9625 0.024166666666666666 0.07333333333333333
0 0.2991666666666667 0.985 0.03833333333333333 0.029166666666666667
0 0.1825 0.185 0.015833333333333335 0.0625
0 0.245 0.19666666666666666 0.025833333333333333 0.045
0 0.13916666666666666 0.0175 0.02666666666666667 0.035
0 0.22583333333333333 0.23583333333333334 0.02666666666666667 0.05333333333333334
0 0.2733333333333333 0.24 0.034166666666666665 0.06583333333333333
0 0.21 0.245 0.015 0.06
0 0.19833333333333333 0.265 0.030833333333333334 0.06583333333333333
0 0.30833333333333335 0.27 0.04416666666666667 0.03666666666666667
0 0.2275 0.275 0.020833333333333332 0.059166666666666666
0 0.7433333333333333 0.27666666666666667 0.024166666666666666 0.0675
0 0.4033333333333333 0.28 0.03833333333333333 0.025
0 0.38333333333333336 0.2941666666666667 0.04083333333333333 0.0375
0 0.24333333333333335 0.30083333333333334 0.023333333333333334 0.07416666666666667
0 0.7583333333333333 0.305 0.0225 0.058333333333333334
0 0.415 0.3075 0.03333333333333333 0.05583333333333333
0 0.7258333333333333 0.3075 0.02 0.08333333333333333
0 0.2275 0.31666666666666665 0.025 0.056666666666666664
0 0.7566666666666667 0.33666666666666667 0.028333333333333332 0.06416666666666666
0 0.2708333333333333 0.345 0.028333333333333332 0.050833333333333335
0 0.745 0.35 0.018333333333333333 0.07166666666666667
0 0.10083333333333333 0.3516666666666667 0.04416666666666667 0.07166666666666667
0 0.25333333333333335 0.3566666666666667 0.03166666666666667 0.04833333333333333
0 0.4033333333333333 0.3591666666666667 0.03 0.06583333333333333
0 0.23166666666666666 0.36 0.0225 0.06166666666666667
0 0.29583333333333334 0.3616666666666667 0.041666666666666664 0.06333333333333334
0 0.7225 0.365 0.034166666666666665 0.07583333333333334
0 0.44166666666666665 0.375 0.04083333333333333 0.0525
0 0.6708333333333333 0.38083333333333336 0.03 0.03666666666666667
0 0.7341666666666666 0.39416666666666667 0.018333333333333333 0.07333333333333333
0 0.11333333333333333 0.395 0.024166666666666666 0.049166666666666664
0 0.2775 0.3958333333333333 0.0425 0.03666666666666667
0 0.31416666666666665 0.4066666666666667 0.035 0.0325
0 0.42 0.4083333333333333 0.03833333333333333 0.04083333333333333
0 0.21916666666666668 0.42083333333333334 0.030833333333333334 0.030833333333333334
0 0.7141666666666666 0.4266666666666667 0.028333333333333332 0.075
0 0.335 0.43166666666666664 0.04083333333333333 0.035
0 0.23666666666666666 0.4475 0.035 0.03666666666666667
0 0.465 0.4483333333333333 0.04416666666666667 0.0525
0 0.21416666666666667 0.4583333333333333 0.015833333333333335 0.06166666666666667