0 0.34833333333333333 0.4841666666666667 0.0475 0.11166666666666666
0 0.32083333333333336 0.5925 0.06666666666666667 0.06416666666666666
0 0.3075 0.675 0.06166666666666667 0.07416666666666667
0 0.8125 0.6858333333333333 0.04416666666666667 0.12916666666666668
0 0.315 0.7416666666666667 0.05416666666666667 0.09083333333333334
0 0.19833333333333333 0.7525 0.06333333333333334 0.09916666666666667
0 0.3308333333333333 0.8583333333333333 0.055 0.10166666666666667
0 0.0275 0.8658333333333333 0.055 0.12833333333333333
0 0.9125 0.245 0.059166666666666666 0.07416666666666667
0 0.7133333333333334 0.33 0.041666666666666664 0.11333333333333333
0 0.5616666666666666 0.35583333333333333 0.03916666666666667 0.10916666666666666
0 0.6641666666666667 0.3825 0.04666666666666667 0.09666666666666666
0 0.8458333333333333 0.445 0.03833333333333333 0.10916666666666666