0 0.8583333333333333 0.43333333333333335 0.0625 0.12416666666666666
0 0.16666666666666666 0.5908333333333333 0.0775 0.09833333333333333
0 0.5683333333333334 0.6316666666666667 0.06583333333333333 0.14583333333333334
0 0.205 0.7158333333333333 0.04833333333333333 0.16666666666666666
0 0.7383333333333333 0.7166666666666667 0.07833333333333334 0.1125
0 0.24583333333333332 0.7208333333333333 0.06 0.14333333333333334
0 0.40166666666666667 0.7725 0.059166666666666666 0.13333333333333333
0 0.5566666666666666 0.775 0.06 0.15
0 0.2275 0.85 0.04 0.14
0 0.35 0.8766666666666667 0.09 0.0825
0 0.19333333333333333 0.9408333333333333 0.06916666666666667 0.11166666666666666
0 0.7933333333333333 0.945 0.0675 0.10833333333333334
0 0.5258333333333334 0.08583333333333333 0.07333333333333333 0.14
0 0.8441666666666666 0.09083333333333334 0.06166666666666667 0.14333333333333334
0 0.7283333333333334 0.09833333333333333 0.0475 0.145
0 0.09083333333333334 0.12666666666666668 0.10083333333333333 0.07666666666666666
0 0.7791666666666667 0.12833333333333333 0.06583333333333333 0.13333333333333333
0 0.020833333333333332 0.23166666666666666 0.04083333333333333 0.10416666666666667
0 0.2633333333333333 0.38166666666666665 0.059166666666666666 0.12666666666666668