0 0.8658333333333333 0.45666666666666667 0.028333333333333332 0.08583333333333333
0 0.8866666666666667 0.4633333333333333 0.0225 0.08083333333333333
0 0.4925 0.4708333333333333 0.0225 0.085
0 0.8116666666666666 0.5266666666666666 0.049166666666666664 0.058333333333333334
0 0.9941666666666666 0.5858333333333333 0.010833333333333334 0.05
0 0.35 0.5975 0.023333333333333334 0.08666666666666667
0 0.3408333333333333 0.6483333333333333 0.019166666666666665 0.0925
0 0.32 0.665 0.03166666666666667 0.06666666666666667
0 0.3725 0.6658333333333334 0.0325 0.0325
0 0.305 0.6783333333333333 0.0275 0.0575
0 0.32083333333333336 0.7125 0.02 0.07083333333333333
0 0.26916666666666667 0.7183333333333334 0.04583333333333333 0.041666666666666664
0 0.30583333333333335 0.7291666666666666 0.034166666666666665 0.07416666666666667
0 0.255 0.7358333333333333 0.04083333333333333 0.055
0 0.2941666666666667 0.755 0.0275 0.049166666666666664
0 0.2658333333333333 0.7583333333333333 0.0425 0.04833333333333333
0 0.2891666666666667 0.7916666666666666 0.025 0.07416666666666667
0 0.26666666666666666 0.8041666666666667 0.035 0.06
0 0.52 0.013333333333333334 0.025 0.025833333333333333
0 0.5758333333333333 0.3408333333333333 0.04666666666666667 0.04833333333333333
0 0.6175 0.35833333333333334 0.04083333333333333 0.055
0 0.5925 0.38666666666666666 0.03166666666666667 0.06416666666666666
0 0.5733333333333334 0.38916666666666666 0.03916666666666667 0.07333333333333333
0 0.6108333333333333 0.39166666666666666 0.03666666666666667 0.0625
0 0.6275 0.39666666666666667 0.04083333333333333 0.06416666666666666
0 0.9025 0.4191666666666667 0.029166666666666667 0.08166666666666667
0 0.8708333333333333 0.42083333333333334 0.0375 0.07166666666666667
0 0.5958333333333333 0.4508333333333333 0.029166666666666667 0.07333333333333333