0 0.5525 0.4675 0.0175 0.06583333333333333
0 0.5191666666666667 0.475 0.015833333333333335 0.08166666666666667
0 0.5708333333333333 0.49333333333333335 0.02 0.07916666666666666
0 0.5433333333333333 0.5016666666666667 0.015833333333333335 0.07833333333333334
0 0.7358333333333333 0.5175 0.04833333333333333 0.03916666666666667
0 0.7641666666666667 0.5216666666666666 0.04083333333333333 0.043333333333333335
0 0.5191666666666667 0.5225 0.025 0.0675
0 0.7883333333333333 0.5241666666666667 0.03333333333333333 0.0525
0 0.63 0.5316666666666666 0.049166666666666664 0.03916666666666667
0 0.7475 0.5483333333333333 0.0375 0.04
0 0.36833333333333335 0.6108333333333333 0.025 0.0575
0 0.27416666666666667 0.6175 0.0175 0.0825
0 0.24916666666666668 0.6191666666666666 0.04083333333333333 0.0325
0 0.25333333333333335 0.6533333333333333 0.019166666666666665 0.06416666666666666
0 0.23416666666666666 0.6591666666666667 0.015833333333333335 0.0675
0 0.2708333333333333 0.6725 0.02666666666666667 0.06833333333333333
0 0.20416666666666666 0.68 0.043333333333333335 0.04666666666666667
0 0.21583333333333332 0.68 0.025 0.05
0 0.24666666666666667 0.6966666666666667 0.0175 0.0675
0 0.205 0.7016666666666667 0.0425 0.056666666666666664
0 0.2625 0.7241666666666666 0.02 0.06583333333333333
0 0.23166666666666666 0.7241666666666666 0.023333333333333334 0.07083333333333333
0 0.8483333333333334 0.7425 0.04416666666666667 0.049166666666666664
0 0.20416666666666666 0.7508333333333334 0.023333333333333334 0.07833333333333334
0 0.22 0.7575 0.016666666666666666 0.05583333333333333
0 0.7975 0.7716666666666666 0.041666666666666664 0.043333333333333335
0 0.21 0.7983333333333333 0.029166666666666667 0.07166666666666667
0 0.5141666666666667 0.16916666666666666 0.035 0.04833333333333333
0 0.495 0.17166666666666666 0.0325 0.035833333333333335
0 0.4741666666666667 0.1875 0.03 0.0775
0 0.505 0.205 0.035833333333333335 0.04416666666666667
0 0.4625 0.22166666666666668 0.019166666666666665 0.07583333333333334
0 0.5125 0.24666666666666667 0.043333333333333335 0.035
0 0.4625 0.2683333333333333 0.018333333333333333 0.0725
0 0.5558333333333333 0.43 0.0225 0.07416666666666667
0 0.5341666666666667 0.455 0.016666666666666666 0.07583333333333334