0 0.4691666666666667 0.49083333333333334 0.0525 0.02666666666666667
0 0.4766666666666667 0.0225 0.015833333333333335 0.045
0 0.4675 0.5483333333333333 0.0275 0.08333333333333333
0 0.45166666666666666 0.02666666666666667 0.02 0.05333333333333334
0 0.4483333333333333 0.03833333333333333 0.0225 0.07666666666666666
0 0.4691666666666667 0.051666666666666666 0.015 0.06416666666666666
0 0.44 0.06333333333333334 0.021666666666666667 0.06166666666666667
0 0.44 0.10166666666666667 0.03 0.05333333333333334
0 0.43333333333333335 0.125 0.03166666666666667 0.0525
0 0.4225 0.13083333333333333 0.030833333333333334 0.05583333333333333
0 0.4125 0.13333333333333333 0.025 0.041666666666666664
0 0.38916666666666666 0.13666666666666666 0.0325 0.03666666666666667
0 0.4575 0.14166666666666666 0.0225 0.04
0 0.49083333333333334 0.14666666666666667 0.03 0.0825
0 0.9758333333333333 0.15 0.045 0.05
0 0.4325 0.16666666666666666 0.0175 0.05583333333333333
0 0.4191666666666667 0.1725 0.018333333333333333 0.058333333333333334
0 0.4483333333333333 0.1775 0.018333333333333333 0.05333333333333334
0 0.465 0.17833333333333334 0.029166666666666667 0.059166666666666666
0 0.9758333333333333 0.1825 0.045 0.058333333333333334
0 0.985 0.20333333333333334 0.02666666666666667 0.06
0 0.44416666666666665 0.20666666666666667 0.014166666666666666 0.065
0 0.5641666666666667 0.21666666666666667 0.03833333333333333 0.07166666666666667
0 0.45916666666666667 0.22583333333333333 0.014166666666666666 0.06416666666666666
0 0.4791666666666667 0.2375 0.023333333333333334 0.05583333333333333
0 0.4191666666666667 0.25166666666666665 0.034166666666666665 0.06916666666666667
0 0.4716666666666667 0.27416666666666667 0.02 0.08166666666666667
0 0.4891666666666667 0.2775 0.029166666666666667 0.04083333333333333
0 0.46 0.28583333333333333 0.015 0.07583333333333334
0 0.46 0.0125 0.015833333333333335 0.024166666666666666
0 0.5658333333333333 0.3125 0.04833333333333333 0.07166666666666667
0 0.9925 0.3175 0.011666666666666667 0.04833333333333333
0 0.48333333333333334 0.3591666666666667 0.0225 0.0725