0 0.6633333333333333 0.5583333333333333 0.015833333333333335 0.0325
0 0.47833333333333333 0.57 0.016666666666666666 0.015833333333333335
0 0.49083333333333334 0.5716666666666667 0.0175 0.023333333333333334
0 0.465 0.575 0.02 0.02
0 0.46166666666666667 0.5808333333333333 0.025833333333333333 0.019166666666666665
0 0.48 0.5841666666666666 0.021666666666666667 0.02
0 0.45166666666666666 0.5883333333333334 0.023333333333333334 0.0175
0 0.49833333333333335 0.5883333333333334 0.023333333333333334 0.03
0 0.5216666666666666 0.5925 0.020833333333333332 0.03166666666666667
0 0.4866666666666667 0.5941666666666666 0.021666666666666667 0.025833333333333333
0 0.43416666666666665 0.6008333333333333 0.021666666666666667 0.05583333333333333
0 0.6516666666666666 0.6025 0.018333333333333333 0.025833333333333333
0 0.5183333333333333 0.6033333333333334 0.0225 0.035833333333333335
0 0.5991666666666666 0.6083333333333333 0.024166666666666666 0.043333333333333335
0 0.47 0.61 0.018333333333333333 0.051666666666666666
0 0.445 0.61 0.028333333333333332 0.04
0 0.485 0.6125 0.018333333333333333 0.04
0 0.57 0.6125 0.02 0.02666666666666667
0 0.49916666666666665 0.6166666666666667 0.023333333333333334 0.03666666666666667
0 0.44583333333333336 0.6191666666666666 0.02666666666666667 0.0375
0 0.43416666666666665 0.62 0.023333333333333334 0.04666666666666667
0 0.61 0.6266666666666667 0.021666666666666667 0.025
0 0.5733333333333334 0.6316666666666667 0.023333333333333334 0.0275
0 0.63 0.6341666666666667 0.021666666666666667 0.023333333333333334
0 0.6208333333333333 0.6383333333333333 0.0175 0.03833333333333333
0 0.6525 0.6425 0.03 0.0425
0 0.5708333333333333 0.6525 0.0175 0.043333333333333335
0 0.6025 0.6541666666666667 0.015833333333333335 0.03916666666666667
0 0.5808333333333333 0.6541666666666667 0.018333333333333333 0.04583333333333333
0 0.19583333333333333 0.8791666666666667 0.03166666666666667 0.05583333333333333
0 0.07083333333333333 0.9875 0.019166666666666665 0.024166666666666666
0 0.0125 0.25166666666666665 0.009166666666666667 0.0275
0 0.006666666666666667 0.25666666666666665 0.0125 0.029166666666666667
0 0.023333333333333334 0.25666666666666665 0.014166666666666666 0.0275
0 0.043333333333333335 0.2758333333333333 0.018333333333333333 0.0175
0 0.0475 0.2791666666666667 0.015 0.015833333333333335
0 0.0275 0.2816666666666667 0.013333333333333334 0.021666666666666667
0 0.0175 0.29083333333333333 0.016666666666666666 0.020833333333333332
0 0.0033333333333333335 0.35083333333333333 0.005833333333333334 0.025
0 0.6066666666666667 0.3616666666666667 0.023333333333333334 0.03
0 0.6083333333333333 0.36666666666666664 0.0225 0.025
0 0.6241666666666666 0.36833333333333335 0.014166666666666666 0.0175
0 0.6283333333333333 0.37833333333333335 0.024166666666666666 0.018333333333333333