0 0.5925 0.56 0.025 0.06333333333333334
0 0.58 0.5533333333333333 0.025833333333333333 0.05583333333333333
0 0.5491666666666667 0.5433333333333333 0.019166666666666665 0.08916666666666667
0 0.575 0.525 0.02666666666666667 0.085
0 0.61 0.52 0.02 0.08166666666666667
0 0.5675 0.5125 0.024166666666666666 0.07416666666666667
0 0.5991666666666666 0.49833333333333335 0.0275 0.0775
0 0.6283333333333333 0.49 0.03 0.0725
0 0.565 0.48083333333333333 0.023333333333333334 0.07
0 0.5916666666666667 0.4741666666666667 0.018333333333333333 0.07916666666666666
0 0.5525 0.43916666666666665 0.0275 0.08416666666666667
0 0.6058333333333333 0.42916666666666664 0.018333333333333333 0.09416666666666666
0 0.535 0.425 0.018333333333333333 0.08166666666666667
0 0.5725 0.41833333333333333 0.025 0.09416666666666666
0 0.5491666666666667 0.41333333333333333 0.018333333333333333 0.095
0 0.5858333333333333 0.4083333333333333 0.03333333333333333 0.08166666666666667
0 0.5366666666666666 0.38 0.034166666666666665 0.07083333333333333
0 0.5583333333333333 0.37333333333333335 0.015 0.065
0 0.5708333333333333 0.3675 0.016666666666666666 0.07416666666666667
0 0.5916666666666667 0.36 0.024166666666666666 0.05583333333333333
0 0.5483333333333333 0.3325 0.0375 0.065
0 0.5875 0.33 0.025 0.09083333333333334
0 0.57 0.3175 0.0275 0.06583333333333333
0 0.56 0.285 0.05 0.065
0 0.6083333333333333 0.2833333333333333 0.0275 0.10333333333333333
0 0.6641666666666667 0.22166666666666668 0.034166666666666665 0.08916666666666667
0 0.6175 0.195 0.02 0.0925
0 0.5583333333333333 0.8675 0.025833333333333333 0.08416666666666667
0 0.5358333333333334 0.84 0.018333333333333333 0.09083333333333334
0 0.525 0.7825 0.019166666666666665 0.06666666666666667
0 0.55 0.7316666666666667 0.015833333333333335 0.09333333333333334
0 0.5366666666666666 0.7233333333333334 0.020833333333333332 0.1025
0 0.5691666666666667 0.6566666666666666 0.02 0.07583333333333334
0 0.5358333333333334 0.6541666666666667 0.024166666666666666 0.08583333333333333
0 0.5975 0.6466666666666666 0.014166666666666666 0.0675
0 0.6083333333333333 0.6466666666666666 0.018333333333333333 0.08
0 0.585 0.6266666666666667 0.014166666666666666 0.0875
0 0.5566666666666666 0.6191666666666666 0.02 0.08416666666666667
0 0.575 0.6175 0.0175 0.08166666666666667
0 0.6 0.5908333333333333 0.021666666666666667 0.058333333333333334
0 0.5625 0.5841666666666666 0.0175 0.08416666666666667
0 0.6133333333333333 0.5825 0.028333333333333332 0.0775