0 0.83 0.51 0.035833333333333335 0.0625
0 0.7341666666666666 0.5283333333333333 0.035833333333333335 0.0725
0 0.21333333333333335 0.5933333333333334 0.0325 0.0525
0 0.14333333333333334 0.6175 0.030833333333333334 0.051666666666666666
0 0.010833333333333334 0.6308333333333334 0.020833333333333332 0.08833333333333333
0 0.58 0.635 0.041666666666666664 0.03916666666666667
0 0.11666666666666667 0.6375 0.05416666666666667 0.0625
0 0.12833333333333333 0.6391666666666667 0.05583333333333333 0.06583333333333333
0 0.5491666666666667 0.65 0.0325 0.05
0 0.5766666666666667 0.6591666666666667 0.04083333333333333 0.04833333333333333
0 0.10666666666666667 0.67 0.035833333333333335 0.045
0 0.6083333333333333 0.6716666666666666 0.0425 0.04833333333333333
0 0.13833333333333334 0.6891666666666667 0.03916666666666667 0.05416666666666667
0 0.165 0.69 0.025 0.07916666666666666
0 0.5683333333333334 0.6916666666666667 0.04666666666666667 0.04666666666666667
0 0.12833333333333333 0.6991666666666667 0.04083333333333333 0.0275
0 0.6225 0.715 0.04583333333333333 0.0425
0 0.13916666666666666 0.7191666666666666 0.041666666666666664 0.030833333333333334
0 0.12166666666666667 0.7283333333333334 0.04416666666666667 0.0375
0 0.16416666666666666 0.7366666666666667 0.056666666666666664 0.041666666666666664
0 0.0075 0.7383333333333333 0.014166666666666666 0.06833333333333333
0 0.13083333333333333 0.7533333333333333 0.045 0.024166666666666666
0 0.13916666666666666 0.775 0.03333333333333333 0.02666666666666667
0 0.7966666666666666 0.82 0.03833333333333333 0.049166666666666664
0 0.7591666666666667 0.8225 0.04 0.0525
0 0.8275 0.04666666666666667 0.02666666666666667 0.0625
0 0.7775 0.8625 0.035833333333333335 0.049166666666666664
0 0.8508333333333333 0.050833333333333335 0.04 0.0475
0 0.7766666666666666 0.8883333333333333 0.03166666666666667 0.0325
0 0.8866666666666667 0.056666666666666664 0.03666666666666667 0.095
0 0.7833333333333333 0.9675 0.03 0.06166666666666667
0 0.6208333333333333 0.07583333333333334 0.0225 0.0925
0 0.855 0.08333333333333333 0.02666666666666667 0.065
0 0.9733333333333334 0.09916666666666667 0.050833333333333335 0.07333333333333333
0 0.8325 0.115 0.025 0.07
0 0.13583333333333333 0.12083333333333333 0.050833333333333335 0.050833333333333335
0 0.8458333333333333 0.135 0.024166666666666666 0.065
0 0.15333333333333332 0.15583333333333332 0.05 0.04833333333333333
0 0.8383333333333334 0.17 0.020833333333333332 0.059166666666666666
0 0.8141666666666667 0.18916666666666668 0.02 0.07916666666666666
0 0.8591666666666666 0.2 0.02666666666666667 0.07166666666666667
0 0.8291666666666667 0.22583333333333333 0.020833333333333332 0.07666666666666666
0 0.085 0.2325 0.0375 0.07083333333333333
0 0.8566666666666667 0.23333333333333334 0.034166666666666665 0.08833333333333333
0 0.8441666666666666 0.23833333333333334 0.02 0.06833333333333333
0 0.8233333333333334 0.26416666666666666 0.035833333333333335 0.055
0 0.5433333333333333 0.2708333333333333 0.045 0.0375
0 0.8 0.27166666666666667 0.035833333333333335 0.04833333333333333
0 0.8441666666666666 0.2775 0.025833333333333333 0.06333333333333334
0 0.5408333333333334 0.2941666666666667 0.024166666666666666 0.0425
0 0.55 0.3 0.03916666666666667 0.06166666666666667
0 0.8325 0.3016666666666667 0.03666666666666667 0.035833333333333335
0 0.8591666666666666 0.30916666666666665 0.019166666666666665 0.04666666666666667
0 0.8108333333333333 0.31083333333333335 0.04666666666666667 0.04833333333333333
0 0.7916666666666666 0.3283333333333333 0.0375 0.04083333333333333
0 0.8491666666666666 0.33166666666666667 0.03833333333333333 0.0425
0 0.8175 0.33416666666666667 0.021666666666666667 0.021666666666666667
0 0.525 0.3441666666666667 0.028333333333333332 0.06166666666666667
0 0.8416666666666667 0.3491666666666667 0.0425 0.049166666666666664
0 0.8916666666666667 0.0125 0.04833333333333333 0.024166666666666666
0 0.8225 0.3541666666666667 0.03666666666666667 0.035
0 0.5375 0.3616666666666667 0.029166666666666667 0.0725
0 0.8125 0.38416666666666666 0.04 0.03
0 0.835 0.3883333333333333 0.03 0.051666666666666666
0 0.8633333333333333 0.3958333333333333 0.023333333333333334 0.08583333333333333
0 0.8425 0.41 0.03 0.07
0 0.5816666666666667 0.4216666666666667 0.04 0.04083333333333333
0 0.855 0.44583333333333336 0.025 0.07
0 0.8316666666666667 0.4625 0.03333333333333333 0.065