0 0.5933333333333334 0.4533333333333333 0.0575 0.0625
0 0.5958333333333333 0.5141666666666667 0.055 0.058333333333333334
0 0.5458333333333333 0.565 0.05416666666666667 0.06583333333333333
0 0.525 0.6066666666666667 0.05333333333333334 0.0575
0 0.5175 0.6891666666666667 0.05416666666666667 0.06833333333333333
0 0.5216666666666666 0.7591666666666667 0.04583333333333333 0.08
0 0.5725 0.86 0.059166666666666666 0.0675
0 0.5383333333333333 0.03833333333333333 0.06416666666666666 0.07166666666666667
0 0.22333333333333333 0.07833333333333334 0.060833333333333336 0.07
0 0.5475 0.14833333333333334 0.056666666666666664 0.0775
0 0.5841666666666666 0.3 0.055 0.06416666666666666
0 0.5283333333333333 0.0125 0.035833333333333335 0.025
0 0.5625 0.3575 0.0575 0.060833333333333336