0 0.6016666666666667 0.5341666666666667 0.015833333333333335 0.06666666666666667
0 0.6133333333333333 0.5083333333333333 0.020833333333333332 0.08583333333333333
0 0.6258333333333334 0.5008333333333334 0.014166666666666666 0.07583333333333334
0 0.585 0.019166666666666665 0.049166666666666664 0.0375
0 0.8858333333333334 0.7733333333333333 0.04833333333333333 0.03916666666666667
0 0.6633333333333333 0.7441666666666666 0.021666666666666667 0.028333333333333332
0 0.6883333333333334 0.735 0.0325 0.0325
0 0.7125 0.7291666666666666 0.028333333333333332 0.0325
0 0.6575 0.7158333333333333 0.0325 0.03
0 0.6875 0.7041666666666667 0.023333333333333334 0.025833333333333333
0 0.6383333333333333 0.7025 0.016666666666666666 0.06416666666666666
0 0.7166666666666667 0.7016666666666667 0.04666666666666667 0.03
0 0.7391666666666666 0.6983333333333334 0.034166666666666665 0.08083333333333333
0 0.66 0.6958333333333333 0.0375 0.03666666666666667
0 0.6216666666666667 0.6766666666666666 0.014166666666666666 0.055
0 0.6933333333333334 0.675 0.04666666666666667 0.0375
0 0.6075 0.6608333333333334 0.018333333333333333 0.07
0 0.645 0.6533333333333333 0.0325 0.029166666666666667
0 0.6325 0.6316666666666667 0.035 0.041666666666666664
0 0.6708333333333333 0.6183333333333333 0.0325 0.0725
0 0.6441666666666667 0.5975 0.029166666666666667 0.07
0 0.6133333333333333 0.5825 0.03833333333333333 0.0325