0 0.4325 0.4725 0.025 0.08
0 0.44583333333333336 0.49833333333333335 0.020833333333333332 0.0675
0 0.46166666666666667 0.5 0.0375 0.07416666666666667
0 0.41333333333333333 0.5258333333333334 0.020833333333333332 0.08333333333333333
0 0.445 0.5308333333333334 0.02666666666666667 0.07333333333333333
0 0.38166666666666665 0.5383333333333333 0.0475 0.03916666666666667
0 0.2375 0.5483333333333333 0.051666666666666666 0.04083333333333333
0 0.4666666666666667 0.55 0.02666666666666667 0.06333333333333334
0 0.3283333333333333 0.5566666666666666 0.05 0.03833333333333333
0 0.28833333333333333 0.5716666666666667 0.045 0.05
0 0.3283333333333333 0.5808333333333333 0.0475 0.04583333333333333
0 0.6208333333333333 0.6025 0.0275 0.06833333333333333
0 0.7166666666666667 0.6158333333333333 0.021666666666666667 0.08333333333333333
0 0.745 0.6225 0.04083333333333333 0.05583333333333333
0 0.7366666666666667 0.6575 0.02 0.060833333333333336
0 0.7841666666666667 0.66 0.041666666666666664 0.055
0 0.7166666666666667 0.6658333333333334 0.029166666666666667 0.08416666666666667
0 0.76 0.6733333333333333 0.024166666666666666 0.06583333333333333
0 0.7366666666666667 0.675 0.025 0.07416666666666667
0 0.78 0.6791666666666667 0.035 0.06583333333333333
0 0.7475 0.6933333333333334 0.02 0.08833333333333333
0 0.7716666666666666 0.7308333333333333 0.019166666666666665 0.06833333333333333
0 0.7908333333333334 0.7358333333333333 0.025 0.08083333333333333
0 0.7575 0.7383333333333333 0.021666666666666667 0.08916666666666667
0 0.7841666666666667 0.7725 0.030833333333333334 0.09083333333333334
0 0.14916666666666667 0.7808333333333334 0.045 0.04
0 0.19083333333333333 0.7933333333333333 0.034166666666666665 0.056666666666666664
0 0.5008333333333334 0.20583333333333334 0.023333333333333334 0.0775
0 0.5183333333333333 0.23583333333333334 0.024166666666666666 0.06666666666666667
0 0.5175 0.27416666666666667 0.021666666666666667 0.07166666666666667
0 0.395 0.27666666666666667 0.043333333333333335 0.043333333333333335
0 0.38333333333333336 0.3025 0.04416666666666667 0.0425
0 0.37666666666666665 0.3333333333333333 0.04583333333333333 0.04583333333333333
0 0.37583333333333335 0.3641666666666667 0.034166666666666665 0.0725
0 0.42083333333333334 0.46166666666666667 0.0275 0.07833333333333334