0 0.13333333333333333 0.4841666666666667 0.08333333333333333 0.11583333333333333
0 0.09666666666666666 0.4791666666666667 0.04666666666666667 0.135
0 0.9725 0.47333333333333333 0.051666666666666666 0.10333333333333333
0 0.16083333333333333 0.43666666666666665 0.06833333333333333 0.12
0 0.4025 0.37166666666666665 0.07916666666666666 0.0675
0 0.735 0.9608333333333333 0.07666666666666666 0.075
0 0.5808333333333333 0.23583333333333334 0.0575 0.12
0 0.5666666666666667 0.1575 0.07166666666666667 0.07
0 0.6308333333333334 0.9425 0.0675 0.0925
0 0.5425 0.085 0.075 0.085
0 0.475 0.06833333333333333 0.07416666666666667 0.08083333333333333
0 0.7625 0.0675 0.05416666666666667 0.13333333333333333
0 0.9025 0.8808333333333334 0.07333333333333333 0.09166666666666666
0 0.49416666666666664 0.8241666666666667 0.058333333333333334 0.1225
0 0.13333333333333333 0.9875 0.03666666666666667 0.021666666666666667
0 0.08583333333333333 0.7166666666666667 0.07583333333333334 0.08916666666666667
0 0.8641666666666666 0.705 0.07583333333333334 0.0775
0 0.9658333333333333 0.9783333333333334 0.06833333333333333 0.04
0 0.060833333333333336 0.6458333333333334 0.08916666666666667 0.06333333333333334
0 0.8316666666666667 0.63 0.07416666666666667 0.06833333333333333
0 0.1275 0.6233333333333333 0.085 0.0725
0 0.11416666666666667 0.5691666666666667 0.08 0.059166666666666666