0 0.415 0.53 0.0425 0.06583333333333333
0 0.4083333333333333 0.5258333333333334 0.025833333333333333 0.0675
0 0.39166666666666666 0.5233333333333333 0.029166666666666667 0.07666666666666666
0 0.38916666666666666 0.42833333333333334 0.024166666666666666 0.08666666666666667
0 0.9383333333333334 0.8066666666666666 0.05333333333333334 0.043333333333333335
0 0.4683333333333333 0.75 0.05333333333333334 0.03833333333333333
0 0.8116666666666666 0.7491666666666666 0.03833333333333333 0.08083333333333333
0 0.5141666666666667 0.7466666666666667 0.0475 0.04583333333333333
0 0.5708333333333333 0.7183333333333334 0.045 0.07333333333333333
0 0.41333333333333333 0.7133333333333334 0.04083333333333333 0.07333333333333333
0 0.8416666666666667 0.7116666666666667 0.05 0.06916666666666667
0 0.435 0.7033333333333334 0.035 0.085
0 0.665 0.6783333333333333 0.049166666666666664 0.043333333333333335
0 0.45416666666666666 0.6733333333333333 0.034166666666666665 0.085
0 0.7233333333333334 0.6691666666666667 0.0475 0.045
0 0.4175 0.6691666666666667 0.02 0.11416666666666667
0 0.6325 0.6625 0.0525 0.04583333333333333
0 0.475 0.6616666666666666 0.034166666666666665 0.10583333333333333
0 0.4008333333333333 0.6475 0.0225 0.08833333333333333
0 0.5066666666666667 0.6433333333333333 0.035833333333333335 0.065
0 0.6525 0.6233333333333333 0.04583333333333333 0.03666666666666667
0 0.43833333333333335 0.6216666666666667 0.025 0.1
0 0.405 0.5825 0.028333333333333332 0.07916666666666666