0 0.4741666666666667 0.15 0.034166666666666665 0.05
0 0.265 0.12583333333333332 0.03166666666666667 0.04416666666666667
0 0.2891666666666667 0.10583333333333333 0.04 0.04666666666666667
0 0.3175 0.0925 0.04416666666666667 0.043333333333333335
0 0.25583333333333336 0.09166666666666666 0.034166666666666665 0.04583333333333333
0 0.27416666666666667 0.06833333333333333 0.034166666666666665 0.035
0 0.3 0.06666666666666667 0.03833333333333333 0.030833333333333334
0 0.245 0.056666666666666664 0.034166666666666665 0.03833333333333333
0 0.285 0.04583333333333333 0.04 0.034166666666666665
0 0.25333333333333335 0.041666666666666664 0.035 0.035833333333333335
0 0.22583333333333333 0.041666666666666664 0.02666666666666667 0.07583333333333334
0 0.255 0.0225 0.03166666666666667 0.0425
0 0.22833333333333333 0.018333333333333333 0.03333333333333333 0.03333333333333333
0 0.25333333333333335 0.01 0.035833333333333335 0.018333333333333333