0 0.41833333333333333 0.4375 0.056666666666666664 0.060833333333333336
0 0.38416666666666666 0.5358333333333334 0.058333333333333334 0.0675
0 0.415 0.5958333333333333 0.05416666666666667 0.0575
0 0.4191666666666667 0.6391666666666667 0.058333333333333334 0.056666666666666664
0 0.4275 0.6975 0.07166666666666667 0.06
0 0.43833333333333335 0.7641666666666667 0.05333333333333334 0.075
0 0.43166666666666664 0.825 0.05333333333333334 0.0725
0 0.37916666666666665 0.9483333333333334 0.058333333333333334 0.06583333333333333
0 0.61 0.0375 0.0525 0.075
0 0.4241666666666667 0.07416666666666667 0.04 0.10333333333333333
0 0.49666666666666665 0.07916666666666666 0.0525 0.095
0 0.4775 0.13416666666666666 0.060833333333333336 0.0675
0 0.7366666666666667 0.16083333333333333 0.06583333333333333 0.075
0 0.44 0.205 0.059166666666666666 0.0675
0 0.4116666666666667 0.38 0.05416666666666667 0.07