0 0.13833333333333334 0.4925 0.024166666666666666 0.09166666666666666
0 0.6475 0.5016666666666667 0.05 0.04416666666666667
0 0.12583333333333332 0.5475 0.024166666666666666 0.08083333333333333
0 0.15666666666666668 0.5733333333333334 0.04 0.050833333333333335
0 0.09916666666666667 0.5766666666666667 0.0375 0.056666666666666664
0 0.07666666666666666 0.59 0.03333333333333333 0.045
0 0.835 0.5975 0.04583333333333333 0.0475
0 0.04416666666666667 0.61 0.04666666666666667 0.045
0 0.8583333333333333 0.6141666666666666 0.041666666666666664 0.058333333333333334
0 0.09833333333333333 0.63 0.030833333333333334 0.06916666666666667
0 0.0325 0.6333333333333333 0.0475 0.055
0 0.08083333333333333 0.635 0.03333333333333333 0.07166666666666667
0 0.07583333333333334 0.6533333333333333 0.035833333333333335 0.058333333333333334
0 0.04416666666666667 0.6566666666666666 0.04083333333333333 0.05
0 0.7933333333333333 0.6566666666666666 0.028333333333333332 0.09
0 0.03666666666666667 0.6966666666666667 0.035833333333333335 0.07083333333333333
0 0.06333333333333334 0.6983333333333334 0.025833333333333333 0.08166666666666667
0 0.7683333333333333 0.7133333333333334 0.034166666666666665 0.0625
0 0.4166666666666667 0.25 0.02666666666666667 0.07916666666666666
0 0.38 0.265 0.0475 0.0525
0 0.3358333333333333 0.285 0.03833333333333333 0.04083333333333333
0 0.41833333333333333 0.29833333333333334 0.030833333333333334 0.07166666666666667
0 0.3775 0.31166666666666665 0.034166666666666665 0.07666666666666666
0 0.39666666666666667 0.31333333333333335 0.02666666666666667 0.07
0 0.4116666666666667 0.32083333333333336 0.03166666666666667 0.07833333333333334
0 0.72 0.38083333333333336 0.034166666666666665 0.0775
0 0.40166666666666667 0.38666666666666666 0.025833333333333333 0.075
0 0.6908333333333333 0.4008333333333333 0.0275 0.07583333333333334
0 0.71 0.4166666666666667 0.02666666666666667 0.0875
0 0.6825 0.43583333333333335 0.02666666666666667 0.08083333333333333