0 0.57 0.5783333333333334 0.03833333333333333 0.03333333333333333
0 0.54 0.5825 0.04 0.034166666666666665
0 0.6091666666666666 0.6066666666666667 0.04083333333333333 0.0525
0 0.585 0.6066666666666667 0.0375 0.028333333333333332
0 0.55 0.6083333333333333 0.0425 0.030833333333333334
0 0.5183333333333333 0.6091666666666666 0.035833333333333335 0.041666666666666664
0 0.2675 0.6108333333333333 0.03 0.0725
0 0.4891666666666667 0.6116666666666667 0.04083333333333333 0.04833333333333333
0 0.5625 0.6291666666666667 0.03333333333333333 0.03
0 0.535 0.6375 0.04083333333333333 0.03333333333333333
0 0.585 0.6408333333333334 0.045 0.041666666666666664
0 0.38416666666666666 0.6558333333333334 0.02666666666666667 0.07
0 0.6075 0.6591666666666667 0.0325 0.030833333333333334
0 0.6283333333333333 0.6616666666666666 0.030833333333333334 0.056666666666666664
0 0.2833333333333333 0.6716666666666666 0.018333333333333333 0.075
0 0.5641666666666667 0.6725 0.035 0.035833333333333335
0 0.5925 0.6791666666666667 0.03333333333333333 0.030833333333333334
0 0.6258333333333334 0.6883333333333334 0.04 0.03833333333333333
0 0.3016666666666667 0.7091666666666666 0.024166666666666666 0.07916666666666666
0 0.6116666666666667 0.7125 0.03916666666666667 0.04583333333333333
0 0.6333333333333333 0.715 0.025833333333333333 0.04666666666666667
0 0.17083333333333334 0.015 0.019166666666666665 0.029166666666666667
0 0.15333333333333332 0.06833333333333333 0.023333333333333334 0.07666666666666666
0 0.1575 0.1525 0.028333333333333332 0.07666666666666666
0 0.18 0.22416666666666665 0.023333333333333334 0.06583333333333333
0 0.22333333333333333 0.4025 0.021666666666666667 0.08916666666666667