0 0.285 0.5483333333333333 0.07333333333333333 0.115
0 0.7108333333333333 0.675 0.0725 0.0825
0 0.7483333333333333 0.7533333333333333 0.08333333333333333 0.08833333333333333
0 0.6683333333333333 0.7625 0.085 0.07583333333333334
0 0.6916666666666667 0.8291666666666667 0.08583333333333333 0.07583333333333334
0 0.6641666666666667 0.9158333333333334 0.07833333333333334 0.1275
0 0.7041666666666667 0.9183333333333333 0.055 0.13333333333333333
0 0.6325 0.9516666666666667 0.07833333333333334 0.09333333333333334
0 0.275 0.1025 0.0775 0.10666666666666667
0 0.32 0.15416666666666667 0.07833333333333334 0.08
0 0.16333333333333333 0.165 0.08916666666666667 0.09333333333333334
0 0.32416666666666666 0.21916666666666668 0.07833333333333334 0.08416666666666667
0 0.66 0.31333333333333335 0.051666666666666666 0.13333333333333333
0 0.2683333333333333 0.38333333333333336 0.07666666666666666 0.09166666666666666
0 0.035833333333333335 0.40166666666666667 0.07083333333333333 0.1125
0 0.23083333333333333 0.0425 0.08333333333333333 0.08416666666666667