0 0.495 0.5216666666666666 0.023333333333333334 0.08416666666666667
0 0.5308333333333334 0.5158333333333334 0.0225 0.06666666666666667
0 0.5191666666666667 0.505 0.020833333333333332 0.07083333333333333
0 0.7916666666666666 0.48083333333333333 0.029166666666666667 0.07083333333333333
0 0.55 0.47833333333333333 0.020833333333333332 0.095
0 0.5133333333333333 0.4683333333333333 0.0175 0.075
0 0.7691666666666667 0.4633333333333333 0.0325 0.06666666666666667
0 0.7991666666666667 0.4525 0.025 0.06333333333333334
0 0.775 0.4275 0.0375 0.043333333333333335
0 0.6783333333333333 0.395 0.0525 0.050833333333333335
0 0.25333333333333335 0.3233333333333333 0.0275 0.08416666666666667
0 0.33916666666666667 0.3025 0.0325 0.03166666666666667
0 0.305 0.3016666666666667 0.0475 0.041666666666666664
0 0.2275 0.2625 0.025 0.08666666666666667
0 0.2075 0.25583333333333336 0.03 0.06833333333333333
0 0.24333333333333335 0.25416666666666665 0.028333333333333332 0.08916666666666667
0 0.1575 0.2125 0.04 0.0525
0 0.8816666666666667 0.21083333333333334 0.04833333333333333 0.059166666666666666
0 0.23 0.20916666666666667 0.0275 0.06416666666666666
0 0.19666666666666666 0.20833333333333334 0.02666666666666667 0.09416666666666666
0 0.215 0.20583333333333334 0.024166666666666666 0.07083333333333333
0 0.17166666666666666 0.2025 0.03333333333333333 0.06416666666666666
0 0.8316666666666667 0.17333333333333334 0.043333333333333335 0.041666666666666664
0 0.195 0.15666666666666668 0.018333333333333333 0.06333333333333334
0 0.1775 0.14916666666666667 0.024166666666666666 0.09166666666666666
0 0.185 0.105 0.03 0.08416666666666667
0 0.4558333333333333 0.9175 0.043333333333333335 0.058333333333333334
0 0.4558333333333333 0.9 0.030833333333333334 0.06333333333333334
0 0.43 0.8683333333333333 0.02 0.07
0 0.46 0.8508333333333333 0.020833333333333332 0.075
0 0.4508333333333333 0.8333333333333334 0.023333333333333334 0.08083333333333333
0 0.43833333333333335 0.8291666666666667 0.0175 0.08166666666666667
0 0.4266666666666667 0.8091666666666667 0.025833333333333333 0.07833333333333334
0 0.7441666666666666 0.7733333333333333 0.041666666666666664 0.08083333333333333
0 0.7683333333333333 0.6916666666666667 0.04083333333333333 0.0975
0 0.5208333333333334 0.5716666666666667 0.045 0.04
0 0.5033333333333333 0.56 0.049166666666666664 0.04