0 0.555 0.5491666666666667 0.024166666666666666 0.08166666666666667
0 0.525 0.5291666666666667 0.02 0.085
0 0.5775 0.5133333333333333 0.0225 0.08
0 0.5483333333333333 0.5091666666666667 0.021666666666666667 0.0725
0 0.7758333333333334 0.485 0.04083333333333333 0.041666666666666664
0 0.5241666666666667 0.485 0.025 0.0675
0 0.7391666666666666 0.4841666666666667 0.05 0.04666666666666667
0 0.7958333333333333 0.48 0.03666666666666667 0.059166666666666666
0 0.63 0.4766666666666667 0.050833333333333335 0.03833333333333333
0 0.7525 0.4575 0.04083333333333333 0.045
0 0.36916666666666664 0.39416666666666667 0.0275 0.06
0 0.27416666666666667 0.38916666666666666 0.021666666666666667 0.08083333333333333
0 0.24583333333333332 0.38916666666666666 0.04 0.03
0 0.24916666666666668 0.35083333333333333 0.019166666666666665 0.060833333333333336
0 0.23166666666666666 0.345 0.0175 0.07333333333333333
0 0.26916666666666667 0.33666666666666667 0.03166666666666667 0.08166666666666667
0 0.20166666666666666 0.325 0.041666666666666664 0.059166666666666666
0 0.20416666666666666 0.305 0.043333333333333335 0.059166666666666666
0 0.24333333333333335 0.29583333333333334 0.02 0.08666666666666667
0 0.25916666666666666 0.2891666666666667 0.024166666666666666 0.07333333333333333
0 0.23166666666666666 0.2708333333333333 0.028333333333333332 0.09166666666666666
0 0.2175 0.2625 0.015 0.0825
0 0.2 0.25416666666666665 0.020833333333333332 0.08666666666666667
0 0.8591666666666666 0.25 0.03916666666666667 0.050833333333333335
0 0.8083333333333333 0.22833333333333333 0.04416666666666667 0.03666666666666667
0 0.20916666666666667 0.21416666666666667 0.030833333333333334 0.0925
0 0.48083333333333333 0.8266666666666667 0.024166666666666666 0.08166666666666667
0 0.5166666666666667 0.8225 0.04 0.06
0 0.5158333333333334 0.8066666666666666 0.03666666666666667 0.051666666666666666
0 0.4675 0.7783333333333333 0.024166666666666666 0.08
0 0.5525 0.7716666666666666 0.034166666666666665 0.06583333333333333
0 0.5191666666666667 0.7708333333333334 0.0425 0.043333333333333335
0 0.4691666666666667 0.7416666666666667 0.0225 0.06916666666666667
0 0.5591666666666667 0.5741666666666667 0.03 0.0775
0 0.5391666666666667 0.5558333333333333 0.015833333333333335 0.08833333333333333