0 0.5258333333333334 0.4766666666666667 0.014166666666666666 0.0125
0 0.5383333333333333 0.4766666666666667 0.009166666666666667 0.009166666666666667
0 0.5541666666666667 0.4741666666666667 0.0175 0.0175
0 0.5041666666666667 0.465 0.0175 0.0175
0 0.52 0.4633333333333333 0.016666666666666666 0.0125
0 0.5825 0.45916666666666667 0.016666666666666666 0.02666666666666667
0 0.7058333333333333 0.4558333333333333 0.010833333333333334 0.0325
0 0.5158333333333334 0.45416666666666666 0.0175 0.014166666666666666
0 0.5491666666666667 0.4525 0.0175 0.03333333333333333
0 0.5616666666666666 0.4525 0.0175 0.035833333333333335
0 0.5783333333333334 0.45166666666666666 0.015833333333333335 0.028333333333333332
0 0.6691666666666667 0.45 0.020833333333333332 0.025
0 0.49833333333333335 0.4475 0.0175 0.055
0 0.6216666666666667 0.445 0.0175 0.0325
0 0.5325 0.445 0.015 0.03916666666666667
0 0.5433333333333333 0.4425 0.013333333333333334 0.035
0 0.64 0.44083333333333335 0.0175 0.025
0 0.56 0.43833333333333335 0.015 0.0325
0 0.5141666666666667 0.4325 0.021666666666666667 0.035
0 0.6625 0.42333333333333334 0.025833333333333333 0.035833333333333335
0 0.6975 0.41833333333333333 0.025833333333333333 0.03916666666666667
0 0.6158333333333333 0.4175 0.009166666666666667 0.030833333333333334
0 0.6783333333333333 0.4166666666666667 0.021666666666666667 0.03333333333333333
0 0.6525 0.4125 0.011666666666666667 0.028333333333333332
0 0.6233333333333333 0.41083333333333333 0.0125 0.0375
0 0.6366666666666667 0.4075 0.0125 0.04083333333333333
0 0.3125 0.24 0.025 0.05
0 0.215 0.145 0.015833333333333335 0.0525
0 0.23666666666666666 0.11166666666666666 0.02666666666666667 0.0525
0 0.18416666666666667 0.06833333333333333 0.030833333333333334 0.06416666666666666
0 0.18833333333333332 0.04666666666666667 0.0325 0.07416666666666667
0 0.19083333333333333 0.035833333333333335 0.025 0.0575
0 0.07583333333333334 0.74 0.0125 0.0125
0 0.08416666666666667 0.7391666666666666 0.010833333333333334 0.014166666666666666
0 0.09333333333333334 0.7366666666666667 0.009166666666666667 0.02666666666666667
0 0.06416666666666666 0.7366666666666667 0.0075 0.009166666666666667
0 0.10083333333333333 0.7341666666666666 0.011666666666666667 0.021666666666666667
0 0.08666666666666667 0.73 0.008333333333333333 0.023333333333333334
0 0.07833333333333334 0.7233333333333334 0.0125 0.021666666666666667
0 0.0425 0.7233333333333334 0.008333333333333333 0.023333333333333334
0 0.049166666666666664 0.7225 0.011666666666666667 0.023333333333333334
0 0.06333333333333334 0.7216666666666667 0.021666666666666667 0.023333333333333334
0 0.11916666666666667 0.7158333333333333 0.019166666666666665 0.019166666666666665
0 0.0375 0.7141666666666666 0.011666666666666667 0.015833333333333335
0 0.025 0.7133333333333334 0.015833333333333335 0.023333333333333334
0 0.0025 0.7108333333333333 0.005 0.020833333333333332
0 0.10666666666666667 0.7108333333333333 0.008333333333333333 0.028333333333333332
0 0.09916666666666667 0.705 0.0125 0.021666666666666667
0 0.08416666666666667 0.6616666666666666 0.011666666666666667 0.030833333333333334
0 0.6616666666666666 0.6425 0.014166666666666666 0.013333333333333334
0 0.6433333333333333 0.64 0.021666666666666667 0.028333333333333332
0 0.6608333333333334 0.6316666666666667 0.010833333333333334 0.025
0 0.6716666666666666 0.63 0.0125 0.015833333333333335