0 0.24583333333333332 0.47583333333333333 0.03333333333333333 0.07666666666666666
0 0.5341666666666667 0.48333333333333334 0.04666666666666667 0.0375
0 0.7633333333333333 0.4975 0.0425 0.041666666666666664
0 0.7816666666666666 0.5033333333333333 0.0325 0.07166666666666667
0 0.28833333333333333 0.5066666666666667 0.0275 0.07
0 0.305 0.5133333333333333 0.035 0.06416666666666666
0 0.37583333333333335 0.525 0.035 0.07416666666666667
0 0.2841666666666667 0.5258333333333334 0.02666666666666667 0.08666666666666667
0 0.2708333333333333 0.535 0.02666666666666667 0.07916666666666666
0 0.755 0.5358333333333334 0.03333333333333333 0.050833333333333335
0 0.3175 0.5583333333333333 0.0325 0.06666666666666667
0 0.7725 0.5675 0.023333333333333334 0.08416666666666667
0 0.7275 0.5775 0.049166666666666664 0.045
0 0.2475 0.58 0.0225 0.09916666666666667
0 0.30083333333333334 0.5858333333333333 0.0175 0.08333333333333333
0 0.27166666666666667 0.5858333333333333 0.023333333333333334 0.08416666666666667
0 0.325 0.5975 0.03833333333333333 0.055
0 0.415 0.6008333333333333 0.024166666666666666 0.09833333333333333
0 0.2875 0.6066666666666667 0.021666666666666667 0.08416666666666667
0 0.31583333333333335 0.615 0.021666666666666667 0.0925
0 0.2991666666666667 0.6266666666666667 0.02 0.08166666666666667
0 0.2608333333333333 0.6383333333333333 0.0175 0.0875
0 0.42583333333333334 0.645 0.021666666666666667 0.08416666666666667
0 0.7266666666666667 0.6591666666666667 0.04583333333333333 0.06583333333333333
0 0.2683333333333333 0.6641666666666667 0.021666666666666667 0.08416666666666667
0 0.28 0.6666666666666666 0.02666666666666667 0.08333333333333333
0 0.4141666666666667 0.6766666666666666 0.024166666666666666 0.09583333333333334
0 0.24666666666666667 0.7016666666666667 0.02666666666666667 0.06416666666666666
0 0.5041666666666667 0.7075 0.034166666666666665 0.08083333333333333
0 0.2775 0.7491666666666666 0.025 0.09
0 0.2808333333333333 0.8208333333333333 0.035 0.08166666666666667
0 0.2625 0.8491666666666666 0.02 0.0925
0 0.28 0.885 0.024166666666666666 0.07583333333333334
0 0.765 0.9075 0.025833333333333333 0.10166666666666667
0 0.7475 0.9183333333333333 0.028333333333333332 0.09
0 0.275 0.9225 0.02666666666666667 0.08333333333333333
0 0.7158333333333333 0.9466666666666667 0.04833333333333333 0.07166666666666667
0 0.6766666666666666 0.9641666666666666 0.04666666666666667 0.058333333333333334
0 0.7483333333333333 0.96 0.02666666666666667 0.07666666666666666
0 0.7225 0.9683333333333334 0.034166666666666665 0.06166666666666667
0 0.8325 0.13333333333333333 0.0275 0.08166666666666667
0 0.7808333333333334 0.17166666666666666 0.025 0.058333333333333334
0 0.8075 0.18833333333333332 0.03333333333333333 0.06666666666666667
0 0.79 0.205 0.025 0.07583333333333334
0 0.8058333333333333 0.20833333333333334 0.0175 0.056666666666666664
0 0.7425 0.2225 0.02666666666666667 0.07666666666666666
0 0.7133333333333334 0.25 0.045 0.0625
0 0.7925 0.25 0.0275 0.06416666666666666
0 0.6166666666666667 0.27166666666666667 0.03666666666666667 0.030833333333333334
0 0.22916666666666666 0.2783333333333333 0.04416666666666667 0.06583333333333333
0 0.8058333333333333 0.28833333333333333 0.0225 0.08166666666666667
0 0.7666666666666667 0.28833333333333333 0.024166666666666666 0.07916666666666666
0 0.6241666666666666 0.29833333333333334 0.04583333333333333 0.03833333333333333
0 0.82 0.29833333333333334 0.025833333333333333 0.08916666666666667
0 0.2683333333333333 0.2991666666666667 0.0325 0.0875
0 0.5975 0.2991666666666667 0.041666666666666664 0.0525
0 0.2275 0.30583333333333335 0.034166666666666665 0.060833333333333336
0 0.785 0.31333333333333335 0.029166666666666667 0.08083333333333333
0 0.2375 0.32916666666666666 0.03333333333333333 0.07583333333333334
0 0.2625 0.3408333333333333 0.025833333333333333 0.07916666666666666
0 0.7391666666666666 0.3425 0.0325 0.06
0 0.5833333333333334 0.3491666666666667 0.03166666666666667 0.06916666666666667
0 0.7591666666666667 0.3516666666666667 0.028333333333333332 0.06833333333333333
0 0.24416666666666667 0.3575 0.018333333333333333 0.06916666666666667
0 0.6033333333333334 0.3591666666666667 0.028333333333333332 0.0775
0 0.7141666666666666 0.3625 0.04083333333333333 0.07416666666666667
0 0.8066666666666666 0.3725 0.0275 0.06
0 0.25416666666666665 0.3975 0.021666666666666667 0.075
0 0.23166666666666666 0.4033333333333333 0.021666666666666667 0.07833333333333334
0 0.2941666666666667 0.4033333333333333 0.034166666666666665 0.034166666666666665
0 0.735 0.4058333333333333 0.04416666666666667 0.04
0 0.695 0.4066666666666667 0.04083333333333333 0.035
0 0.2708333333333333 0.4091666666666667 0.028333333333333332 0.075
0 0.5833333333333334 0.41333333333333333 0.0375 0.04416666666666667
0 0.7975 0.415 0.03666666666666667 0.0575
0 0.6925 0.4266666666666667 0.04833333333333333 0.05
0 0.25333333333333335 0.43333333333333335 0.030833333333333334 0.06666666666666667
0 0.5475 0.44916666666666666 0.043333333333333335 0.04666666666666667
0 0.7858333333333334 0.4533333333333333 0.03833333333333333 0.0625
0 0.2816666666666667 0.4583333333333333 0.0425 0.06
0 0.255 0.4658333333333333 0.03 0.059166666666666666