0 0.315 0.47333333333333333 0.03833333333333333 0.034166666666666665
0 0.3575 0.48833333333333334 0.0325 0.04583333333333333
0 0.33416666666666667 0.49916666666666665 0.028333333333333332 0.028333333333333332
0 0.39166666666666666 0.5008333333333334 0.0325 0.050833333333333335
0 0.30666666666666664 0.5008333333333334 0.03333333333333333 0.028333333333333332
0 0.38 0.505 0.02666666666666667 0.055
0 0.285 0.5083333333333333 0.03666666666666667 0.035
0 0.3566666666666667 0.5133333333333333 0.028333333333333332 0.0625
0 0.3416666666666667 0.5266666666666666 0.030833333333333334 0.03833333333333333
0 0.32416666666666666 0.5275 0.03166666666666667 0.035
0 0.4058333333333333 0.5375 0.029166666666666667 0.045
0 0.38333333333333336 0.5383333333333333 0.034166666666666665 0.04416666666666667
0 0.30583333333333335 0.5391666666666667 0.03833333333333333 0.035833333333333335
0 0.5125 0.7175 0.02 0.06666666666666667
0 0.6116666666666667 0.7725 0.03916666666666667 0.03833333333333333
0 0.6375 0.7841666666666667 0.041666666666666664 0.059166666666666666
0 0.5966666666666667 0.8266666666666667 0.028333333333333332 0.06333333333333334
0 0.9025 0.105 0.030833333333333334 0.024166666666666666
0 0.9266666666666666 0.11 0.028333333333333332 0.0425
0 0.9 0.12583333333333332 0.035833333333333335 0.041666666666666664
0 0.94 0.13416666666666666 0.0325 0.030833333333333334
0 0.9075 0.13916666666666666 0.03166666666666667 0.03333333333333333
0 0.9858333333333333 0.15166666666666667 0.025 0.03666666666666667
0 0.9358333333333333 0.15583333333333332 0.034166666666666665 0.034166666666666665
0 0.9116666666666666 0.15833333333333333 0.035833333333333335 0.03833333333333333
0 0.9566666666666667 0.15916666666666668 0.028333333333333332 0.034166666666666665
0 0.9708333333333333 0.16666666666666666 0.025833333333333333 0.028333333333333332
0 0.9091666666666667 0.1775 0.03333333333333333 0.05333333333333334
0 0.9091666666666667 0.18333333333333332 0.028333333333333332 0.049166666666666664
0 0.9258333333333333 0.1875 0.029166666666666667 0.035
0 0.9758333333333333 0.18916666666666668 0.028333333333333332 0.03
0 0.9475 0.19083333333333333 0.03 0.04
0 0.8883333333333333 0.19166666666666668 0.03333333333333333 0.07
0 0.32166666666666666 0.44333333333333336 0.0325 0.043333333333333335
0 0.3883333333333333 0.44583333333333336 0.029166666666666667 0.03916666666666667
0 0.345 0.45666666666666667 0.0325 0.03166666666666667
0 0.3725 0.4608333333333333 0.030833333333333334 0.035