0 0.22416666666666665 0.5383333333333333 0.018333333333333333 0.07
0 0.795 0.535 0.024166666666666666 0.09083333333333334
0 0.8108333333333333 0.5008333333333334 0.025 0.08666666666666667
0 0.245 0.49083333333333334 0.021666666666666667 0.0825
0 0.2325 0.4725 0.035 0.08333333333333333
0 0.25583333333333336 0.44916666666666666 0.021666666666666667 0.07166666666666667
0 0.17416666666666666 0.44916666666666666 0.03333333333333333 0.06416666666666666
0 0.19583333333333333 0.44333333333333336 0.03666666666666667 0.06916666666666667
0 0.21916666666666668 0.43833333333333335 0.0225 0.09333333333333334
0 0.7808333333333334 0.43 0.030833333333333334 0.09083333333333334
0 0.23166666666666666 0.39916666666666667 0.02 0.04833333333333333
0 0.2633333333333333 0.3975 0.019166666666666665 0.08416666666666667
0 0.24916666666666668 0.39166666666666666 0.025 0.08916666666666667
0 0.21333333333333335 0.36333333333333334 0.045 0.06333333333333334
0 0.23916666666666667 0.35833333333333334 0.03666666666666667 0.059166666666666666
0 0.2916666666666667 0.3575 0.025833333333333333 0.09916666666666667
0 0.6825 0.3333333333333333 0.04416666666666667 0.06916666666666667
0 0.31166666666666665 0.32 0.023333333333333334 0.1
0 0.19333333333333333 0.30916666666666665 0.025 0.07416666666666667
0 0.25 0.3075 0.04083333333333333 0.07416666666666667
0 0.2733333333333333 0.30666666666666664 0.02 0.0825
0 0.29583333333333334 0.28 0.019166666666666665 0.08333333333333333
0 0.6866666666666666 0.2791666666666667 0.03833333333333333 0.06666666666666667
0 0.2525 0.25166666666666665 0.030833333333333334 0.0675
0 0.7158333333333333 0.24916666666666668 0.021666666666666667 0.09166666666666666
0 0.30666666666666664 0.245 0.03333333333333333 0.08583333333333333
0 0.27416666666666667 0.2375 0.019166666666666665 0.07666666666666666
0 0.7008333333333333 0.22666666666666666 0.03166666666666667 0.055
0 0.7058333333333333 0.18833333333333332 0.025833333333333333 0.07
0 0.2791666666666667 0.17833333333333334 0.021666666666666667 0.08666666666666667
0 0.7258333333333333 0.175 0.02 0.075
0 0.2625 0.15083333333333335 0.0175 0.0775
0 0.35833333333333334 0.145 0.023333333333333334 0.06666666666666667
0 0.555 0.13916666666666666 0.023333333333333334 0.09916666666666667
0 0.73 0.12666666666666668 0.0425 0.056666666666666664
0 0.27 0.08583333333333333 0.03 0.09666666666666666
0 0.3675 0.07083333333333333 0.018333333333333333 0.08083333333333333
0 0.5733333333333334 0.06583333333333333 0.02 0.07166666666666667
0 0.5583333333333333 0.04833333333333333 0.025 0.09583333333333334
0 0.25333333333333335 0.04 0.018333333333333333 0.07666666666666666
0 0.38416666666666666 0.03916666666666667 0.025833333333333333 0.065
0 0.4275 0.035833333333333335 0.02 0.07083333333333333
0 0.3575 0.029166666666666667 0.0225 0.0575
0 0.5808333333333333 0.02 0.021666666666666667 0.03833333333333333
0 0.3775 0.018333333333333333 0.0275 0.035833333333333335
0 0.41 0.0125 0.023333333333333334 0.021666666666666667
0 0.24083333333333334 0.5675 0.02 0.07916666666666666
0 0.8025 0.5666666666666667 0.025833333333333333 0.058333333333333334
0 0.855 0.5475 0.019166666666666665 0.04833333333333333
0 0.8441666666666666 0.5475 0.030833333333333334 0.08333333333333333