0 0.7083333333333334 0.49666666666666665 0.0425 0.03833333333333333
0 0.39416666666666667 0.5033333333333333 0.024166666666666666 0.06916666666666667
0 0.4191666666666667 0.5141666666666667 0.0225 0.085
0 0.4075 0.5241666666666667 0.015 0.08083333333333333
0 0.36583333333333334 0.5266666666666666 0.016666666666666666 0.07
0 0.4691666666666667 0.545 0.03166666666666667 0.05416666666666667
0 0.3958333333333333 0.545 0.014166666666666666 0.06166666666666667
0 0.385 0.5541666666666667 0.015833333333333335 0.05416666666666667
0 0.45166666666666666 0.5583333333333333 0.030833333333333334 0.0625
0 0.37666666666666665 0.565 0.015833333333333335 0.065
0 0.36 0.5666666666666667 0.018333333333333333 0.06583333333333333
0 0.5 0.5675 0.03 0.045
0 0.4175 0.5725 0.016666666666666666 0.06166666666666667
0 0.4708333333333333 0.5766666666666667 0.0175 0.050833333333333335
0 0.48 0.5925 0.025833333333333333 0.07833333333333334
0 0.41 0.595 0.018333333333333333 0.07333333333333333
0 0.39916666666666667 0.5966666666666667 0.015833333333333335 0.055
0 0.44333333333333336 0.6025 0.03166666666666667 0.055
0 0.3883333333333333 0.6058333333333333 0.013333333333333334 0.06333333333333334
0 0.505 0.6225 0.0225 0.06916666666666667
0 0.38 0.6225 0.016666666666666666 0.0725
0 0.44416666666666665 0.6341666666666667 0.010833333333333334 0.045
0 0.4775 0.6391666666666667 0.0225 0.058333333333333334
0 0.4025 0.6433333333333333 0.018333333333333333 0.06166666666666667
0 0.4866666666666667 0.6475 0.02 0.06
0 0.5125 0.6508333333333334 0.018333333333333333 0.0625
0 0.43166666666666664 0.6666666666666666 0.021666666666666667 0.07583333333333334
0 0.39166666666666666 0.6683333333333333 0.0175 0.07083333333333333
0 0.4116666666666667 0.6725 0.0325 0.06916666666666667
0 0.49666666666666665 0.6775 0.018333333333333333 0.05583333333333333
0 0.47833333333333333 0.685 0.029166666666666667 0.0525
0 0.5083333333333333 0.6933333333333334 0.025833333333333333 0.07
0 0.4766666666666667 0.7191666666666666 0.03666666666666667 0.030833333333333334
0 0.7516666666666667 0.7208333333333333 0 0.0008333333333333334
0 0.0075 0.0675 0.011666666666666667 0.03833333333333333
0 0.485 0.7291666666666666 0.025 0.041666666666666664
0 0.49083333333333334 0.7641666666666667 0.025 0.0775
0 0.45416666666666666 0.765 0.0375 0.056666666666666664
0 0.4716666666666667 0.7716666666666666 0.03333333333333333 0.0625
0 0.4708333333333333 0.8 0.0175 0.0475
0 0.4483333333333333 0.8041666666666667 0.020833333333333332 0.055
0 0.48 0.8266666666666667 0.028333333333333332 0.075
0 0.46166666666666667 0.84 0.021666666666666667 0.051666666666666666
0 0.4475 0.8441666666666666 0.025 0.058333333333333334
0 0.4483333333333333 0.8875 0.024166666666666666 0.050833333333333335
0 0.4 0.9425 0.0325 0.0725
0 0.4141666666666667 0.9716666666666667 0.0225 0.055
0 0.38666666666666666 0.9808333333333333 0.035833333333333335 0.0375
0 0.18666666666666668 0.105 0.020833333333333332 0.07583333333333334
0 0.2 0.125 0.0225 0.08416666666666667
0 0.42083333333333334 0.13166666666666665 0.03833333333333333 0.028333333333333332
0 0.4558333333333333 0.13416666666666666 0.04416666666666667 0.03
0 0.065 0.1425 0.028333333333333332 0.04
0 0.43 0.155 0.04083333333333333 0.030833333333333334
0 0.4708333333333333 0.15666666666666668 0.03916666666666667 0.03166666666666667
0 0.05416666666666667 0.16166666666666665 0.0275 0.04
0 0.43 0.1725 0.03666666666666667 0.03166666666666667
0 0.45916666666666667 0.17666666666666667 0.041666666666666664 0.030833333333333334
0 0.66 0.21666666666666667 0.020833333333333332 0.04583333333333333
0 0.5966666666666667 0.2275 0.0325 0.02666666666666667
0 0.5083333333333333 0.235 0.035833333333333335 0.04666666666666667
0 0.5641666666666667 0.24166666666666667 0.035833333333333335 0.05333333333333334
0 0.63 0.24583333333333332 0.03666666666666667 0.05333333333333334
0 0.6516666666666666 0.24916666666666668 0.0275 0.04833333333333333
0 0.4866666666666667 0.24916666666666668 0.029166666666666667 0.050833333333333335
0 0.5316666666666666 0.255 0.03916666666666667 0.041666666666666664
0 0.595 0.25583333333333336 0.0325 0.0375
0 0.6841666666666667 0.25583333333333336 0.025 0.04833333333333333
0 0.6191666666666666 0.2625 0.034166666666666665 0.045
0 0.4633333333333333 0.26416666666666666 0.028333333333333332 0.021666666666666667
0 0.7108333333333333 0.2658333333333333 0.015 0.07083333333333333
0 0.5008333333333334 0.2683333333333333 0.0375 0.045
0 0.44166666666666665 0.26916666666666667 0.02 0.025
0 0.6733333333333333 0.28 0.024166666666666666 0.07
0 0.19416666666666665 0.285 0.03333333333333333 0.05583333333333333
0 0.45 0.28583333333333333 0.043333333333333335 0.034166666666666665
0 0.5166666666666667 0.2866666666666667 0.03666666666666667 0.03666666666666667
0 0.6858333333333333 0.295 0.010833333333333334 0.045
0 0.6966666666666667 0.2975 0.0225 0.08083333333333333
0 0.4175 0.29833333333333334 0.0275 0.035
0 0.44666666666666666 0.315 0.03 0.0625
0 0.4266666666666667 0.31666666666666665 0.0275 0.04
0 0.4666666666666667 0.3233333333333333 0.04083333333333333 0.051666666666666666
0 0.7175 0.325 0.015833333333333335 0.051666666666666666
0 0.49583333333333335 0.3308333333333333 0.035 0.051666666666666666
0 0.7258333333333333 0.3466666666666667 0.025 0.056666666666666664
0 0.39666666666666667 0.35 0.030833333333333334 0.05333333333333334
0 0.7025 0.35 0.021666666666666667 0.0625
0 0.42 0.3575 0.025 0.050833333333333335
0 0.37083333333333335 0.36 0.034166666666666665 0.04416666666666667
0 0.4725 0.365 0.035 0.03833333333333333
0 0.4025 0.36916666666666664 0.02666666666666667 0.056666666666666664
0 0.3725 0.38 0.021666666666666667 0.045
0 0.41833333333333333 0.39 0.03333333333333333 0.06333333333333334
0 0.7116666666666667 0.3908333333333333 0.020833333333333332 0.03916666666666667
0 0.38083333333333336 0.4008333333333333 0.020833333333333332 0.058333333333333334
0 0.36083333333333334 0.4191666666666667 0.025833333333333333 0.041666666666666664
0 0.355 0.4483333333333333 0.035 0.04583333333333333
0 0.7058333333333333 0.45416666666666666 0.028333333333333332 0.056666666666666664
0 0.37166666666666665 0.4558333333333333 0.0225 0.0675
0 0.37916666666666665 0.4816666666666667 0.018333333333333333 0.06666666666666667