0 0.5808333333333333 0.47833333333333333 0.014166666666666666 0.07416666666666667
0 0.5566666666666666 0.051666666666666666 0.018333333333333333 0.08916666666666667
0 0.26666666666666666 0.7633333333333333 0.03333333333333333 0.0325
0 0.465 0.7708333333333334 0.03 0.0525
0 0.2925 0.7825 0.03666666666666667 0.035
0 0.2575 0.7925 0.03833333333333333 0.0375
0 0.31416666666666665 0.795 0.035 0.0325
0 0.2733333333333333 0.8075 0.03833333333333333 0.0275
0 0.22416666666666665 0.8191666666666667 0.0225 0.03333333333333333
0 0.23916666666666667 0.82 0.029166666666666667 0.0375
0 0.3 0.825 0.043333333333333335 0.03333333333333333
0 0.25833333333333336 0.8266666666666667 0.0375 0.035
0 0.21833333333333332 0.8416666666666667 0.0225 0.049166666666666664
0 0.27416666666666667 0.8441666666666666 0.0425 0.035
0 0.24583333333333332 0.8558333333333333 0.03166666666666667 0.029166666666666667
0 0.22083333333333333 0.8708333333333333 0.024166666666666666 0.06333333333333334
0 0.24 0.8866666666666667 0.041666666666666664 0.03666666666666667
0 0.2525 0.9116666666666666 0.035 0.04666666666666667
0 0.22333333333333333 0.9133333333333333 0.035 0.030833333333333334
0 0.22083333333333333 0.9375 0.034166666666666665 0.04
0 0.24 0.9483333333333334 0.04083333333333333 0.04666666666666667
0 0.5941666666666666 0.3516666666666667 0.02 0.0775