0 0.8491666666666666 0.5416666666666666 0.07416666666666667 0.0725
0 0.4575 0.5025 0.04083333333333333 0.11583333333333333
0 0.19916666666666666 0.4841666666666667 0.0475 0.11333333333333333
0 0.9025 0.47833333333333333 0.08083333333333333 0.07583333333333334
0 0.8483333333333334 0.39916666666666667 0.0725 0.06333333333333334
0 0.8 0.37 0.08166666666666667 0.08
0 0.875 0.32916666666666666 0.06333333333333334 0.10666666666666667
0 0.8341666666666666 0.32416666666666666 0.08166666666666667 0.060833333333333336
0 0.08166666666666667 0.30916666666666665 0.07 0.06333333333333334
0 0.8208333333333333 0.2625 0.0775 0.07666666666666666
0 0.16833333333333333 0.16666666666666666 0.07583333333333334 0.058333333333333334
0 0.33 0.9308333333333333 0.04 0.11083333333333334
0 0.17416666666666666 0.10916666666666666 0.06916666666666667 0.051666666666666666
0 0.43666666666666665 0.9258333333333333 0.06416666666666666 0.07416666666666667
0 0.6041666666666666 0.07416666666666667 0.07166666666666667 0.08416666666666667
0 0.49916666666666665 0.8975 0.058333333333333334 0.10666666666666667
0 0.7366666666666667 0.8608333333333333 0.03833333333333333 0.115
0 0.21916666666666668 0.8591666666666666 0.060833333333333336 0.08666666666666667
0 0.42916666666666664 0.8325 0.06666666666666667 0.0675
0 0.5241666666666667 0.8308333333333333 0.07333333333333333 0.05
0 0.43166666666666664 0.6033333333333334 0.08333333333333333 0.055