0 0.5008333333333334 0.5216666666666666 0.04666666666666667 0.04833333333333333
0 0.5041666666666667 0.4558333333333333 0.05416666666666667 0.04
0 0.44916666666666666 0.44 0.04833333333333333 0.03916666666666667
0 0.4875 0.43083333333333335 0.04416666666666667 0.035833333333333335
0 0.41333333333333333 0.4175 0.043333333333333335 0.06333333333333334
0 0.44416666666666665 0.4091666666666667 0.043333333333333335 0.03916666666666667
0 0.43166666666666664 0.3925 0.03833333333333333 0.03666666666666667
0 0.41083333333333333 0.37416666666666665 0.045 0.043333333333333335
0 0.39 0.3383333333333333 0.050833333333333335 0.0375
0 0.40166666666666667 0.31583333333333335 0.05416666666666667 0.03916666666666667
0 0.3491666666666667 0.2875 0.05 0.04583333333333333
0 0.3675 0.2708333333333333 0.045 0.049166666666666664
0 0.3275 0.24583333333333332 0.049166666666666664 0.04416666666666667
0 0.33 0.23 0.050833333333333335 0.0375
0 0.29833333333333334 0.20083333333333334 0.043333333333333335 0.045
0 0.6233333333333333 0.7341666666666666 0.025833333333333333 0.0725
0 0.6358333333333334 0.7241666666666666 0.018333333333333333 0.08083333333333333
0 0.655 0.72 0.04416666666666667 0.059166666666666666
0 0.6058333333333333 0.71 0.04083333333333333 0.059166666666666666
0 0.6791666666666667 0.7091666666666666 0.045 0.045
0 0.5875 0.6916666666666667 0.034166666666666665 0.07416666666666667
0 0.6633333333333333 0.67 0.03916666666666667 0.07
0 0.6141666666666666 0.6691666666666667 0.0275 0.07083333333333333
0 0.6408333333333334 0.6683333333333333 0.0375 0.0575
0 0.7066666666666667 0.665 0.04083333333333333 0.05583333333333333
0 0.5525 0.6633333333333333 0.045 0.03333333333333333
0 0.6991666666666667 0.6633333333333333 0.03333333333333333 0.055
0 0.685 0.6566666666666666 0.03333333333333333 0.08166666666666667
0 0.6375 0.65 0.0325 0.0525
0 0.5433333333333333 0.6458333333333334 0.03 0.0275
0 0.675 0.6216666666666667 0.04 0.07666666666666666
0 0.5175 0.6158333333333333 0.03916666666666667 0.0875
0 0.5066666666666667 0.5583333333333333 0.0375 0.07166666666666667