0 0.49166666666666664 0.48333333333333334 0.04416666666666667 0.04666666666666667
0 0.45 0.47 0.023333333333333334 0.0925
0 0.5 0.44 0.0275 0.08416666666666667
0 0.5275 0.4075 0.035 0.0725
0 0.48083333333333333 0.4075 0.043333333333333335 0.065
0 0.075 0.3908333333333333 0.06416666666666666 0.03666666666666667
0 0.25666666666666665 0.38166666666666665 0.043333333333333335 0.035833333333333335
0 0.12833333333333333 0.38083333333333336 0.06 0.0375
0 0.5233333333333333 0.37916666666666665 0.045 0.0475
0 0.4666666666666667 0.36333333333333334 0.03166666666666667 0.075
0 0.22333333333333333 0.3625 0.05583333333333333 0.04083333333333333
0 0.5675 0.3491666666666667 0.050833333333333335 0.056666666666666664
0 0.5491666666666667 0.34 0.0525 0.04666666666666667
0 0.31083333333333335 0.3308333333333333 0.06416666666666666 0.04666666666666667
0 0.2733333333333333 0.32666666666666666 0.05333333333333334 0.050833333333333335
0 0.45916666666666667 0.32166666666666666 0.03 0.08666666666666667
0 0.3883333333333333 0.31583333333333335 0.04416666666666667 0.06666666666666667
0 0.6083333333333333 0.2966666666666667 0.034166666666666665 0.06916666666666667
0 0.49 0.28583333333333333 0.04 0.09166666666666666
0 0.3775 0.2625 0.03166666666666667 0.06833333333333333
0 0.5325 0.25083333333333335 0.041666666666666664 0.06583333333333333
0 0.47583333333333333 0.245 0.04 0.08
0 0.5641666666666667 0.2425 0.051666666666666666 0.050833333333333335
0 0.47 0.22583333333333333 0.043333333333333335 0.05333333333333334
0 0.36333333333333334 0.20666666666666667 0.049166666666666664 0.060833333333333336
0 0.5991666666666666 0.20583333333333334 0.04416666666666667 0.043333333333333335
0 0.6275 0.20333333333333334 0.04 0.0575
0 0.4216666666666667 0.2 0.034166666666666665 0.06583333333333333
0 0.5583333333333333 0.19583333333333333 0.049166666666666664 0.059166666666666666
0 0.5908333333333333 0.19166666666666668 0.04833333333333333 0.05333333333333334
0 0.35583333333333333 0.18666666666666668 0.04416666666666667 0.03916666666666667
0 0.4891666666666667 0.18166666666666667 0.0425 0.05
0 0.4058333333333333 0.18083333333333335 0.04833333333333333 0.04583333333333333
0 0.6333333333333333 0.1725 0.0475 0.04583333333333333
0 0.6641666666666667 0.17 0.04 0.056666666666666664
0 0.385 0.16333333333333333 0.041666666666666664 0.030833333333333334
0 0.6241666666666666 0.15083333333333335 0.05333333333333334 0.03333333333333333
0 0.5033333333333333 0.14833333333333334 0.045 0.049166666666666664
0 0.44916666666666666 0.14666666666666667 0.035 0.0675
0 0.6366666666666667 0.14083333333333334 0.03666666666666667 0.0375
0 0.42083333333333334 0.14083333333333334 0.045 0.050833333333333335
0 0.485 0.13083333333333333 0.035 0.075
0 0.7308333333333333 0.125 0.059166666666666666 0.043333333333333335
0 0.3466666666666667 0.1225 0.0525 0.043333333333333335
0 0.4775 0.10416666666666667 0.020833333333333332 0.07083333333333333
0 0.7141666666666666 0.1025 0.041666666666666664 0.03666666666666667
0 0.5175 0.09666666666666666 0.04 0.07416666666666667
0 0.3825 0.09583333333333334 0.041666666666666664 0.07583333333333334
0 0.3325 0.09166666666666666 0.04 0.035
0 0.2625 0.0175 0.049166666666666664 0.034166666666666665
0 0.31666666666666665 0.8783333333333333 0.0375 0.0375
0 0.3525 0.8741666666666666 0.05416666666666667 0.03833333333333333
0 0.5325 0.8233333333333334 0.03333333333333333 0.056666666666666664
0 0.5225 0.7933333333333333 0.029166666666666667 0.05583333333333333
0 0.6725 0.9883333333333333 0.045 0.02
0 0.5458333333333333 0.7858333333333334 0.035833333333333335 0.043333333333333335
0 0.5241666666666667 0.7658333333333334 0.0325 0.05583333333333333
0 0.595 0.7541666666666667 0.05 0.04083333333333333
0 0.5091666666666667 0.7525 0.043333333333333335 0.04583333333333333
0 0.5508333333333333 0.7491666666666666 0.0375 0.0525
0 0.5725 0.7466666666666667 0.04083333333333333 0.04583333333333333
0 0.6283333333333333 0.7458333333333333 0.04416666666666667 0.04583333333333333
0 0.4816666666666667 0.7258333333333333 0.0475 0.056666666666666664
0 0.5233333333333333 0.7158333333333333 0.045 0.03833333333333333
0 0.5575 0.7158333333333333 0.04 0.06666666666666667
0 0.5841666666666666 0.6958333333333333 0.020833333333333332 0.049166666666666664
0 0.5591666666666667 0.695 0.045 0.04083333333333333
0 0.5175 0.665 0.050833333333333335 0.0675
0 0.5016666666666667 0.665 0.035 0.055
0 0.5866666666666667 0.6541666666666667 0.04416666666666667 0.06