0 0.29583333333333334 0.4825 0.0425 0.03833333333333333
0 0.6091666666666666 0.4891666666666667 0.023333333333333334 0.06916666666666667
0 0.5841666666666666 0.49916666666666665 0.0225 0.08416666666666667
0 0.5958333333333333 0.5091666666666667 0.015 0.08083333333333333
0 0.6366666666666667 0.5116666666666667 0.016666666666666666 0.06916666666666667
0 0.5341666666666667 0.53 0.030833333333333334 0.05333333333333334
0 0.6066666666666667 0.53 0.014166666666666666 0.060833333333333336
0 0.6175 0.5391666666666667 0.015833333333333335 0.05416666666666667
0 0.5508333333333333 0.5433333333333333 0.03 0.0625
0 0.6258333333333334 0.5491666666666667 0.015833333333333335 0.065
0 0.6425 0.5516666666666666 0.018333333333333333 0.06583333333333333
0 0.5033333333333333 0.5525 0.03 0.045
0 0.5858333333333333 0.5575 0.016666666666666666 0.06166666666666667
0 0.5325 0.5616666666666666 0.0175 0.050833333333333335
0 0.5233333333333333 0.5775 0.025833333333333333 0.07833333333333334
0 0.5933333333333334 0.58 0.018333333333333333 0.0725
0 0.6041666666666666 0.5808333333333333 0.015833333333333335 0.055
0 0.56 0.5866666666666667 0.03166666666666667 0.055
0 0.615 0.5908333333333333 0.0125 0.06333333333333334
0 0.49833333333333335 0.6075 0.0225 0.06833333333333333
0 0.6225 0.6075 0.016666666666666666 0.0725
0 0.5583333333333333 0.6191666666666666 0.010833333333333334 0.045
0 0.5258333333333334 0.6241666666666666 0.0225 0.058333333333333334
0 0.6008333333333333 0.6283333333333333 0.018333333333333333 0.060833333333333336
0 0.5166666666666667 0.6316666666666667 0.019166666666666665 0.059166666666666666
0 0.49083333333333334 0.635 0.018333333333333333 0.0625
0 0.5716666666666667 0.6516666666666666 0.021666666666666667 0.075
0 0.6116666666666667 0.6525 0.0175 0.07
0 0.5916666666666667 0.6575 0.0325 0.06833333333333333
0 0.5066666666666667 0.6616666666666666 0.018333333333333333 0.05583333333333333
0 0.525 0.67 0.029166666666666667 0.0525
0 0.495 0.6775 0.025833333333333333 0.06916666666666667
0 0.5266666666666666 0.7025 0.03666666666666667 0.030833333333333334
0 0.2525 0.705 0 0.0008333333333333334
0 0.9933333333333333 0.05583333333333333 0.0125 0.03666666666666667
0 0.5183333333333333 0.7133333333333334 0.024166666666666666 0.041666666666666664
0 0.5125 0.7475 0.024166666666666666 0.07666666666666666
0 0.5483333333333333 0.7491666666666666 0.0375 0.05583333333333333
0 0.5316666666666666 0.755 0.03333333333333333 0.0625
0 0.5325 0.7833333333333333 0.0175 0.04666666666666667
0 0.555 0.7875 0.020833333333333332 0.055
0 0.5233333333333333 0.81 0.028333333333333332 0.07416666666666667
0 0.5416666666666666 0.8233333333333334 0.021666666666666667 0.051666666666666666
0 0.5558333333333333 0.8275 0.025 0.0575
0 0.555 0.8708333333333333 0.024166666666666666 0.05
0 0.6025 0.925 0.0325 0.0725
0 0.5883333333333334 0.96 0.021666666666666667 0.06583333333333333
0 0.6166666666666667 0.9716666666666667 0.035833333333333335 0.055
0 0.815 0.0925 0.020833333333333332 0.07583333333333334
0 0.8016666666666666 0.1125 0.0225 0.08333333333333333
0 0.5816666666666667 0.11916666666666667 0.0375 0.0275
0 0.5475 0.12166666666666667 0.04416666666666667 0.03
0 0.9366666666666666 0.13 0.0275 0.04
0 0.5725 0.1425 0.04083333333333333 0.03
0 0.5325 0.14416666666666667 0.03833333333333333 0.03166666666666667
0 0.9466666666666667 0.14916666666666667 0.02666666666666667 0.04
0 0.5725 0.16 0.03666666666666667 0.03166666666666667
0 0.5441666666666667 0.16416666666666666 0.04083333333333333 0.03
0 0.3441666666666667 0.20333333333333334 0.020833333333333332 0.04583333333333333
0 0.4075 0.215 0.0325 0.02666666666666667
0 0.495 0.22166666666666668 0.035 0.04666666666666667
0 0.44 0.22833333333333333 0.035833333333333335 0.05333333333333334
0 0.37416666666666665 0.2325 0.03666666666666667 0.0525
0 0.3525 0.23583333333333334 0.0275 0.0475
0 0.5166666666666667 0.23666666666666666 0.029166666666666667 0.050833333333333335
0 0.4725 0.24166666666666667 0.03833333333333333 0.041666666666666664
0 0.4091666666666667 0.2425 0.0325 0.0375
0 0.32 0.2425 0.025 0.0475
0 0.385 0.24916666666666668 0.034166666666666665 0.04416666666666667
0 0.54 0.25083333333333335 0.028333333333333332 0.021666666666666667
0 0.2941666666666667 0.2525 0.015 0.07083333333333333
0 0.5025 0.255 0.0375 0.04416666666666667
0 0.5616666666666666 0.25583333333333336 0.02 0.025
0 0.3308333333333333 0.26666666666666666 0.024166666666666666 0.07
0 0.8075 0.2708333333333333 0.03333333333333333 0.055
0 0.5533333333333333 0.2725 0.043333333333333335 0.034166666666666665
0 0.4866666666666667 0.2733333333333333 0.03666666666666667 0.035833333333333335
0 0.31833333333333336 0.2816666666666667 0.010833333333333334 0.045
0 0.30833333333333335 0.2833333333333333 0.0225 0.08
0 0.5858333333333333 0.285 0.02666666666666667 0.035
0 0.5566666666666666 0.3016666666666667 0.03 0.0625
0 0.5758333333333333 0.30333333333333334 0.0275 0.03916666666666667
0 0.5358333333333334 0.30916666666666665 0.04083333333333333 0.051666666666666666
0 0.2866666666666667 0.31083333333333335 0.015833333333333335 0.051666666666666666
0 0.5075 0.3175 0.035 0.051666666666666666
0 0.2783333333333333 0.3333333333333333 0.025 0.05583333333333333
0 0.6058333333333333 0.3358333333333333 0.030833333333333334 0.0525
0 0.3025 0.33666666666666667 0.021666666666666667 0.0625
0 0.5833333333333334 0.3433333333333333 0.025 0.05
0 0.6316666666666667 0.3458333333333333 0.034166666666666665 0.04416666666666667
0 0.5308333333333334 0.35083333333333333 0.034166666666666665 0.03833333333333333
0 0.6 0.355 0.02666666666666667 0.05583333333333333
0 0.63 0.36583333333333334 0.021666666666666667 0.04416666666666667
0 0.585 0.37583333333333335 0.03333333333333333 0.06333333333333334
0 0.2925 0.37666666666666665 0.02 0.03916666666666667
0 0.6216666666666667 0.38666666666666666 0.020833333333333332 0.0575
0 0.6416666666666667 0.405 0.025833333333333333 0.041666666666666664
0 0.6475 0.43416666666666665 0.034166666666666665 0.045
0 0.29833333333333334 0.44 0.028333333333333332 0.05583333333333333
0 0.6308333333333334 0.44166666666666665 0.0225 0.06666666666666667
0 0.6241666666666666 0.4675 0.018333333333333333 0.06666666666666667