0 0.03333333333333333 0.49833333333333335 0.06666666666666667 0.08
0 0.5125 0.5191666666666667 0.050833333333333335 0.13416666666666666
0 0.18 0.61 0.0525 0.12916666666666668
0 0.195 0.7058333333333333 0.06583333333333333 0.12666666666666668
0 0.13833333333333334 0.795 0.06666666666666667 0.11
0 0.39166666666666666 0.7983333333333333 0.043333333333333335 0.13416666666666666
0 0.6341666666666667 0.8375 0.06583333333333333 0.08333333333333333
0 0.7166666666666667 0.8975 0.045 0.13666666666666666
0 0.6908333333333333 0.10666666666666667 0.051666666666666666 0.15166666666666667
0 0.7366666666666667 0.12833333333333333 0.050833333333333335 0.1475
0 0.07 0.31 0.06 0.11
0 0.7258333333333333 0.33916666666666667 0.058333333333333334 0.12583333333333332
0 0.015833333333333335 0.3408333333333333 0.03166666666666667 0.08583333333333333
0 0.05583333333333333 0.4041666666666667 0.0825 0.08583333333333333
0 0.0075 0.41083333333333333 0.015 0.06416666666666666
0 0.4716666666666667 0.4525 0.043333333333333335 0.12666666666666668