0 0.45166666666666666 0.395 0.06833333333333333 0.06916666666666667
0 0.5933333333333334 0.3275 0.06916666666666667 0.08416666666666667
0 0.1475 0.32666666666666666 0.06 0.0975
0 0.4116666666666667 0.285 0.051666666666666666 0.1175
0 0.28583333333333333 0.235 0.06833333333333333 0.0725
0 0.6141666666666666 0.2175 0.07083333333333333 0.0725
0 0.4608333333333333 0.2025 0.07333333333333333 0.058333333333333334
0 0.5433333333333333 0.12416666666666666 0.05583333333333333 0.10916666666666666
0 0.1325 0.03666666666666667 0.075 0.07
0 0.32083333333333336 0.9941666666666666 0.06166666666666667 0.008333333333333333
0 0.4166666666666667 0.9933333333333333 0.07583333333333334 0.0125
0 0.31916666666666665 0.6558333333333334 0.07333333333333333 0.059166666666666666