0 0.3425 0.48833333333333334 0.05 0.13083333333333333
0 0.745 0.5066666666666667 0.07666666666666666 0.056666666666666664
0 0.6325 0.5166666666666667 0.07166666666666667 0.06166666666666667
0 0.6766666666666666 0.5491666666666667 0.03166666666666667 0.12583333333333332
0 0.3975 0.705 0.0525 0.115
0 0.19166666666666668 0.8383333333333334 0.041666666666666664 0.13083333333333333
0 0.3125 0.9566666666666667 0.04666666666666667 0.08416666666666667
0 0.23666666666666666 0.24833333333333332 0.08583333333333333 0.07583333333333334
0 0.010833333333333334 0.02666666666666667 0.018333333333333333 0.04666666666666667
0 0.6691666666666667 0.30083333333333334 0.075 0.06916666666666667
0 0.725 0.4166666666666667 0.07083333333333333 0.0725
0 0.49166666666666664 0.4216666666666667 0.0725 0.06916666666666667
0 0.5483333333333333 0.44083333333333335 0.06333333333333334 0.085
0 0.645 0.4575 0.07 0.06166666666666667