0 0.5625 0.4725 0.028333333333333332 0.07416666666666667
0 0.5483333333333333 0.4975 0.020833333333333332 0.060833333333333336
0 0.5341666666666667 0.49833333333333335 0.03333333333333333 0.06833333333333333
0 0.5525 0.5191666666666667 0.021666666666666667 0.06
0 0.5816666666666667 0.5233333333333333 0.0175 0.0775
0 0.6141666666666666 0.5341666666666667 0.043333333333333335 0.0425
0 0.7608333333333334 0.5425 0.035 0.034166666666666665
0 0.5275 0.5483333333333333 0.020833333333333332 0.06166666666666667
0 0.7283333333333334 0.5483333333333333 0.03916666666666667 0.04416666666666667
0 0.6883333333333334 0.5516666666666666 0.04416666666666667 0.03166666666666667
0 0.7125 0.5791666666666667 0.04416666666666667 0.028333333333333332
0 0.38 0.6008333333333333 0.024166666666666666 0.0625
0 0.2866666666666667 0.6108333333333333 0.0175 0.0825
0 0.26 0.6166666666666667 0.0425 0.041666666666666664
0 0.2658333333333333 0.6525 0.018333333333333333 0.06
0 0.22 0.655 0.03916666666666667 0.049166666666666664
0 0.28583333333333333 0.66 0.03 0.08083333333333333
0 0.24416666666666667 0.6683333333333333 0.023333333333333334 0.06666666666666667
0 0.22416666666666665 0.6758333333333333 0.0325 0.05333333333333334
0 0.26666666666666666 0.6775 0.0225 0.059166666666666666
0 0.25583333333333336 0.6891666666666667 0.019166666666666665 0.08583333333333333
0 0.23083333333333333 0.7225 0.015 0.0675
0 0.21583333333333332 0.73 0.025 0.07583333333333334
0 0.24666666666666667 0.7325 0.0225 0.0725
0 0.22083333333333333 0.765 0.03 0.08666666666666667
0 0.8416666666666667 0.7666666666666667 0.03916666666666667 0.035
0 0.8008333333333333 0.7816666666666666 0.035 0.041666666666666664
0 0.495 0.20666666666666667 0.0175 0.07833333333333334
0 0.4791666666666667 0.23833333333333334 0.023333333333333334 0.06166666666666667
0 0.48 0.2783333333333333 0.019166666666666665 0.06833333333333333
0 0.5975 0.2816666666666667 0.03916666666666667 0.0425
0 0.6066666666666667 0.3025 0.043333333333333335 0.035
0 0.6158333333333333 0.33 0.04083333333333333 0.0425
0 0.6208333333333333 0.36916666666666664 0.029166666666666667 0.055
0 0.575 0.46 0.03 0.06833333333333333