0 0.4033333333333333 0.5308333333333334 0.035 0.0325
0 0.37833333333333335 0.5108333333333334 0.041666666666666664 0.030833333333333334
0 0.3016666666666667 0.5 0.03166666666666667 0.058333333333333334
0 0.34 0.49833333333333335 0.03 0.04416666666666667
0 0.35583333333333333 0.4866666666666667 0.028333333333333332 0.045
0 0.37833333333333335 0.48583333333333334 0.0425 0.03666666666666667
0 0.29083333333333333 0.475 0.025 0.08583333333333333
0 0.3275 0.4675 0.024166666666666666 0.028333333333333332
0 0.37916666666666665 0.46 0.0375 0.035833333333333335
0 0.35 0.44583333333333336 0.04083333333333333 0.034166666666666665
0 0.32 0.4375 0.0425 0.04
0 0.38416666666666666 0.435 0.04583333333333333 0.03666666666666667
0 0.43916666666666665 0.43416666666666665 0.0475 0.03833333333333333
0 0.28833333333333333 0.42333333333333334 0.035833333333333335 0.029166666666666667
0 0.35333333333333333 0.40166666666666667 0.03333333333333333 0.0325
0 0.32666666666666666 0.39666666666666667 0.030833333333333334 0.028333333333333332
0 0.42833333333333334 0.3883333333333333 0.0425 0.04083333333333333
0 0.46166666666666667 0.3858333333333333 0.0225 0.055
0 0.355 0.38166666666666665 0.04583333333333333 0.028333333333333332
0 0.31 0.37166666666666665 0.0375 0.0325
0 0.41083333333333333 0.9566666666666667 0.02666666666666667 0.0425
0 0.39 0.9566666666666667 0.028333333333333332 0.043333333333333335
0 0.32916666666666666 0.35 0.05416666666666667 0.04833333333333333
0 0.43166666666666664 0.34833333333333333 0.04 0.04833333333333333
0 0.2833333333333333 0.33 0.0475 0.0575
0 0.4141666666666667 0.32166666666666666 0.04833333333333333 0.043333333333333335
0 0.37666666666666665 0.30333333333333334 0.041666666666666664 0.058333333333333334
0 0.46 0.3 0.04 0.059166666666666666
0 0.44 0.29333333333333333 0.041666666666666664 0.04583333333333333
0 0.4091666666666667 0.2733333333333333 0.04 0.0425
0 0.43916666666666665 0.27 0.03 0.03666666666666667
0 0.9283333333333333 0.2375 0.05333333333333334 0.04583333333333333
0 0.395 0.23 0.03333333333333333 0.08333333333333333
0 0.43916666666666665 0.22583333333333333 0.041666666666666664 0.03916666666666667
0 0.91 0.21166666666666667 0.029166666666666667 0.035833333333333335
0 0.4266666666666667 0.9416666666666667 0.028333333333333332 0.035
0 0.44083333333333335 0.2025 0.04083333333333333 0.050833333333333335
0 0.9341666666666667 0.2025 0.0475 0.051666666666666666
0 0.35083333333333333 0.9375 0.03666666666666667 0.04
0 0.8675 0.105 0.05583333333333333 0.07833333333333334
0 0.57 0.05333333333333334 0.034166666666666665 0.0775
0 0.3775 0.9258333333333333 0.030833333333333334 0.0325
0 0.9308333333333333 0.0275 0.056666666666666664 0.05416666666666667
0 0.3975 0.92 0.025 0.034166666666666665
0 0.3566666666666667 0.9141666666666667 0.029166666666666667 0.0275
0 0.4141666666666667 0.9125 0.030833333333333334 0.04583333333333333
0 0.38 0.895 0.03833333333333333 0.03333333333333333
0 0.43083333333333335 0.8866666666666667 0.043333333333333335 0.04
0 0.37666666666666665 0.8825 0.0375 0.03833333333333333
0 0.4058333333333333 0.86 0.043333333333333335 0.05
0 0.3525 0.8591666666666666 0.04 0.050833333333333335
0 0.38166666666666665 0.8591666666666666 0.03916666666666667 0.05333333333333334
0 0.71 0.82 0.056666666666666664 0.03916666666666667
0 0.7591666666666667 0.8075 0.050833333333333335 0.03333333333333333
0 0.7966666666666666 0.7916666666666666 0.034166666666666665 0.0325
0 0.43 0.6775 0.02 0.0625
0 0.4141666666666667 0.6741666666666667 0.015833333333333335 0.06166666666666667
0 0.8458333333333333 0.665 0.04 0.0475
0 0.8175 0.6533333333333333 0.055 0.05333333333333334
0 0.3958333333333333 0.6341666666666667 0.019166666666666665 0.07416666666666667
0 0.4058333333333333 0.6175 0.030833333333333334 0.06
0 0.37583333333333335 0.6158333333333333 0.024166666666666666 0.075
0 0.4166666666666667 0.6141666666666666 0.03666666666666667 0.06166666666666667
0 0.37083333333333335 0.5758333333333333 0.035833333333333335 0.0375
0 0.3958333333333333 0.5741666666666667 0.03 0.02666666666666667
0 0.4166666666666667 0.5641666666666667 0.02666666666666667 0.04833333333333333
0 0.38 0.555 0.043333333333333335 0.03333333333333333
0 0.33666666666666667 0.5533333333333333 0.018333333333333333 0.07083333333333333
0 0.43583333333333335 0.9758333333333333 0.035833333333333335 0.041666666666666664
0 0.36833333333333335 0.5408333333333334 0.03333333333333333 0.04083333333333333