0 0.555 0.5283333333333333 0.05416666666666667 0.0575
0 0.5383333333333333 0.4275 0.049166666666666664 0.03833333333333333
0 0.585 0.41333333333333333 0.058333333333333334 0.060833333333333336
0 0.5566666666666666 0.4066666666666667 0.04583333333333333 0.03916666666666667
0 0.5783333333333334 0.3675 0.04666666666666667 0.05333333333333334
0 0.5941666666666666 0.365 0.04 0.0675
0 0.6258333333333334 0.35 0.04416666666666667 0.06416666666666666
0 0.575 0.3491666666666667 0.050833333333333335 0.043333333333333335
0 0.5958333333333333 0.31833333333333336 0.050833333333333335 0.03916666666666667
0 0.59 0.295 0.0525 0.041666666666666664
0 0.6425 0.2658333333333333 0.051666666666666666 0.05
0 0.63 0.2375 0.050833333333333335 0.060833333333333336
0 0.665 0.22666666666666666 0.0525 0.0425
0 0.6775 0.19666666666666666 0.06 0.03666666666666667
0 0.6983333333333334 0.17583333333333334 0.0475 0.04083333333333333
0 0.355 0.73 0.03333333333333333 0.0775
0 0.3425 0.7216666666666667 0.020833333333333332 0.08083333333333333
0 0.3775 0.7091666666666666 0.0425 0.0675
0 0.3225 0.7091666666666666 0.04666666666666667 0.06
0 0.30083333333333334 0.7075 0.05416666666666667 0.051666666666666666
0 0.3933333333333333 0.69 0.041666666666666664 0.07833333333333334
0 0.31666666666666665 0.6675 0.0425 0.07416666666666667
0 0.36833333333333335 0.6641666666666667 0.028333333333333332 0.06916666666666667
0 0.3408333333333333 0.6616666666666666 0.03916666666666667 0.06416666666666666
0 0.2633333333333333 0.6583333333333333 0.035 0.051666666666666666
0 0.2758333333333333 0.6575 0.03916666666666667 0.059166666666666666
0 0.4325 0.6558333333333334 0.0525 0.04
0 0.29 0.6516666666666666 0.03166666666666667 0.08
0 0.3425 0.6441666666666667 0.03333333333333333 0.05333333333333334
0 0.44583333333333336 0.6408333333333334 0.03916666666666667 0.03
0 0.30333333333333334 0.615 0.04583333333333333 0.07916666666666666
0 0.4825 0.5508333333333333 0.04583333333333333 0.08833333333333333
0 0.5258333333333334 0.5341666666666667 0.045 0.03833333333333333