0 0.755 0.5366666666666666 0.024166666666666666 0.06166666666666667
0 0.7325 0.525 0.034166666666666665 0.03333333333333333
0 0.7033333333333334 0.5191666666666667 0.04416666666666667 0.035833333333333335
0 0.7575 0.5016666666666667 0.03666666666666667 0.05583333333333333
0 0.785 0.5 0.03916666666666667 0.04
0 0.7308333333333333 0.49333333333333335 0.03666666666666667 0.04083333333333333
0 0.81 0.49166666666666664 0.024166666666666666 0.08666666666666667
0 0.7266666666666667 0.4708333333333333 0.03833333333333333 0.03833333333333333
0 0.77 0.4583333333333333 0.03666666666666667 0.05416666666666667
0 0.7108333333333333 0.45666666666666667 0.04666666666666667 0.035
0 0.7441666666666666 0.43833333333333335 0.03 0.05333333333333334
0 0.6175 0.9591666666666666 0.025 0.030833333333333334
0 0.7833333333333333 0.43416666666666665 0.02666666666666667 0.0375
0 0.7216666666666667 0.4325 0.030833333333333334 0.034166666666666665
0 0.6758333333333333 0.4275 0.03666666666666667 0.03833333333333333
0 0.7033333333333334 0.4141666666666667 0.03166666666666667 0.051666666666666666
0 0.7816666666666666 0.405 0.023333333333333334 0.041666666666666664
0 0.7383333333333333 0.39666666666666667 0.041666666666666664 0.04583333333333333
0 0.6841666666666667 0.3908333333333333 0.03666666666666667 0.0325
0 0.6633333333333333 0.375 0.02 0.06
0 0.6408333333333334 0.95 0.030833333333333334 0.03
0 0.6791666666666667 0.3383333333333333 0.035 0.04833333333333333
0 0.745 0.33166666666666667 0.028333333333333332 0.06666666666666667
0 0.7 0.3275 0.03666666666666667 0.03333333333333333
0 0.7191666666666666 0.32166666666666666 0.035833333333333335 0.055
0 0.6733333333333333 0.9458333333333333 0.03666666666666667 0.050833333333333335
0 0.6875 0.3 0.0425 0.05333333333333334
0 0.6608333333333334 0.28833333333333333 0.04583333333333333 0.07
0 0.7475 0.2875 0.041666666666666664 0.04
0 0.7166666666666667 0.2825 0.03916666666666667 0.04083333333333333
0 0.64 0.25 0.034166666666666665 0.04083333333333333
0 0.6816666666666666 0.21666666666666667 0.0225 0.07
0 0.7191666666666666 0.21333333333333335 0.03666666666666667 0.07833333333333334
0 0.69 0.21083333333333334 0.0175 0.06166666666666667
0 0.7083333333333334 0.9308333333333333 0.03666666666666667 0.035
0 0.22 0.12583333333333332 0.0475 0.0525
0 0.24583333333333332 0.12083333333333333 0.020833333333333332 0.041666666666666664
0 0.22666666666666666 0.11583333333333333 0.041666666666666664 0.058333333333333334
0 0.6591666666666667 0.9258333333333333 0.04083333333333333 0.043333333333333335
0 0.6241666666666666 0.925 0.0325 0.04083333333333333
0 0.6708333333333333 0.9175 0.0375 0.0275
0 0.6983333333333334 0.9091666666666667 0.018333333333333333 0.021666666666666667
0 0.6691666666666667 0.9016666666666666 0.0325 0.030833333333333334
0 0.6733333333333333 0.8916666666666667 0.03916666666666667 0.0575
0 0.6908333333333333 0.8841666666666667 0.0375 0.04083333333333333
0 0.7183333333333334 0.8666666666666667 0.0325 0.0525
0 0.7016666666666667 0.865 0.034166666666666665 0.06583333333333333
0 0.6758333333333333 0.8508333333333333 0.03166666666666667 0.043333333333333335
0 0.20416666666666666 0.7508333333333334 0.04583333333333333 0.06166666666666667
0 0.6716666666666666 0.6816666666666666 0.0225 0.06666666666666667
0 0.6866666666666666 0.6683333333333333 0.0175 0.06416666666666666
0 0.67 0.6408333333333334 0.030833333333333334 0.056666666666666664
0 0.7066666666666667 0.6366666666666667 0.021666666666666667 0.059166666666666666
0 0.25416666666666665 0.6266666666666667 0.025833333333333333 0.06333333333333334
0 0.6958333333333333 0.6216666666666667 0.03 0.04833333333333333
0 0.7241666666666666 0.6216666666666667 0.024166666666666666 0.0725
0 0.24833333333333332 0.6033333333333334 0.02 0.03916666666666667
0 0.7208333333333333 0.5841666666666666 0.0375 0.045
0 0.69 0.5825 0.02666666666666667 0.055
0 0.7141666666666666 0.575 0.034166666666666665 0.0275
0 0.2725 0.5625 0.034166666666666665 0.06583333333333333
0 0.29 0.5583333333333333 0.04583333333333333 0.056666666666666664
0 0.7208333333333333 0.555 0.04 0.030833333333333334
0 0.7683333333333333 0.55 0.034166666666666665 0.056666666666666664
0 0.705 0.5441666666666667 0.034166666666666665 0.0325