0 0.2608333333333333 0.4725 0.03333333333333333 0.09083333333333334
0 0.7791666666666667 0.48333333333333334 0.028333333333333332 0.06666666666666667
0 0.23083333333333333 0.48833333333333334 0.028333333333333332 0.08583333333333333
0 0.30833333333333335 0.5016666666666667 0.024166666666666666 0.06833333333333333
0 0.7858333333333334 0.5133333333333333 0.015 0.06416666666666666
0 0.7525 0.515 0.034166666666666665 0.07
0 0.3383333333333333 0.515 0.041666666666666664 0.0425
0 0.8025 0.5283333333333333 0.03 0.055
0 0.8516666666666667 0.5291666666666667 0.034166666666666665 0.09083333333333334
0 0.8266666666666667 0.53 0.029166666666666667 0.06583333333333333
0 0.25083333333333335 0.5358333333333334 0.03 0.07166666666666667
0 0.77 0.5366666666666666 0.019166666666666665 0.04416666666666667
0 0.7491666666666666 0.5591666666666667 0.028333333333333332 0.05416666666666667
0 0.7933333333333333 0.5758333333333333 0.04416666666666667 0.055
0 0.7075 0.5791666666666667 0.034166666666666665 0.07166666666666667
0 0.7575 0.5941666666666666 0.020833333333333332 0.05583333333333333
0 0.6475 0.5958333333333333 0.04083333333333333 0.07083333333333333
0 0.745 0.6191666666666666 0.02 0.06916666666666667
0 0.7341666666666666 0.6358333333333334 0.021666666666666667 0.08833333333333333
0 0.6333333333333333 0.6608333333333334 0.02666666666666667 0.0925
0 0.6183333333333333 0.6816666666666666 0.025 0.07083333333333333
0 0.3 0.7433333333333333 0.035833333333333335 0.08166666666666667
0 0.53 0.8066666666666666 0.030833333333333334 0.07916666666666666
0 0.2608333333333333 0.14083333333333334 0.035833333333333335 0.07083333333333333
0 0.27666666666666667 0.15166666666666667 0.029166666666666667 0.051666666666666666
0 0.2325 0.18583333333333332 0.023333333333333334 0.07
0 0.25333333333333335 0.21083333333333334 0.030833333333333334 0.07416666666666667
0 0.29 0.23083333333333333 0.023333333333333334 0.08
0 0.23416666666666666 0.24583333333333332 0.020833333333333332 0.06666666666666667
0 0.2966666666666667 0.2725 0.018333333333333333 0.08583333333333333
0 0.25166666666666665 0.2791666666666667 0.0225 0.08416666666666667
0 0.27416666666666667 0.2825 0.020833333333333332 0.07833333333333334
0 0.7875 0.2875 0.03 0.07416666666666667
0 0.7925 0.31333333333333335 0.041666666666666664 0.06583333333333333
0 0.30833333333333335 0.31416666666666665 0.013333333333333334 0.06416666666666666
0 0.8758333333333334 0.315 0.049166666666666664 0.034166666666666665
0 0.245 0.32166666666666666 0.024166666666666666 0.06833333333333333
0 0.8166666666666667 0.32166666666666666 0.030833333333333334 0.043333333333333335
0 0.29 0.32166666666666666 0.015 0.07916666666666666
0 0.9275 0.3258333333333333 0.04833333333333333 0.04833333333333333
0 0.8316666666666667 0.3283333333333333 0.04083333333333333 0.04666666666666667
0 0.21 0.3466666666666667 0.0275 0.07666666666666666
0 0.305 0.3516666666666667 0.019166666666666665 0.07666666666666666
0 0.8725 0.3525 0.0325 0.04
0 0.8941666666666667 0.3616666666666667 0.03 0.055
0 0.7983333333333333 0.3616666666666667 0.025833333333333333 0.023333333333333334
0 0.8441666666666666 0.36333333333333334 0.03166666666666667 0.0475
0 0.8175 0.365 0.0325 0.0325
0 0.3308333333333333 0.36833333333333335 0.035833333333333335 0.04666666666666667
0 0.8625 0.37916666666666665 0.034166666666666665 0.029166666666666667
0 0.8083333333333333 0.3933333333333333 0.034166666666666665 0.03333333333333333
0 0.23333333333333334 0.3958333333333333 0.025 0.12166666666666667
0 0.21333333333333335 0.405 0.0225 0.08833333333333333
0 0.33916666666666667 0.4091666666666667 0.03333333333333333 0.0475
0 0.8516666666666667 0.4091666666666667 0.029166666666666667 0.04416666666666667
0 0.8333333333333334 0.41083333333333333 0.025 0.051666666666666666
0 0.7758333333333334 0.4166666666666667 0.04416666666666667 0.055
0 0.805 0.41833333333333333 0.0425 0.059166666666666666
0 0.8608333333333333 0.4241666666666667 0.035 0.05
0 0.37166666666666665 0.42833333333333334 0.03916666666666667 0.058333333333333334
0 0.4075 0.435 0.03333333333333333 0.07666666666666666
0 0.29 0.43916666666666665 0.0275 0.06833333333333333
0 0.3125 0.4483333333333333 0.03833333333333333 0.08666666666666667
0 0.8566666666666667 0.4533333333333333 0.03333333333333333 0.055
0 0.7658333333333334 0.4533333333333333 0.03666666666666667 0.04833333333333333
0 0.8283333333333334 0.45916666666666667 0.028333333333333332 0.059166666666666666
0 0.8083333333333333 0.4658333333333333 0.030833333333333334 0.05333333333333334