0 0.3258333333333333 0.5566666666666666 0.03666666666666667 0.0325
0 0.5966666666666667 0.5533333333333333 0.03833333333333333 0.035
0 0.30833333333333335 0.545 0.025833333333333333 0.04083333333333333
0 0.34833333333333333 0.5275 0.0475 0.03333333333333333
0 0.2875 0.5166666666666667 0.04083333333333333 0.035
0 0.5291666666666667 0.31 0.0008333333333333334 0.006666666666666667
0 0.8625 0.09166666666666666 0.04416666666666667 0.0475
0 0.2925 0.6891666666666667 0.029166666666666667 0.060833333333333336
0 0.5433333333333333 0.6733333333333333 0.03 0.03
0 0.5808333333333333 0.6691666666666667 0.03166666666666667 0.030833333333333334
0 0.5658333333333333 0.66 0.045 0.023333333333333334
0 0.6216666666666667 0.6566666666666666 0.035 0.0375
0 0.25333333333333335 0.6483333333333333 0.016666666666666666 0.0475
0 0.5983333333333334 0.6441666666666667 0.0375 0.028333333333333332
0 0.5308333333333334 0.6408333333333334 0.034166666666666665 0.0475
0 0.51 0.6391666666666667 0.029166666666666667 0.04416666666666667
0 0.5591666666666667 0.6341666666666667 0.03333333333333333 0.03
0 0.27416666666666667 0.6275 0.029166666666666667 0.056666666666666664
0 0.3125 0.6258333333333334 0.029166666666666667 0.065
0 0.5341666666666667 0.6241666666666666 0.025833333333333333 0.04583333333333333
0 0.5775 0.62 0.035 0.03666666666666667
0 0.6083333333333333 0.6116666666666667 0.0275 0.0475
0 0.25833333333333336 0.6116666666666667 0.025833333333333333 0.04083333333333333
0 0.5458333333333333 0.605 0.0325 0.034166666666666665
0 0.41 0.6041666666666666 0.019166666666666665 0.06416666666666666
0 0.6375 0.5891666666666666 0.03833333333333333 0.06583333333333333
0 0.295 0.5833333333333334 0.03833333333333333 0.045
0 0.5508333333333333 0.5691666666666667 0.03833333333333333 0.028333333333333332
0 0.625 0.5633333333333334 0.035 0.050833333333333335
0 0.6433333333333333 0.5608333333333333 0.03 0.051666666666666666