0 0.48333333333333334 0.4225 0.045 0.0675
0 0.45416666666666666 0.43416666666666665 0.0325 0.056666666666666664
0 0.6258333333333334 0.43416666666666665 0.030833333333333334 0.059166666666666666
0 0.43 0.4475 0.035833333333333335 0.07416666666666667
0 0.32083333333333336 0.4483333333333333 0.045 0.049166666666666664
0 0.485 0.45666666666666667 0.035 0.07083333333333333
0 0.3025 0.4608333333333333 0.04416666666666667 0.05416666666666667
0 0.45666666666666667 0.4608333333333333 0.041666666666666664 0.06583333333333333
0 0.28 0.4666666666666667 0.0475 0.04666666666666667
0 0.74 0.4741666666666667 0.02666666666666667 0.095
0 0.77 0.49416666666666664 0.0425 0.058333333333333334
0 0.3416666666666667 0.49583333333333335 0.0375 0.06166666666666667
0 0.7941666666666667 0.5275 0.04 0.06166666666666667
0 0.7475 0.5383333333333333 0.023333333333333334 0.08833333333333333
0 0.7666666666666667 0.5491666666666667 0.0275 0.07083333333333333
0 0.8008333333333333 0.5541666666666667 0.04416666666666667 0.059166666666666666
0 0.7733333333333333 0.5941666666666666 0.021666666666666667 0.06833333333333333
0 0.805 0.5958333333333333 0.0225 0.09083333333333334
0 0.8225 0.6025 0.02666666666666667 0.1
0 0.7883333333333333 0.6216666666666667 0.0225 0.08333333333333333
0 0.8016666666666666 0.6558333333333334 0.03166666666666667 0.08083333333333333
0 0.8258333333333333 0.67 0.024166666666666666 0.065
0 0.125 0.6916666666666667 0.0425 0.0475
0 0.8158333333333333 0.695 0.03 0.07333333333333333
0 0.17166666666666666 0.7175 0.03666666666666667 0.07833333333333334
0 0.5166666666666667 0.13583333333333333 0.021666666666666667 0.09
0 0.5308333333333334 0.18583333333333332 0.024166666666666666 0.07
0 0.5558333333333333 0.2175 0.0225 0.0975
0 0.32666666666666666 0.2725 0.023333333333333334 0.08416666666666667
0 0.33166666666666667 0.3075 0.025833333333333333 0.10083333333333333
0 0.3433333333333333 0.3358333333333333 0.0275 0.08833333333333333
0 0.35833333333333334 0.36333333333333334 0.028333333333333332 0.08
0 0.4041666666666667 0.3933333333333333 0.0225 0.09
0 0.44166666666666665 0.39416666666666667 0.0475 0.0525
0 0.42583333333333334 0.4066666666666667 0.03333333333333333 0.06833333333333333