0 0.5641666666666667 0.5383333333333333 0.029166666666666667 0.085
0 0.5483333333333333 0.5216666666666666 0.020833333333333332 0.09166666666666666
0 0.5316666666666666 0.5091666666666667 0.030833333333333334 0.08416666666666667
0 0.5883333333333334 0.5058333333333334 0.023333333333333334 0.09166666666666666
0 0.555 0.49 0.0225 0.0775
0 0.74 0.4775 0.0425 0.055
0 0.7708333333333334 0.47333333333333333 0.04833333333333333 0.035833333333333335
0 0.6216666666666667 0.4716666666666667 0.05583333333333333 0.045
0 0.7891666666666667 0.4666666666666667 0.03666666666666667 0.05333333333333334
0 0.5283333333333333 0.45916666666666667 0.025 0.08333333333333333
0 0.75 0.44333333333333336 0.04416666666666667 0.04083333333333333
0 0.37333333333333335 0.39916666666666667 0.03 0.065
0 0.2758333333333333 0.3875 0.021666666666666667 0.08916666666666667
0 0.2475 0.37416666666666665 0.041666666666666664 0.04083333333333333
0 0.25416666666666665 0.3408333333333333 0.020833333333333332 0.059166666666666666
0 0.2725 0.33666666666666667 0.029166666666666667 0.08666666666666667
0 0.20583333333333334 0.33416666666666667 0.04416666666666667 0.06166666666666667
0 0.23416666666666666 0.32916666666666666 0.025833333333333333 0.06666666666666667
0 0.20916666666666667 0.31416666666666665 0.03833333333333333 0.06166666666666667
0 0.24416666666666667 0.30833333333333335 0.0225 0.09666666666666666
0 0.26166666666666666 0.28833333333333333 0.020833333333333332 0.060833333333333336
0 0.22083333333333333 0.2675 0.019166666666666665 0.0775
0 0.235 0.25916666666666666 0.024166666666666666 0.09166666666666666
0 0.20083333333333334 0.25666666666666665 0.0275 0.08416666666666667
0 0.86 0.235 0.04416666666666667 0.045
0 0.20666666666666667 0.21916666666666668 0.030833333333333334 0.09583333333333334
0 0.8183333333333334 0.2175 0.041666666666666664 0.043333333333333335
0 0.4925 0.8141666666666667 0.02 0.08833333333333333
0 0.4766666666666667 0.7825 0.02666666666666667 0.0825
0 0.5875 0.7416666666666667 0.0475 0.04083333333333333
0 0.4775 0.7408333333333333 0.02 0.08333333333333333
0 0.6033333333333334 0.715 0.043333333333333335 0.03833333333333333
0 0.6233333333333333 0.6875 0.045 0.041666666666666664
0 0.63 0.6466666666666666 0.035833333333333335 0.06833333333333333
0 0.575 0.5508333333333333 0.03 0.07666666666666666