0 0.5058333333333334 0.4666666666666667 0.015 0.06333333333333334
0 0.5208333333333334 0.48 0.016666666666666666 0.060833333333333336
0 0.5708333333333333 0.49166666666666664 0.019166666666666665 0.05416666666666667
0 0.555 0.49166666666666664 0.020833333333333332 0.02666666666666667
0 0.5391666666666667 0.5133333333333333 0.02 0.051666666666666666
0 0.5516666666666666 0.52 0.015833333333333335 0.045
0 0.5241666666666667 0.5275 0.023333333333333334 0.058333333333333334
0 0.5108333333333334 0.5308333333333334 0.018333333333333333 0.0675
0 0.5658333333333333 0.5433333333333333 0.013333333333333334 0.06166666666666667
0 0.5375 0.5491666666666667 0.021666666666666667 0.060833333333333336
0 0.5575 0.5758333333333333 0.019166666666666665 0.065
0 0.5391666666666667 0.5816666666666667 0.020833333333333332 0.06
0 0.5508333333333333 0.5958333333333333 0.013333333333333334 0.06
0 0.5383333333333333 0.6091666666666666 0.0275 0.060833333333333336
0 0.5241666666666667 0.6141666666666666 0.023333333333333334 0.0675
0 0.5625 0.6433333333333333 0.0175 0.06
0 0.5191666666666667 0.6466666666666666 0.019166666666666665 0.07416666666666667
0 0.5 0.6475 0.030833333333333334 0.04083333333333333
0 0.5758333333333333 0.6541666666666667 0.014166666666666666 0.08333333333333333
0 0.5425 0.6591666666666667 0.015 0.0675
0 0.5591666666666667 0.6758333333333333 0.021666666666666667 0.07166666666666667
0 0.5308333333333334 0.6808333333333333 0.013333333333333334 0.0675
0 0.5091666666666667 0.6841666666666667 0.03 0.06
0 0.5433333333333333 0.7091666666666666 0.015 0.058333333333333334
0 0.5575 0.7133333333333334 0.020833333333333332 0.050833333333333335
0 0.5291666666666667 0.7341666666666666 0.03 0.058333333333333334
0 0.575 0.74 0.0275 0.0725
0 0.5641666666666667 0.755 0.029166666666666667 0.060833333333333336
0 0.535 0.7691666666666667 0.04 0.06166666666666667
0 0.5633333333333334 0.7841666666666667 0.025 0.06166666666666667
0 0.6175 0.815 0.03166666666666667 0.08166666666666667
0 0.5125 0.30416666666666664 0.010833333333333334 0.060833333333333336
0 0.5 0.3258333333333333 0.0125 0.06166666666666667
0 0.49083333333333334 0.3441666666666667 0.010833333333333334 0.06166666666666667
0 0.5125 0.37333333333333335 0.015 0.06583333333333333
0 0.5633333333333334 0.44 0.013333333333333334 0.056666666666666664
0 0.5266666666666666 0.44 0.015 0.05583333333333333
0 0.5425 0.45 0.01 0.05416666666666667
0 0.5525 0.4575 0.014166666666666666 0.050833333333333335
0 0.5333333333333333 0.45916666666666667 0.011666666666666667 0.06583333333333333