0 0.775 0.5816666666666667 0.03666666666666667 0.0725
0 0.21833333333333332 0.58 0.028333333333333332 0.08666666666666667
0 0.31583333333333335 0.58 0.0325 0.0825
0 0.7366666666666667 0.5708333333333333 0.024166666666666666 0.07583333333333334
0 0.715 0.5691666666666667 0.023333333333333334 0.08
0 0.755 0.5516666666666666 0.018333333333333333 0.06
0 0.7033333333333334 0.5408333333333334 0.03666666666666667 0.08666666666666667
0 0.31416666666666665 0.5275 0.03 0.060833333333333336
0 0.7341666666666666 0.52 0.0275 0.08583333333333333
0 0.2916666666666667 0.5033333333333333 0.020833333333333332 0.0775
0 0.3075 0.48 0.023333333333333334 0.04833333333333333
0 0.7291666666666666 0.4608333333333333 0.021666666666666667 0.09166666666666666
0 0.6508333333333334 0.44666666666666666 0.024166666666666666 0.060833333333333336
0 0.7466666666666667 0.44333333333333336 0.019166666666666665 0.0875
0 0.30416666666666664 0.43916666666666665 0.02666666666666667 0.07916666666666666
0 0.285 0.43 0.02 0.075
0 0.7425 0.38 0.023333333333333334 0.07583333333333334
0 0.2758333333333333 0.375 0.045 0.056666666666666664
0 0.4525 0.355 0.025 0.095
0 0.7591666666666667 0.3333333333333333 0.028333333333333332 0.0875
0 0.6516666666666666 0.31833333333333336 0.025833333333333333 0.0825
0 0.44583333333333336 0.2683333333333333 0.015 0.06666666666666667
0 0.5858333333333333 0.25833333333333336 0.0225 0.095
0 0.43166666666666664 0.255 0.021666666666666667 0.09
0 0.645 0.24916666666666668 0.035833333333333335 0.07583333333333334
0 0.6075 0.20666666666666667 0.03666666666666667 0.0775
0 0.4325 0.19833333333333333 0.035 0.08
0 0.6158333333333333 0.16666666666666666 0.028333333333333332 0.07083333333333333
0 0.5816666666666667 0.155 0.025 0.10333333333333333
0 0.6241666666666666 0.13583333333333333 0.02666666666666667 0.08916666666666667
0 0.425 0.1275 0.021666666666666667 0.09166666666666666
0 0.6025 0.1025 0.019166666666666665 0.10583333333333333
0 0.5808333333333333 0.09333333333333334 0.023333333333333334 0.09333333333333334
0 0.6366666666666667 0.08083333333333333 0.015833333333333335 0.06666666666666667
0 0.4008333333333333 0.0775 0.03166666666666667 0.09416666666666666
0 0.59 0.06 0.025833333333333333 0.07583333333333334
0 0.5808333333333333 0.02 0.02 0.03916666666666667
0 0.5941666666666666 0.0125 0.016666666666666666 0.024166666666666666
0 0.6091666666666666 0.011666666666666667 0.015833333333333335 0.021666666666666667
0 0.35583333333333333 0.008333333333333333 0.02666666666666667 0.015833333333333335
0 0.6275 0.005833333333333334 0.02 0.01
0 0.7583333333333333 0.8233333333333334 0.024166666666666666 0.060833333333333336
0 0.7483333333333333 0.8 0.024166666666666666 0.08833333333333333
0 0.14083333333333334 0.7783333333333333 0.0125 0.03666666666666667
0 0.15333333333333332 0.7675 0.024166666666666666 0.0875
0 0.765 0.7658333333333334 0.02 0.060833333333333336
0 0.8208333333333333 0.7558333333333334 0.0325 0.0675
0 0.20083333333333334 0.7516666666666667 0.020833333333333332 0.095
0 0.7983333333333333 0.7516666666666667 0.035833333333333335 0.07666666666666666
0 0.7383333333333333 0.7508333333333334 0.0225 0.06666666666666667
0 0.7766666666666666 0.7275 0.018333333333333333 0.09166666666666666
0 0.19666666666666666 0.7108333333333333 0.02666666666666667 0.07416666666666667
0 0.765 0.7041666666666667 0.0175 0.04833333333333333
0 0.7525 0.7016666666666667 0.0275 0.1
0 0.7341666666666666 0.6916666666666667 0.024166666666666666 0.0825
0 0.7608333333333334 0.66 0.0325 0.06916666666666667
0 0.21583333333333332 0.6391666666666667 0.035 0.0825
0 0.79 0.635 0.023333333333333334 0.09416666666666666
0 0.7408333333333333 0.625 0.028333333333333332 0.08833333333333333
0 0.7016666666666667 0.6191666666666666 0.015 0.05
0 0.6908333333333333 0.6116666666666667 0.024166666666666666 0.08833333333333333
0 0.7158333333333333 0.61 0.024166666666666666 0.095
0 0.8091666666666667 0.5933333333333334 0.0175 0.07416666666666667