0 0.725 0.4716666666666667 0.0625 0.13416666666666666
0 0.23583333333333334 0.5008333333333334 0.08416666666666667 0.0675
0 0.3441666666666667 0.5325 0.0725 0.13583333333333333
0 0.2725 0.5675 0.0975 0.07833333333333334
0 0.42083333333333334 0.65 0.058333333333333334 0.13666666666666666
0 0.43666666666666665 0.745 0.09083333333333334 0.07083333333333333
0 0.41083333333333333 0.81 0.06916666666666667 0.065
0 0.6108333333333333 0.83 0.058333333333333334 0.14083333333333334
0 0.8625 0.8808333333333334 0.08166666666666667 0.09583333333333334
0 0.9275 0.9175 0.04666666666666667 0.14833333333333334
0 0.9716666666666667 0.0975 0.05583333333333333 0.1225
0 0.3233333333333333 0.38916666666666666 0.0575 0.10583333333333333
0 0.2683333333333333 0.435 0.075 0.0925