0 0.42083333333333334 0.465 0.0175 0.06416666666666666
0 0.3725 0.465 0.0175 0.07083333333333333
0 0.27416666666666667 0.4675 0.02666666666666667 0.07833333333333334
0 0.4583333333333333 0.4691666666666667 0.02 0.07333333333333333
0 0.435 0.4775 0.015833333333333335 0.07
0 0.3383333333333333 0.485 0.015833333333333335 0.06333333333333334
0 0.25416666666666665 0.485 0.02666666666666667 0.06416666666666666
0 0.235 0.49 0.024166666666666666 0.07166666666666667
0 0.35083333333333333 0.49166666666666664 0.016666666666666666 0.0575
0 0.3233333333333333 0.5 0.0225 0.060833333333333336
0 0.3616666666666667 0.5075 0.015833333333333335 0.058333333333333334
0 0.25416666666666665 0.5233333333333333 0.028333333333333332 0.07416666666666667
0 0.4866666666666667 0.5316666666666666 0.018333333333333333 0.07416666666666667
0 0.3466666666666667 0.535 0.018333333333333333 0.0525
0 0.325 0.5375 0.030833333333333334 0.049166666666666664
0 0.26166666666666666 0.5491666666666667 0.02 0.0725
0 0.37333333333333335 0.5525 0.035 0.055
0 0.33 0.555 0.02 0.060833333333333336
0 0.47583333333333333 0.56 0.016666666666666666 0.07416666666666667
0 0.49833333333333335 0.5666666666666667 0.015833333333333335 0.08083333333333333
0 0.29 0.5733333333333334 0.011666666666666667 0.04666666666666667
0 0.5116666666666667 0.5733333333333334 0.0175 0.06916666666666667
0 0.3441666666666667 0.5758333333333333 0.0325 0.06666666666666667
0 0.48583333333333334 0.5866666666666667 0.014166666666666666 0.050833333333333335
0 0.3525 0.6025 0.013333333333333334 0.07083333333333333
0 0.32083333333333336 0.6133333333333333 0.019166666666666665 0.07666666666666666
0 0.5191666666666667 0.615 0.02 0.0725
0 0.4708333333333333 0.6233333333333333 0.021666666666666667 0.07583333333333334
0 0.45 0.6316666666666667 0.015833333333333335 0.056666666666666664
0 0.49583333333333335 0.6416666666666667 0.014166666666666666 0.0725
0 0.3433333333333333 0.6425 0.016666666666666666 0.08583333333333333
0 0.4791666666666667 0.6483333333333333 0.0175 0.07916666666666666
0 0.5083333333333333 0.6491666666666667 0.015833333333333335 0.0825
0 0.5183333333333333 0.655 0.02 0.05
0 0.5475 0.66 0.015833333333333335 0.07666666666666666
0 0.3283333333333333 0.6733333333333333 0.019166666666666665 0.08166666666666667
0 0.4575 0.6741666666666667 0.03 0.03916666666666667
0 0.365 0.6808333333333333 0.03333333333333333 0.06416666666666666
0 0.4875 0.6883333333333334 0.014166666666666666 0.07666666666666666
0 0.46416666666666667 0.695 0.018333333333333333 0.065
0 0.5008333333333334 0.6975 0.015833333333333335 0.0625
0 0.31333333333333335 0.6991666666666667 0.025 0.08083333333333333
0 0.5741666666666667 0.7008333333333333 0.016666666666666666 0.07583333333333334
0 0.45 0.7041666666666667 0.018333333333333333 0.03916666666666667
0 0.5541666666666667 0.7075 0.016666666666666666 0.06166666666666667
0 0.5333333333333333 0.7208333333333333 0.015833333333333335 0.07833333333333334
0 0.5466666666666666 0.7408333333333333 0.0175 0.07833333333333334
0 0.5208333333333334 0.7466666666666667 0.018333333333333333 0.0775
0 0.5791666666666667 0.7616666666666667 0.015833333333333335 0.0625
0 0.5608333333333333 0.7716666666666666 0.0175 0.0775
0 0.5458333333333333 0.7841666666666667 0.02 0.0725
0 0.5341666666666667 0.7933333333333333 0.015 0.07666666666666666
0 0.555 0.8425 0.0275 0.0675
0 0.09916666666666667 0.9075 0.0375 0.06583333333333333
0 0.07 0.9333333333333333 0.03666666666666667 0.06916666666666667
0 0.155 0.9808333333333333 0.04 0.035
0 0.4775 0.17 0.025 0.06833333333333333
0 0.4866666666666667 0.17916666666666667 0.01 0.045
0 0.5041666666666667 0.18333333333333332 0.0275 0.060833333333333336
0 0.5325 0.22916666666666666 0.034166666666666665 0.0325
0 0.5583333333333333 0.22916666666666666 0.030833333333333334 0.025833333333333333
0 0.4558333333333333 0.235 0.0425 0.034166666666666665
0 0.43166666666666664 0.24666666666666667 0.045 0.03333333333333333
0 0.5508333333333333 0.2525 0.04083333333333333 0.035
0 0.5783333333333334 0.255 0.0375 0.035
0 0.59 0.26166666666666666 0.03666666666666667 0.0425
0 0.5158333333333334 0.26416666666666666 0.03666666666666667 0.03833333333333333
0 0.4075 0.2675 0.035833333333333335 0.03166666666666667
0 0.6041666666666666 0.26916666666666667 0.04 0.04666666666666667
0 0.43833333333333335 0.2733333333333333 0.04 0.03
0 0.5366666666666666 0.2791666666666667 0.029166666666666667 0.028333333333333332
0 0.5633333333333334 0.28583333333333333 0.0375 0.03
0 0.6208333333333333 0.2866666666666667 0.02666666666666667 0.0525
0 0.4025 0.2891666666666667 0.035 0.0325
0 0.6 0.29 0.0325 0.043333333333333335
0 0.5191666666666667 0.2925 0.0425 0.034166666666666665
0 0.4241666666666667 0.2991666666666667 0.03666666666666667 0.028333333333333332
0 0.5708333333333333 0.30833333333333335 0.030833333333333334 0.0325
0 0.5416666666666666 0.315 0.03916666666666667 0.03
0 0.39 0.32083333333333336 0.035 0.04416666666666667
0 0.36833333333333335 0.32666666666666666 0.035 0.06416666666666666
0 0.4225 0.34 0.02666666666666667 0.0625
0 0.39666666666666667 0.34 0.0425 0.03666666666666667
0 0.40166666666666667 0.35833333333333334 0.03833333333333333 0.04416666666666667
0 0.3625 0.36 0.023333333333333334 0.04416666666666667
0 0.45166666666666666 0.3641666666666667 0.0275 0.075
0 0.3466666666666667 0.37416666666666665 0.0225 0.06
0 0.3675 0.37583333333333335 0.02666666666666667 0.049166666666666664
0 0.42333333333333334 0.38333333333333336 0.04083333333333333 0.0425
0 0.3983333333333333 0.40166666666666667 0.034166666666666665 0.03833333333333333
0 0.0675 0.4091666666666667 0.03666666666666667 0.07583333333333334
0 0.3725 0.41 0.02 0.04666666666666667
0 0.41583333333333333 0.4116666666666667 0.03916666666666667 0.041666666666666664
0 0.44333333333333336 0.42 0.02666666666666667 0.06666666666666667
0 0.3408333333333333 0.42333333333333334 0.028333333333333332 0.07
0 0.3566666666666667 0.425 0.028333333333333332 0.07
0 0.275 0.42583333333333334 0.03 0.06916666666666667
0 0.38083333333333336 0.43583333333333335 0.015 0.07666666666666666
0 0.0425 0.44333333333333336 0.025833333333333333 0.06916666666666667
0 0.25333333333333335 0.44916666666666666 0.025833333333333333 0.07416666666666667
0 0.3616666666666667 0.45416666666666666 0.015833333333333335 0.056666666666666664