0 0.4175 0.48333333333333334 0.03833333333333333 0.03
0 0.45 0.4841666666666667 0.041666666666666664 0.035833333333333335
0 0.3491666666666667 0.4891666666666667 0.034166666666666665 0.041666666666666664
0 0.32916666666666666 0.49083333333333334 0.03916666666666667 0.04666666666666667
0 0.3 0.49333333333333335 0.0325 0.04583333333333333
0 0.6825 0.495 0.04 0.0825
0 0.375 0.5016666666666667 0.04 0.059166666666666666
0 0.3 0.505 0.04833333333333333 0.060833333333333336
0 0.42583333333333334 0.5083333333333333 0.04 0.034166666666666665
0 0.395 0.51 0.035833333333333335 0.050833333333333335
0 0.9291666666666667 0.515 0.050833333333333335 0.06416666666666666
0 0.3525 0.5275 0.041666666666666664 0.04
0 0.9575 0.5341666666666667 0.04083333333333333 0.06
0 0.2975 0.5375 0.034166666666666665 0.050833333333333335
0 0.4508333333333333 0.54 0.04583333333333333 0.041666666666666664
0 0.7275 0.5408333333333334 0.03 0.08583333333333333
0 0.3958333333333333 0.5433333333333333 0.04416666666666667 0.035
0 0.32083333333333336 0.545 0.03916666666666667 0.0375
0 0.35333333333333333 0.5558333333333333 0.030833333333333334 0.028333333333333332
0 0.375 0.5558333333333333 0.035 0.034166666666666665
0 0.33 0.58 0.041666666666666664 0.0475
0 0.3575 0.5816666666666667 0.04 0.04083333333333333
0 0.42916666666666664 0.5816666666666667 0.041666666666666664 0.04
0 0.72 0.5825 0.021666666666666667 0.0925
0 0.42 0.595 0.03833333333333333 0.045
0 0.38 0.605 0.0425 0.03166666666666667
0 0.7366666666666667 0.6083333333333333 0.019166666666666665 0.075
0 0.45416666666666666 0.6116666666666667 0.04083333333333333 0.034166666666666665
0 0.7541666666666667 0.6183333333333333 0.03333333333333333 0.07916666666666666
0 0.4775 0.62 0.04083333333333333 0.0375
0 0.43083333333333335 0.6233333333333333 0.041666666666666664 0.04666666666666667
0 0.4075 0.63 0.03666666666666667 0.04416666666666667
0 0.3675 0.6308333333333334 0.0375 0.05416666666666667
0 0.39 0.6341666666666667 0.0375 0.0375
0 0.4841666666666667 0.645 0.0475 0.035833333333333335
0 0.36333333333333334 0.6591666666666667 0.0225 0.06666666666666667
0 0.39916666666666667 0.6591666666666667 0.04083333333333333 0.02666666666666667
0 0.44333333333333336 0.6641666666666667 0.045 0.0375
0 0.3825 0.6791666666666667 0.029166666666666667 0.05333333333333334
0 0.4066666666666667 0.6816666666666666 0.0375 0.03
0 0.4675 0.69 0.03833333333333333 0.035
0 0.45166666666666666 0.6983333333333334 0.045 0.0425
0 0.42583333333333334 0.7058333333333333 0.03916666666666667 0.04
0 0.42 0.7191666666666666 0.035833333333333335 0.043333333333333335
0 0.3825 0.72 0.0275 0.058333333333333334
0 0.3983333333333333 0.7216666666666667 0.035 0.049166666666666664
0 0.7125 0.7275 0.02666666666666667 0.0325
0 0.455 0.7275 0.041666666666666664 0.030833333333333334
0 0.4266666666666667 0.7516666666666667 0.035 0.03666666666666667
0 0.45416666666666666 0.7566666666666667 0.03666666666666667 0.04833333333333333
0 0.3983333333333333 0.7658333333333334 0.0325 0.06
0 0.4175 0.7766666666666666 0.03333333333333333 0.06833333333333333
0 0.4425 0.805 0.035833333333333335 0.07916666666666666
0 0.4008333333333333 0.825 0.0175 0.08666666666666667
0 0.4191666666666667 0.8283333333333334 0.0175 0.065
0 0.43666666666666665 0.8383333333333334 0.016666666666666666 0.08083333333333333
0 0.42583333333333334 0.8683333333333333 0.015 0.06166666666666667
0 0.41333333333333333 0.9058333333333334 0.018333333333333333 0.08333333333333333
0 0.4375 0.9091666666666667 0.016666666666666666 0.0775
0 0.445 0.9233333333333333 0.030833333333333334 0.0775
0 0.395 0.9383333333333334 0.0225 0.07833333333333334
0 0.4241666666666667 0.9416666666666667 0.015833333333333335 0.08833333333333333
0 0.30416666666666664 0.14416666666666667 0.03166666666666667 0.0825
0 0.30333333333333334 0.185 0.029166666666666667 0.07583333333333334
0 0.4658333333333333 0.21333333333333335 0.035 0.07
0 0.30416666666666664 0.21833333333333332 0.02 0.0625
0 0.4683333333333333 0.23916666666666667 0.024166666666666666 0.050833333333333335
0 0.31666666666666665 0.24583333333333332 0.016666666666666666 0.07916666666666666
0 0.29333333333333333 0.275 0.016666666666666666 0.06333333333333334
0 0.30333333333333334 0.2916666666666667 0.0175 0.0925
0 0.49666666666666665 0.30416666666666664 0.023333333333333334 0.08166666666666667
0 0.3566666666666667 0.32083333333333336 0.041666666666666664 0.06
0 0.3308333333333333 0.32416666666666666 0.035833333333333335 0.06
0 0.49 0.3416666666666667 0.02 0.085
0 0.4625 0.35 0.030833333333333334 0.0875
0 0.29083333333333333 0.355 0.03666666666666667 0.041666666666666664
0 0.3458333333333333 0.3616666666666667 0.045 0.04
0 0.5133333333333333 0.3641666666666667 0.03833333333333333 0.0475
0 0.48333333333333334 0.3675 0.021666666666666667 0.0825
0 0.33 0.37916666666666665 0.034166666666666665 0.034166666666666665
0 0.305 0.38666666666666666 0.03666666666666667 0.030833333333333334
0 0.5175 0.3975 0.04 0.059166666666666666
0 0.365 0.3975 0.03916666666666667 0.03916666666666667
0 0.27666666666666667 0.4025 0.03166666666666667 0.059166666666666666
0 0.30916666666666665 0.4075 0.035833333333333335 0.0425
0 0.3433333333333333 0.41 0.045 0.03333333333333333
0 0.31 0.42 0.04083333333333333 0.058333333333333334
0 0.38 0.425 0.04416666666666667 0.03333333333333333
0 0.55 0.42916666666666664 0.03333333333333333 0.034166666666666665
0 0.5225 0.4325 0.03833333333333333 0.0675
0 0.345 0.435 0.04 0.0275
0 0.6708333333333333 0.44083333333333335 0.035833333333333335 0.06583333333333333
0 0.30416666666666664 0.4425 0.0325 0.06333333333333334
0 0.3958333333333333 0.4583333333333333 0.043333333333333335 0.030833333333333334
0 0.7041666666666667 0.45916666666666667 0.025833333333333333 0.07583333333333334
0 0.3416666666666667 0.4608333333333333 0.049166666666666664 0.0325
0 0.2941666666666667 0.46166666666666667 0.028333333333333332 0.06833333333333333
0 0.44416666666666665 0.4633333333333333 0.034166666666666665 0.043333333333333335
0 0.37916666666666665 0.4666666666666667 0.03666666666666667 0.0425