0 0.4125 0.455 0.03666666666666667 0.029166666666666667
0 0.45 0.4575 0.041666666666666664 0.04083333333333333
0 0.3475 0.4608333333333333 0.034166666666666665 0.03916666666666667
0 0.32666666666666666 0.4608333333333333 0.035833333333333335 0.04416666666666667
0 0.6775 0.465 0.03916666666666667 0.075
0 0.3016666666666667 0.4666666666666667 0.0325 0.045
0 0.37416666666666665 0.4741666666666667 0.02666666666666667 0.05416666666666667
0 0.3933333333333333 0.4791666666666667 0.03666666666666667 0.04083333333333333
0 0.425 0.4816666666666667 0.041666666666666664 0.03333333333333333
0 0.2966666666666667 0.485 0.034166666666666665 0.05333333333333334
0 0.92 0.4866666666666667 0.050833333333333335 0.051666666666666666
0 0.35083333333333333 0.49666666666666665 0.0425 0.03333333333333333
0 0.9533333333333334 0.5075 0.03166666666666667 0.058333333333333334
0 0.45 0.51 0.04666666666666667 0.041666666666666664
0 0.3925 0.5158333333333334 0.03916666666666667 0.0375
0 0.7241666666666666 0.5175 0.03 0.08
0 0.3225 0.5183333333333333 0.0375 0.034166666666666665
0 0.2966666666666667 0.5183333333333333 0.034166666666666665 0.041666666666666664
0 0.3541666666666667 0.5258333333333334 0.034166666666666665 0.035
0 0.375 0.5258333333333334 0.035833333333333335 0.035833333333333335
0 0.33 0.5516666666666666 0.03666666666666667 0.04583333333333333
0 0.42916666666666664 0.5525 0.04083333333333333 0.035
0 0.36083333333333334 0.5525 0.0425 0.03916666666666667
0 0.7141666666666666 0.5533333333333333 0.018333333333333333 0.0925
0 0.3825 0.5733333333333334 0.03833333333333333 0.03
0 0.4533333333333333 0.5808333333333333 0.035 0.0325
0 0.4275 0.5816666666666667 0.03666666666666667 0.035833333333333335
0 0.7341666666666666 0.5833333333333334 0.021666666666666667 0.06583333333333333
0 0.7491666666666666 0.5891666666666666 0.03333333333333333 0.07833333333333334
0 0.4775 0.5916666666666667 0.043333333333333335 0.03666666666666667
0 0.38916666666666666 0.5991666666666666 0.0375 0.0325
0 0.36666666666666664 0.6 0.03916666666666667 0.0525
0 0.43583333333333335 0.6075 0.03833333333333333 0.035833333333333335
0 0.4166666666666667 0.61 0.0275 0.05
0 0.4891666666666667 0.6116666666666667 0.04833333333333333 0.035833333333333335
0 0.3983333333333333 0.6291666666666667 0.03833333333333333 0.029166666666666667
0 0.44083333333333335 0.6333333333333333 0.045 0.03166666666666667
0 0.36583333333333334 0.635 0.0225 0.055
0 0.38333333333333336 0.6483333333333333 0.025833333333333333 0.04833333333333333
0 0.4066666666666667 0.6525 0.03666666666666667 0.0275
0 0.4675 0.6591666666666667 0.04 0.035833333333333335
0 0.4483333333333333 0.665 0.04416666666666667 0.04583333333333333
0 0.42583333333333334 0.6783333333333333 0.035833333333333335 0.03833333333333333
0 0.41833333333333333 0.6866666666666666 0.03333333333333333 0.0475
0 0.3958333333333333 0.6883333333333334 0.035833333333333335 0.056666666666666664
0 0.38333333333333336 0.6908333333333333 0.02666666666666667 0.0575
0 0.4533333333333333 0.6966666666666667 0.04 0.034166666666666665
0 0.7066666666666667 0.6975 0.02666666666666667 0.03166666666666667
0 0.4275 0.7241666666666666 0.03333333333333333 0.041666666666666664
0 0.4525 0.7258333333333333 0.03666666666666667 0.045
0 0.39416666666666667 0.7366666666666667 0.029166666666666667 0.05583333333333333
0 0.4033333333333333 0.7366666666666667 0.0275 0.058333333333333334
0 0.4166666666666667 0.7475 0.03 0.06666666666666667
0 0.4425 0.7733333333333333 0.03 0.075
0 0.3975 0.7941666666666667 0.015 0.08416666666666667
0 0.41833333333333333 0.8 0.018333333333333333 0.06416666666666666
0 0.43833333333333335 0.8125 0.0225 0.07083333333333333
0 0.4241666666666667 0.8391666666666666 0.015833333333333335 0.06333333333333334
0 0.4125 0.8716666666666667 0.015833333333333335 0.0875
0 0.43416666666666665 0.8758333333333334 0.015833333333333335 0.07583333333333334
0 0.4425 0.8925 0.0325 0.07416666666666667
0 0.3933333333333333 0.905 0.020833333333333332 0.0725
0 0.42333333333333334 0.9141666666666667 0.015 0.07083333333333333
0 0.305 0.12416666666666666 0.03333333333333333 0.08083333333333333
0 0.30083333333333334 0.16666666666666666 0.028333333333333332 0.06166666666666667
0 0.4691666666666667 0.19666666666666666 0.030833333333333334 0.06583333333333333
0 0.30333333333333334 0.1975 0.019166666666666665 0.056666666666666664
0 0.465 0.2225 0.015 0.050833333333333335
0 0.315 0.23083333333333333 0.015 0.05583333333333333
0 0.2916666666666667 0.24333333333333335 0.0175 0.065
0 0.30416666666666664 0.2658333333333333 0.0175 0.07583333333333334
0 0.49833333333333335 0.2816666666666667 0.021666666666666667 0.075
0 0.35583333333333333 0.2891666666666667 0.04 0.06166666666666667
0 0.3333333333333333 0.2941666666666667 0.035833333333333335 0.06666666666666667
0 0.48833333333333334 0.31583333333333335 0.02 0.07416666666666667
0 0.45916666666666667 0.31666666666666665 0.02666666666666667 0.08166666666666667
0 0.29083333333333333 0.335 0.03833333333333333 0.035833333333333335
0 0.345 0.3358333333333333 0.045 0.041666666666666664
0 0.5116666666666667 0.3375 0.03666666666666667 0.04583333333333333
0 0.48083333333333333 0.3416666666666667 0.024166666666666666 0.06916666666666667
0 0.3275 0.355 0.034166666666666665 0.0325
0 0.3075 0.3625 0.035833333333333335 0.029166666666666667
0 0.36583333333333334 0.36916666666666664 0.041666666666666664 0.035833333333333335
0 0.5166666666666667 0.3725 0.035833333333333335 0.05333333333333334
0 0.2783333333333333 0.37583333333333335 0.03 0.06166666666666667
0 0.3433333333333333 0.38333333333333336 0.0425 0.03333333333333333
0 0.31416666666666665 0.3875 0.030833333333333334 0.035833333333333335
0 0.38083333333333336 0.3975 0.03666666666666667 0.03
0 0.5458333333333333 0.4025 0.03166666666666667 0.0375
0 0.5208333333333334 0.4066666666666667 0.03833333333333333 0.06166666666666667
0 0.30666666666666664 0.4083333333333333 0.03666666666666667 0.05416666666666667
0 0.335 0.4091666666666667 0.03666666666666667 0.029166666666666667
0 0.36666666666666664 0.41333333333333333 0.0375 0.029166666666666667
0 0.6675 0.415 0.034166666666666665 0.06666666666666667
0 0.4375 0.43083333333333335 0.04083333333333333 0.03166666666666667
0 0.3425 0.43166666666666664 0.0425 0.03166666666666667
0 0.40166666666666667 0.4325 0.0375 0.029166666666666667
0 0.2925 0.44 0.028333333333333332 0.06583333333333333
0 0.3775 0.44333333333333336 0.03833333333333333 0.03916666666666667
0 0.7025 0.44916666666666666 0.021666666666666667 0.07666666666666666