0 0.2916666666666667 0.4925 0.021666666666666667 0.08416666666666667
0 0.9016666666666666 0.5133333333333333 0.041666666666666664 0.05583333333333333
0 0.26166666666666666 0.5416666666666666 0.04666666666666667 0.049166666666666664
0 0.24 0.5466666666666666 0.041666666666666664 0.034166666666666665
0 0.32416666666666666 0.5466666666666666 0.03166666666666667 0.04
0 0.2025 0.5683333333333334 0.045 0.0425
0 0.9675 0.5708333333333333 0.04083333333333333 0.04833333333333333
0 0.9866666666666667 0.5733333333333334 0.023333333333333334 0.07666666666666666
0 0.2375 0.5766666666666667 0.03833333333333333 0.06
0 0.2608333333333333 0.5875 0.034166666666666665 0.065
0 0.1925 0.5916666666666667 0.043333333333333335 0.050833333333333335
0 0.22583333333333333 0.6025 0.0425 0.04083333333333333
0 0.2075 0.6225 0.04833333333333333 0.03916666666666667
0 0.19083333333333333 0.6375 0.03833333333333333 0.065
0 0.2325 0.6566666666666666 0.03333333333333333 0.08416666666666667
0 0.5575 0.21916666666666668 0.04666666666666667 0.050833333333333335
0 0.51 0.23333333333333334 0.045 0.04
0 0.5183333333333333 0.26916666666666667 0.043333333333333335 0.06583333333333333
0 0.49583333333333335 0.27 0.049166666666666664 0.04583333333333333
0 0.5725 0.2758333333333333 0.03666666666666667 0.08583333333333333
0 0.5441666666666667 0.2783333333333333 0.035833333333333335 0.06166666666666667
0 0.5625 0.2975 0.03333333333333333 0.07916666666666666
0 0.545 0.315 0.025 0.065
0 0.8508333333333333 0.35083333333333333 0.03833333333333333 0.07583333333333334
0 0.8191666666666667 0.3858333333333333 0.03166666666666667 0.0775
0 0.8325 0.3858333333333333 0.0325 0.0825
0 0.8483333333333334 0.3925 0.025 0.09083333333333334
0 0.8783333333333333 0.41833333333333333 0.03916666666666667 0.06916666666666667
0 0.8725 0.43833333333333335 0.029166666666666667 0.058333333333333334
0 0.30666666666666664 0.44583333333333336 0.023333333333333334 0.08666666666666667
0 0.82 0.4533333333333333 0.04083333333333333 0.07666666666666666