0 0.5683333333333334 0.545 0.025 0.08416666666666667
0 0.555 0.5175 0.019166666666666665 0.0775
0 0.5333333333333333 0.5158333333333334 0.034166666666666665 0.08083333333333333
0 0.5883333333333334 0.5116666666666667 0.019166666666666665 0.0725
0 0.5633333333333334 0.4975 0.015 0.0675
0 0.7458333333333333 0.49 0.0475 0.059166666666666666
0 0.7808333333333334 0.4816666666666667 0.04416666666666667 0.03833333333333333
0 0.6275 0.4775 0.0525 0.051666666666666666
0 0.535 0.47583333333333333 0.025 0.06666666666666667
0 0.8041666666666667 0.4741666666666667 0.043333333333333335 0.05333333333333334
0 0.7616666666666667 0.45416666666666666 0.043333333333333335 0.0425
0 0.3775 0.4025 0.0325 0.06416666666666666
0 0.2791666666666667 0.39916666666666667 0.024166666666666666 0.09
0 0.24916666666666668 0.37833333333333335 0.0425 0.050833333333333335
0 0.25916666666666666 0.345 0.021666666666666667 0.06
0 0.27666666666666667 0.3383333333333333 0.030833333333333334 0.07333333333333333
0 0.20916666666666667 0.3358333333333333 0.04416666666666667 0.060833333333333336
0 0.24 0.33166666666666667 0.02 0.065
0 0.21166666666666667 0.31583333333333335 0.03833333333333333 0.059166666666666666
0 0.24583333333333332 0.30333333333333334 0.015833333333333335 0.06916666666666667
0 0.26416666666666666 0.2941666666666667 0.021666666666666667 0.06583333333333333
0 0.2225 0.26916666666666667 0.0175 0.07583333333333334
0 0.20333333333333334 0.2608333333333333 0.021666666666666667 0.08583333333333333
0 0.23833333333333334 0.2525 0.023333333333333334 0.08
0 0.8708333333333333 0.2475 0.0425 0.0575
0 0.8225 0.2225 0.045 0.04083333333333333
0 0.21 0.21166666666666667 0.029166666666666667 0.08
0 0.495 0.8225 0.020833333333333332 0.08416666666666667
0 0.4775 0.7883333333333333 0.02 0.08333333333333333
0 0.5908333333333333 0.7441666666666666 0.0475 0.0525
0 0.4816666666666667 0.7433333333333333 0.021666666666666667 0.0725
0 0.6016666666666667 0.7175 0.0475 0.03916666666666667
0 0.6275 0.7008333333333333 0.04583333333333333 0.06416666666666666
0 0.635 0.6566666666666666 0.035 0.0675
0 0.5766666666666667 0.5625 0.028333333333333332 0.06916666666666667