0 0.53 0.46416666666666667 0.02 0.07
0 0.5466666666666666 0.4708333333333333 0.021666666666666667 0.050833333333333335
0 0.5141666666666667 0.4975 0.015833333333333335 0.07666666666666666
0 0.5633333333333334 0.5133333333333333 0.0225 0.08083333333333333
0 0.5508333333333333 0.5183333333333333 0.025833333333333333 0.058333333333333334
0 0.5283333333333333 0.52 0.019166666666666665 0.07666666666666666
0 0.535 0.5233333333333333 0.023333333333333334 0.0725
0 0.5791666666666667 0.5391666666666667 0.021666666666666667 0.07583333333333334
0 0.5216666666666666 0.5508333333333333 0.014166666666666666 0.055
0 0.5516666666666666 0.56 0.015833333333333335 0.07083333333333333
0 0.49833333333333335 0.5675 0.015 0.0725
0 0.5183333333333333 0.5891666666666666 0.021666666666666667 0.07666666666666666
0 0.5416666666666666 0.59 0.023333333333333334 0.06916666666666667
0 0.5633333333333334 0.605 0.015 0.08166666666666667
0 0.5341666666666667 0.6116666666666667 0.020833333333333332 0.08
0 0.5133333333333333 0.6158333333333333 0.0175 0.085
0 0.5025 0.6341666666666667 0.024166666666666666 0.06833333333333333
0 0.5216666666666666 0.6516666666666666 0.010833333333333334 0.056666666666666664
0 0.5325 0.655 0.013333333333333334 0.065
0 0.5525 0.6558333333333334 0.021666666666666667 0.0775
0 0.5058333333333334 0.6716666666666666 0.0325 0.059166666666666666
0 0.5475 0.6925 0.020833333333333332 0.07666666666666666
0 0.5316666666666666 0.6983333333333334 0.023333333333333334 0.056666666666666664
0 0.5091666666666667 0.7166666666666667 0.03916666666666667 0.05333333333333334
0 0.565 0.7266666666666667 0.021666666666666667 0.065
0 0.595 0.7575 0.0375 0.049166666666666664
0 0.6166666666666667 0.7841666666666667 0.0275 0.06916666666666667
0 0.49333333333333335 0.8466666666666667 0.0025 0.0025
0 0.04416666666666667 0.9758333333333333 0.05333333333333334 0.04666666666666667
0 0.5258333333333334 0.195 0.03166666666666667 0.06833333333333333
0 0.5033333333333333 0.22583333333333333 0.020833333333333332 0.07
0 0.51 0.25666666666666665 0.016666666666666666 0.07
0 0.49166666666666664 0.25833333333333336 0.0125 0.059166666666666666
0 0.5008333333333334 0.29583333333333334 0.015 0.07416666666666667
0 0.5116666666666667 0.32666666666666666 0.015 0.06833333333333333
0 0.4975 0.35583333333333333 0.019166666666666665 0.08666666666666667
0 0.5175 0.395 0.023333333333333334 0.08
0 0.5575 0.39666666666666667 0.0125 0.060833333333333336
0 0.5733333333333334 0.3975 0.0225 0.0575
0 0.5316666666666666 0.3983333333333333 0.0125 0.0775
0 0.5466666666666666 0.41333333333333333 0.0125 0.07333333333333333
0 0.5366666666666666 0.42333333333333334 0.016666666666666666 0.075
0 0.5666666666666667 0.44916666666666666 0.02 0.06583333333333333
0 0.5583333333333333 0.4558333333333333 0.0175 0.0525