0 0.6183333333333333 0.57 0.05583333333333333 0.07833333333333334
0 0.7016666666666667 0.6633333333333333 0.043333333333333335 0.12583333333333332
0 0.9841666666666666 0.6841666666666667 0.030833333333333334 0.07416666666666667
0 0.6558333333333334 0.7208333333333333 0.0625 0.08666666666666667
0 0.825 0.7508333333333334 0.06583333333333333 0.0975
0 0.6683333333333333 0.7941666666666667 0.0325 0.11333333333333333
0 0.78 0.8391666666666666 0.075 0.065
0 0.4041666666666667 0.0825 0.07833333333333334 0.060833333333333336
0 0.6466666666666666 0.9025 0.05333333333333334 0.0875
0 0.6508333333333334 0.9741666666666666 0.043333333333333335 0.05
0 0.9616666666666667 0.13166666666666665 0.05 0.1025
0 0.2683333333333333 0.155 0.07583333333333334 0.07833333333333334
0 0.5525 0.1625 0.075 0.06833333333333333
0 0.45166666666666666 0.1975 0.06 0.105
0 0.49 0.24333333333333335 0.075 0.055
0 0.24583333333333332 0.2475 0.08083333333333333 0.055
0 0.39916666666666667 0.26666666666666666 0.07583333333333334 0.06666666666666667
0 0.3125 0.3475 0.0725 0.10666666666666667
0 0.7066666666666667 0.4058333333333333 0.0625 0.09416666666666666