0 0.4175 0.03166666666666667 0.0375 0.043333333333333335
0 0.38416666666666666 0.03333333333333333 0.030833333333333334 0.06666666666666667
0 0.23333333333333334 0.49 0.019166666666666665 0.07
0 0.2633333333333333 0.5041666666666667 0.0225 0.07083333333333333
0 0.24166666666666667 0.5175 0.02 0.07666666666666666
0 0.5408333333333334 0.04 0.04083333333333333 0.045
0 0.25083333333333335 0.04083333333333333 0.03333333333333333 0.050833333333333335
0 0.3441666666666667 0.0425 0.019166666666666665 0.07833333333333334
0 0.2733333333333333 0.043333333333333335 0.030833333333333334 0.043333333333333335
0 0.2025 0.6016666666666667 0.021666666666666667 0.06916666666666667
0 0.5958333333333333 0.6375 0.035833333333333335 0.06833333333333333
0 0.5775 0.7066666666666667 0.025 0.07833333333333334
0 0.6666666666666666 0.8008333333333333 0.04416666666666667 0.060833333333333336
0 0.6191666666666666 0.8433333333333334 0.025833333333333333 0.03333333333333333
0 0.6533333333333333 0.8475 0.04 0.05416666666666667
0 0.49166666666666664 0.8575 0.03333333333333333 0.08583333333333333
0 0.6266666666666667 0.8808333333333334 0.03916666666666667 0.034166666666666665
0 0.655 0.8816666666666667 0.0275 0.08416666666666667
0 0.6233333333333333 0.9075 0.041666666666666664 0.03666666666666667
0 0.5791666666666667 0.9208333333333333 0.0325 0.051666666666666666
0 0.5291666666666667 0.07916666666666666 0.03666666666666667 0.0475
0 0.31833333333333336 0.08083333333333333 0.018333333333333333 0.07833333333333334
0 0.285 0.08333333333333333 0.0475 0.049166666666666664
0 0.2325 0.08833333333333333 0.025 0.07166666666666667
0 0.26 0.08916666666666667 0.030833333333333334 0.06916666666666667
0 0.56 0.09166666666666666 0.04833333333333333 0.04
0 0.2816666666666667 0.1125 0.018333333333333333 0.051666666666666666
0 0.24916666666666668 0.11916666666666667 0.03166666666666667 0.041666666666666664
0 0.29083333333333333 0.12 0.03333333333333333 0.0725
0 0.57 0.006666666666666667 0.03333333333333333 0.013333333333333334
0 0.6483333333333333 0.1275 0.025833333333333333 0.08583333333333333
0 0.25833333333333336 0.15416666666666667 0.03333333333333333 0.043333333333333335
0 0.23583333333333334 0.15583333333333332 0.025833333333333333 0.06833333333333333
0 0.65 0.15583333333333332 0.02 0.056666666666666664
0 0.2916666666666667 0.16833333333333333 0.023333333333333334 0.07166666666666667
0 0.2575 0.18416666666666667 0.029166666666666667 0.059166666666666666
0 0.2816666666666667 0.18916666666666668 0.021666666666666667 0.07833333333333334
0 0.6366666666666667 0.19416666666666665 0.023333333333333334 0.06583333333333333
0 0.265 0.2225 0.030833333333333334 0.06333333333333334
0 0.5908333333333333 0.015833333333333335 0.034166666666666665 0.03166666666666667
0 0.24916666666666668 0.23166666666666666 0.030833333333333334 0.06833333333333333
0 0.45 0.016666666666666666 0.03333333333333333 0.03333333333333333
0 0.5408333333333334 0.016666666666666666 0.030833333333333334 0.03333333333333333
0 0.2758333333333333 0.015 0.028333333333333332 0.03
0 0.2575 0.015 0.041666666666666664 0.03
0 0.2375 0.26166666666666666 0.018333333333333333 0.06166666666666667
0 0.2525 0.2625 0.0275 0.05
0 0.3541666666666667 0.02 0.018333333333333333 0.03916666666666667
0 0.2775 0.2833333333333333 0.020833333333333332 0.08
0 0.25583333333333336 0.2975 0.03 0.051666666666666666
0 0.5966666666666667 0.021666666666666667 0.03833333333333333 0.043333333333333335
0 0.21666666666666667 0.31416666666666665 0.02666666666666667 0.08
0 0.25166666666666665 0.33166666666666667 0.023333333333333334 0.075
0 0.31583333333333335 0.02666666666666667 0.018333333333333333 0.0525
0 0.26916666666666667 0.33666666666666667 0.03833333333333333 0.05416666666666667
0 0.235 0.3475 0.024166666666666666 0.08666666666666667
0 0.5675 0.3491666666666667 0.03833333333333333 0.0475
0 0.5883333333333334 0.35 0.035833333333333335 0.065
0 0.49166666666666664 0.35833333333333334 0.023333333333333334 0.07916666666666666
0 0.54 0.3625 0.035 0.055
0 0.2525 0.3641666666666667 0.02666666666666667 0.06666666666666667
0 0.29833333333333334 0.03166666666666667 0.025833333333333333 0.0625
0 0.2783333333333333 0.3875 0.030833333333333334 0.06833333333333333
0 0.5591666666666667 0.3933333333333333 0.028333333333333332 0.06833333333333333
0 0.5383333333333333 0.39916666666666667 0.021666666666666667 0.051666666666666666
0 0.23666666666666666 0.4041666666666667 0.0275 0.06583333333333333
0 0.565 0.025833333333333333 0.02666666666666667 0.051666666666666666
0 0.26916666666666667 0.4175 0.02666666666666667 0.0525
0 0.25333333333333335 0.41833333333333333 0.019166666666666665 0.056666666666666664
0 0.5191666666666667 0.43 0.024166666666666666 0.06583333333333333
0 0.23916666666666667 0.44666666666666666 0.02666666666666667 0.08083333333333333
0 0.26916666666666667 0.45666666666666667 0.020833333333333332 0.060833333333333336
0 0.285 0.4575 0.019166666666666665 0.06583333333333333