0 0.48 0.5675 0.030833333333333334 0.07583333333333334
0 0.4658333333333333 0.5683333333333334 0.04 0.045
0 0.48833333333333334 0.6008333333333333 0.0175 0.08333333333333333
0 0.44666666666666666 0.6075 0.0375 0.0425
0 0.4558333333333333 0.6258333333333334 0.03333333333333333 0.055
0 0.4691666666666667 0.6291666666666667 0.025 0.06333333333333334
0 0.19916666666666666 0.6483333333333333 0.024166666666666666 0.085
0 0.4725 0.6608333333333334 0.020833333333333332 0.07083333333333333
0 0.1825 0.6758333333333333 0.0175 0.08583333333333333
0 0.21583333333333332 0.6866666666666666 0.03166666666666667 0.0675
0 0.2075 0.7091666666666666 0.0325 0.051666666666666666
0 0.27 0.74 0.04833333333333333 0.04833333333333333
0 0.7266666666666667 0.8141666666666667 0.02 0.08833333333333333
0 0.6458333333333334 0.8241666666666667 0.051666666666666666 0.058333333333333334
0 0.7441666666666666 0.8466666666666667 0.025833333333333333 0.0725
0 0.6841666666666667 0.8758333333333334 0.03666666666666667 0.035
0 0.7666666666666667 0.89 0.025 0.06416666666666666
0 0.08916666666666667 0.8925 0.04083333333333333 0.07916666666666666
0 0.7333333333333333 0.895 0.02666666666666667 0.07916666666666666
0 0.7475 0.9175 0.0275 0.07333333333333333
0 0.7875 0.925 0.03833333333333333 0.06833333333333333
0 0.8266666666666667 0.9375 0.03916666666666667 0.0375
0 0.76 0.94 0.0225 0.07916666666666666
0 0.8033333333333333 0.9466666666666667 0.023333333333333334 0.08416666666666667
0 0.14583333333333334 0.96 0.03916666666666667 0.0575
0 0.7783333333333333 0.9725 0.02 0.05333333333333334
0 0.7966666666666666 0.9741666666666666 0.024166666666666666 0.050833333333333335
0 0.5233333333333333 0.1225 0.029166666666666667 0.07583333333333334
0 0.4483333333333333 0.1375 0.018333333333333333 0.08333333333333333
0 0.5175 0.1525 0.028333333333333332 0.0725
0 0.5416666666666666 0.16583333333333333 0.020833333333333332 0.07083333333333333
0 0.5166666666666667 0.19833333333333333 0.024166666666666666 0.10333333333333333
0 0.5375 0.22833333333333333 0.02 0.0875
0 0.43333333333333335 0.25083333333333335 0.055 0.055
0 0.5516666666666666 0.2966666666666667 0.02 0.09333333333333334
0 0.5658333333333333 0.325 0.035833333333333335 0.0825