0 0.37333333333333335 0.49583333333333335 0.045 0.04416666666666667
0 0.6441666666666667 0.2991666666666667 0.0008333333333333334 0.0008333333333333334
0 0.28833333333333333 0.29833333333333334 0.02 0.05416666666666667
0 0.585 0.2916666666666667 0.03666666666666667 0.04
0 0.6383333333333333 0.28 0.03666666666666667 0.029166666666666667
0 0.31 0.27 0.035833333333333335 0.04083333333333333
0 0.2758333333333333 0.26416666666666666 0.023333333333333334 0.08333333333333333
0 0.6216666666666667 0.25 0.035 0.056666666666666664
0 0.24166666666666667 0.2175 0.03333333333333333 0.065
0 0.215 0.20416666666666666 0.030833333333333334 0.060833333333333336
0 0.2683333333333333 0.195 0.029166666666666667 0.08583333333333333
0 0.4266666666666667 0.17833333333333334 0.025 0.035833333333333335
0 0.3925 0.16333333333333333 0.029166666666666667 0.06416666666666666
0 0.415 0.1625 0.03833333333333333 0.04583333333333333
0 0.4525 0.15833333333333333 0.030833333333333334 0.05583333333333333
0 0.545 0.14 0.0325 0.059166666666666666
0 0.3 0.1375 0.0275 0.028333333333333332
0 0.38083333333333336 0.13583333333333333 0.03833333333333333 0.05
0 0.5708333333333333 0.12833333333333333 0.028333333333333332 0.06333333333333334
0 0.42083333333333334 0.12666666666666668 0.028333333333333332 0.03916666666666667
0 0.4558333333333333 0.12583333333333332 0.0325 0.04083333333333333
0 0.44166666666666665 0.12 0.024166666666666666 0.050833333333333335
0 0.5366666666666666 0.11833333333333333 0.043333333333333335 0.03333333333333333
0 0.3625 0.1175 0.04083333333333333 0.03166666666666667
0 0.4925 0.11083333333333334 0.02666666666666667 0.04416666666666667
0 0.4225 0.105 0.034166666666666665 0.03333333333333333
0 0.5208333333333334 0.10416666666666667 0.03833333333333333 0.03666666666666667
0 0.48333333333333334 0.09333333333333334 0.025 0.051666666666666666
0 0.4091666666666667 0.09083333333333334 0.04833333333333333 0.04416666666666667
0 0.4666666666666667 0.09 0.03 0.0375
0 0.605 0.08916666666666667 0.03333333333333333 0.04583333333333333
0 0.51 0.08333333333333333 0.03333333333333333 0.030833333333333334
0 0.5733333333333334 0.0825 0.041666666666666664 0.050833333333333335
0 0.45 0.08083333333333333 0.02 0.034166666666666665
0 0.5991666666666666 0.07583333333333334 0.03 0.05416666666666667
0 0.545 0.06833333333333333 0.034166666666666665 0.04416666666666667
0 0.5066666666666667 0.06166666666666667 0.0425 0.035833333333333335
0 0.4775 0.055 0.034166666666666665 0.0425
0 0.6116666666666667 0.0275 0.02666666666666667 0.051666666666666666
0 0.6241666666666666 0.025 0.021666666666666667 0.04666666666666667
0 0.6358333333333334 0.02666666666666667 0.025 0.05
0 0.495 0.8375 0.02 0.08666666666666667
0 0.6641666666666667 0.7458333333333333 0.030833333333333334 0.041666666666666664
0 0.6383333333333333 0.7341666666666666 0.021666666666666667 0.024166666666666666
0 0.65 0.7125 0.0275 0.03333333333333333
0 0.6208333333333333 0.7066666666666667 0.043333333333333335 0.05416666666666667
0 0.6316666666666667 0.6816666666666666 0.04833333333333333 0.03666666666666667
0 0.4625 0.6041666666666666 0.035 0.055