0 0.1425 0.495 0.08833333333333333 0.12
0 0.1025 0.49333333333333335 0.05333333333333334 0.13583333333333333
0 0.9683333333333334 0.48333333333333334 0.06166666666666667 0.1075
0 0.16833333333333333 0.4483333333333333 0.08666666666666667 0.135
0 0.44666666666666666 0.36833333333333335 0.10166666666666667 0.0875
0 0.7375 0.9558333333333333 0.085 0.085
0 0.5833333333333334 0.25166666666666665 0.075 0.12416666666666666
0 0.5683333333333334 0.16833333333333333 0.08833333333333333 0.08166666666666667
0 0.5466666666666666 0.09583333333333334 0.0875 0.10666666666666667
0 0.4791666666666667 0.085 0.08333333333333333 0.0925
0 0.77 0.07583333333333334 0.041666666666666664 0.15
0 0.9025 0.8891666666666667 0.085 0.09416666666666666
0 0.5016666666666667 0.8266666666666667 0.06833333333333333 0.11
0 0.715 0.8258333333333333 0.07916666666666666 0.1175
0 0.09333333333333334 0.7308333333333333 0.08083333333333333 0.09916666666666667
0 0.8691666666666666 0.7116666666666667 0.08416666666666667 0.0875
0 0.13833333333333334 0.9883333333333333 0.04666666666666667 0.02
0 0.06666666666666667 0.6391666666666667 0.08 0.10333333333333333
0 0.835 0.6375 0.08916666666666667 0.07833333333333334
0 0.14 0.635 0.09 0.08
0 0.9675 0.9783333333333334 0.06166666666666667 0.04
0 0.135 0.5741666666666667 0.10416666666666667 0.06916666666666667