0 0.395 0.5125 0.0275 0.07
0 0.5316666666666666 0.5016666666666667 0.03333333333333333 0.0675
0 0.37166666666666665 0.4925 0.03166666666666667 0.10333333333333333
0 0.35333333333333333 0.48083333333333333 0.0375 0.09333333333333334
0 0.4825 0.47583333333333333 0.05 0.05
0 0.4691666666666667 0.45166666666666666 0.0475 0.034166666666666665
0 0.5358333333333334 0.45 0.03333333333333333 0.08916666666666667
0 0.5241666666666667 0.44916666666666666 0.04416666666666667 0.07416666666666667
0 0.5075 0.42833333333333334 0.04666666666666667 0.0475
0 0.45416666666666666 0.4191666666666667 0.051666666666666666 0.0425
0 0.5591666666666667 0.41833333333333333 0.018333333333333333 0.10416666666666667
0 0.535 0.385 0.0225 0.09083333333333334
0 0.49333333333333335 0.37666666666666665 0.03916666666666667 0.07333333333333333
0 0.5191666666666667 0.36666666666666664 0.023333333333333334 0.09916666666666667
0 0.5483333333333333 0.2975 0.021666666666666667 0.10083333333333333
0 0.5275 0.2925 0.025833333333333333 0.095
0 0.5333333333333333 0.2425 0.019166666666666665 0.08
0 0.5341666666666667 0.19583333333333333 0.035833333333333335 0.07416666666666667
0 0.4266666666666667 0.6366666666666667 0.023333333333333334 0.09416666666666666
0 0.39 0.6133333333333333 0.04583333333333333 0.0625
0 0.405 0.6125 0.035833333333333335 0.085
0 0.35583333333333333 0.5983333333333334 0.049166666666666664 0.0425
0 0.44 0.5958333333333333 0.0475 0.06666666666666667
0 0.45666666666666667 0.5816666666666667 0.04 0.085
0 0.5091666666666667 0.5675 0.050833333333333335 0.075
0 0.4 0.5675 0.04083333333333333 0.05333333333333334
0 0.3458333333333333 0.56 0.043333333333333335 0.06416666666666666
0 0.4633333333333333 0.5591666666666667 0.0375 0.0875
0 0.375 0.5575 0.028333333333333332 0.0675
0 0.42833333333333334 0.5575 0.03916666666666667 0.06666666666666667
0 0.32416666666666666 0.555 0.03 0.051666666666666666
0 0.35333333333333333 0.5408333333333334 0.03916666666666667 0.08833333333333333
0 0.485 0.5341666666666667 0.0225 0.0725