0 0.5825 0.4041666666666667 0.03666666666666667 0.03166666666666667
0 0.5541666666666667 0.4 0.0375 0.03166666666666667
0 0.6191666666666666 0.3775 0.03833333333333333 0.05
0 0.5966666666666667 0.3775 0.035 0.02666666666666667
0 0.5633333333333334 0.37583333333333335 0.03916666666666667 0.028333333333333332
0 0.5333333333333333 0.375 0.034166666666666665 0.03916666666666667
0 0.2975 0.37333333333333335 0.028333333333333332 0.06833333333333333
0 0.5058333333333334 0.3725 0.03833333333333333 0.045
0 0.575 0.35583333333333333 0.030833333333333334 0.028333333333333332
0 0.5491666666666667 0.34833333333333333 0.03833333333333333 0.03166666666666667
0 0.5966666666666667 0.345 0.0425 0.03916666666666667
0 0.4075 0.3308333333333333 0.025 0.06583333333333333
0 0.6175 0.3283333333333333 0.030833333333333334 0.029166666666666667
0 0.6375 0.3258333333333333 0.029166666666666667 0.05333333333333334
0 0.3125 0.31666666666666665 0.016666666666666666 0.07083333333333333
0 0.5766666666666667 0.31583333333333335 0.03333333333333333 0.034166666666666665
0 0.6033333333333334 0.30916666666666665 0.030833333333333334 0.028333333333333332
0 0.635 0.3 0.0375 0.03666666666666667
0 0.33 0.2816666666666667 0.023333333333333334 0.07416666666666667
0 0.6216666666666667 0.2783333333333333 0.03666666666666667 0.043333333333333335
0 0.6416666666666667 0.2758333333333333 0.024166666666666666 0.043333333333333335
0 0.20666666666666667 0.9408333333333333 0.0175 0.041666666666666664
0 0.19083333333333333 0.8825 0.0225 0.07166666666666667
0 0.195 0.8041666666666667 0.02666666666666667 0.0725
0 0.21583333333333332 0.7366666666666667 0.021666666666666667 0.06166666666666667
0 0.21083333333333334 0.98 0.025 0.03666666666666667
0 0.25666666666666665 0.5691666666666667 0.02 0.08416666666666667