0 0.7025 0.48583333333333334 0.0325 0.0775
0 0.69 0.4866666666666667 0.04083333333333333 0.0725
0 0.6666666666666666 0.5016666666666667 0.04 0.03333333333333333
0 0.23916666666666667 0.5133333333333333 0.021666666666666667 0.07583333333333334
0 0.75 0.5266666666666666 0.03833333333333333 0.04833333333333333
0 0.8516666666666667 0.5291666666666667 0.020833333333333332 0.06416666666666666
0 0.1375 0.049166666666666664 0.016666666666666666 0.0825
0 0.72 0.5416666666666666 0.0175 0.08416666666666667
0 0.2275 0.5416666666666666 0.019166666666666665 0.060833333333333336
0 0.6858333333333333 0.5466666666666666 0.03666666666666667 0.06916666666666667
0 0.8183333333333334 0.5475 0.04666666666666667 0.04
0 0.7825 0.5491666666666667 0.043333333333333335 0.03333333333333333
0 0.7058333333333333 0.5633333333333334 0.029166666666666667 0.07666666666666666
0 0.7708333333333334 0.565 0.034166666666666665 0.04583333333333333
0 0.7358333333333333 0.5683333333333334 0.034166666666666665 0.04
0 0.7983333333333333 0.5741666666666667 0.0325 0.04083333333333333
0 0.21416666666666667 0.5758333333333333 0.018333333333333333 0.07666666666666666
0 0.845 0.5766666666666667 0.03666666666666667 0.056666666666666664
0 0.7525 0.5783333333333334 0.03333333333333333 0.029166666666666667
0 0.8133333333333334 0.5858333333333333 0.034166666666666665 0.03
0 0.11 0.055 0.015 0.06333333333333334
0 0.775 0.5966666666666667 0.0325 0.028333333333333332
0 0.8516666666666667 0.6066666666666667 0.019166666666666665 0.07916666666666666
0 0.9083333333333333 0.6075 0.035833333333333335 0.045
0 0.7975 0.6125 0.034166666666666665 0.03333333333333333
0 0.23166666666666666 0.6133333333333333 0.03833333333333333 0.07666666666666666
0 0.8225 0.6158333333333333 0.03666666666666667 0.034166666666666665
0 0.7366666666666667 0.6175 0.028333333333333332 0.0575
0 0.7608333333333334 0.6241666666666666 0.035 0.04
0 0.8275 0.63 0.035 0.043333333333333335
0 0.7825 0.645 0.0425 0.035833333333333335
0 0.8325 0.6458333333333334 0.034166666666666665 0.04583333333333333
0 0.8691666666666666 0.6458333333333334 0.034166666666666665 0.04583333333333333
0 0.8008333333333333 0.6491666666666667 0.02666666666666667 0.0375
0 0.8891666666666667 0.6691666666666667 0.03833333333333333 0.051666666666666666
0 0.9116666666666666 0.67 0.035 0.0425
0 0.8508333333333333 0.67 0.03666666666666667 0.0275
0 0.9358333333333333 0.6758333333333333 0.035833333333333335 0.07916666666666666
0 0.7233333333333334 0.6758333333333333 0.041666666666666664 0.059166666666666666
0 0.7408333333333333 0.6816666666666666 0.029166666666666667 0.06416666666666666
0 0.9141666666666667 0.695 0.0375 0.03166666666666667
0 0.8616666666666667 0.6958333333333333 0.03916666666666667 0.028333333333333332
0 0.8875 0.7066666666666667 0.04083333333333333 0.0375
0 0.8641666666666666 0.7316666666666667 0.043333333333333335 0.03833333333333333
0 0.8275 0.7383333333333333 0.05 0.04416666666666667
0 0.14916666666666667 0.08 0.02 0.08333333333333333
0 0.1225 0.08916666666666667 0.018333333333333333 0.06583333333333333
0 0.14416666666666667 0.1375 0.0275 0.0875
0 0.135 0.16166666666666665 0.018333333333333333 0.06416666666666666
0 0.155 0.19333333333333333 0.035 0.058333333333333334
0 0.15333333333333332 0.24416666666666667 0.03 0.0875
0 0.11583333333333333 0.023333333333333334 0.019166666666666665 0.04666666666666667
0 0.14916666666666667 0.025833333333333333 0.025 0.051666666666666666
0 0.13 0.025833333333333333 0.023333333333333334 0.050833333333333335
0 0.09833333333333333 0.03 0.014166666666666666 0.059166666666666666
0 0.6466666666666666 0.42833333333333334 0.0325 0.07416666666666667