0 0.3883333333333333 0.4325 0.0575 0.08083333333333333
0 0.3016666666666667 0.33666666666666667 0.045 0.13
0 0.013333333333333334 0.315 0.025833333333333333 0.07666666666666666
0 0.35 0.2775 0.065 0.09
0 0.175 0.24666666666666667 0.06833333333333333 0.10083333333333333
0 0.33666666666666667 0.20166666666666666 0.03333333333333333 0.11666666666666667
0 0.22083333333333333 0.155 0.0775 0.0675
0 0.6091666666666666 0.9366666666666666 0.08083333333333333 0.06333333333333334
0 0.3591666666666667 0.09 0.055 0.09
0 0.35333333333333333 0.021666666666666667 0.04666666666666667 0.04
0 0.03333333333333333 0.885 0.051666666666666666 0.10583333333333333
0 0.75 0.8608333333333333 0.07833333333333334 0.08083333333333333
0 0.45666666666666667 0.8533333333333334 0.0775 0.07083333333333333
0 0.56 0.8175 0.06166666666666667 0.10833333333333334
0 0.52 0.77 0.07666666666666666 0.056666666666666664
0 0.7733333333333333 0.7658333333333334 0.08333333333333333 0.056666666666666664
0 0.6141666666666666 0.7458333333333333 0.07833333333333334 0.06833333333333333
0 0.7033333333333334 0.6625 0.07416666666666667 0.11
0 0.2966666666666667 0.6025 0.06416666666666666 0.09666666666666666