0 0.535 0.48083333333333333 0.021666666666666667 0.07583333333333334
0 0.4841666666666667 0.48583333333333334 0.015 0.09166666666666666
0 0.5375 0.03833333333333333 0.034166666666666665 0.034166666666666665
0 0.45916666666666667 0.52 0.018333333333333333 0.06916666666666667
0 0.4775 0.5216666666666666 0.0175 0.051666666666666666
0 0.52 0.5558333333333333 0.016666666666666666 0.08166666666666667
0 0.4725 0.5658333333333333 0.014166666666666666 0.06666666666666667
0 0.46166666666666667 0.625 0.04083333333333333 0.05416666666666667
0 0.5508333333333333 0.685 0.04833333333333333 0.065
0 0.565 0.7433333333333333 0.025833333333333333 0.0825
0 0.555 0.08083333333333333 0.03833333333333333 0.045
0 0.51 0.1075 0.020833333333333332 0.06916666666666667
0 0.5283333333333333 0.125 0.025833333333333333 0.06666666666666667
0 0.4925 0.14 0.018333333333333333 0.0775
0 0.5125 0.16416666666666666 0.014166666666666666 0.0725
0 0.49916666666666665 0.20333333333333334 0.015 0.07916666666666666
0 0.4825 0.23333333333333334 0.018333333333333333 0.07333333333333333
0 0.48833333333333334 0.2575 0.015833333333333335 0.07833333333333334
0 0.49833333333333335 0.25916666666666666 0.021666666666666667 0.08416666666666667
0 0.5266666666666666 0.2841666666666667 0.025 0.0675
0 0.4675 0.285 0.018333333333333333 0.08
0 0.56 0.29833333333333334 0.028333333333333332 0.050833333333333335
0 0.5341666666666667 0.3016666666666667 0.025833333333333333 0.0725
0 0.575 0.30416666666666664 0.034166666666666665 0.051666666666666666
0 0.4741666666666667 0.3175 0.0175 0.09416666666666666
0 0.5425 0.32083333333333336 0.020833333333333332 0.07333333333333333
0 0.49583333333333335 0.32916666666666666 0.015833333333333335 0.06833333333333333
0 0.5166666666666667 0.33916666666666667 0.016666666666666666 0.055
0 0.5733333333333334 0.03 0.0275 0.06
0 0.4891666666666667 0.3566666666666667 0.015 0.08666666666666667
0 0.5525 0.3591666666666667 0.015 0.07166666666666667
0 0.5275 0.3675 0.013333333333333334 0.06
0 0.5125 0.39 0.016666666666666666 0.0625
0 0.555 0.0325 0.03 0.065
0 0.495 0.41083333333333333 0.0175 0.0725
0 0.525 0.4116666666666667 0.020833333333333332 0.07166666666666667
0 0.5383333333333333 0.4141666666666667 0.018333333333333333 0.06416666666666666
0 0.5608333333333333 0.4475 0.025833333333333333 0.08083333333333333
0 0.5208333333333334 0.45916666666666667 0.018333333333333333 0.08416666666666667
0 0.5033333333333333 0.47333333333333333 0.016666666666666666 0.0825
0 0.4525 0.4775 0.03666666666666667 0.056666666666666664