0 0.6066666666666667 0.49333333333333335 0.03333333333333333 0.06666666666666667
0 0.8241666666666667 0.49833333333333335 0.0275 0.08833333333333333
0 0.9841666666666666 0.49916666666666665 0.03 0.07833333333333334
0 0.3983333333333333 0.5091666666666667 0.028333333333333332 0.07416666666666667
0 0.7483333333333333 0.5116666666666667 0.04 0.05333333333333334
0 0.33416666666666667 0.5225 0.03666666666666667 0.065
0 0.9883333333333333 0.5391666666666667 0.0225 0.035
0 0.415 0.5466666666666666 0.0175 0.06916666666666667
0 0.3958333333333333 0.5508333333333333 0.0275 0.06416666666666666
0 0.8208333333333333 0.5516666666666666 0.0325 0.06
0 0.4175 0.0525 0.021666666666666667 0.07166666666666667
0 0.8266666666666667 0.5775 0.025833333333333333 0.0675
0 0.38666666666666666 0.5825 0.0425 0.029166666666666667
0 0.36333333333333334 0.6058333333333333 0.035833333333333335 0.058333333333333334
0 0.8033333333333333 0.6083333333333333 0.0175 0.0525
0 0.39666666666666667 0.6083333333333333 0.041666666666666664 0.035833333333333335
0 0.3016666666666667 0.6141666666666666 0.035 0.05
0 0.3875 0.6183333333333333 0.045 0.05333333333333334
0 0.33666666666666667 0.6316666666666667 0.03666666666666667 0.029166666666666667
0 0.8333333333333334 0.64 0.025833333333333333 0.07083333333333333
0 0.415 0.64 0.035 0.03166666666666667
0 0.39166666666666666 0.6491666666666667 0.03333333333333333 0.03833333333333333
0 0.4191666666666667 0.6675 0.045 0.025833333333333333
0 0.3283333333333333 0.6716666666666666 0.03 0.029166666666666667
0 0.35083333333333333 0.6783333333333333 0.0425 0.029166666666666667
0 0.41 0.6875 0.034166666666666665 0.03
0 0.44166666666666665 0.6883333333333334 0.035833333333333335 0.0275
0 0.38333333333333336 0.6916666666666667 0.03833333333333333 0.0425
0 0.39916666666666667 0.71 0.0425 0.0325
0 0.3591666666666667 0.7125 0.043333333333333335 0.05
0 0.42833333333333334 0.7133333333333334 0.03333333333333333 0.030833333333333334
0 0.3233333333333333 0.7175 0.03916666666666667 0.04583333333333333
0 0.4483333333333333 0.7308333333333333 0.03916666666666667 0.0325
0 0.4008333333333333 0.735 0.03833333333333333 0.02666666666666667
0 0.4766666666666667 0.7383333333333333 0.034166666666666665 0.034166666666666665
0 0.3441666666666667 0.7416666666666667 0.04583333333333333 0.043333333333333335
0 0.42583333333333334 0.7475 0.03833333333333333 0.030833333333333334
0 0.3858333333333333 0.755 0.03666666666666667 0.04416666666666667
0 0.4633333333333333 0.76 0.03916666666666667 0.030833333333333334
0 0.43916666666666665 0.7783333333333333 0.03833333333333333 0.034166666666666665
0 0.41 0.7841666666666667 0.04 0.0275
0 0.3825 0.7858333333333334 0.0375 0.04083333333333333
0 0.4425 0.805 0.035833333333333335 0.0325
0 0.415 0.8166666666666667 0.04083333333333333 0.034166666666666665
0 0.505 0.8166666666666667 0.035833333333333335 0.03666666666666667
0 0.4725 0.8191666666666667 0.03916666666666667 0.04
0 0.44 0.8333333333333334 0.0325 0.028333333333333332
0 0.48083333333333333 0.8416666666666667 0.03916666666666667 0.028333333333333332
0 0.505 0.845 0.035833333333333335 0.035833333333333335
0 0.4508333333333333 0.8475 0.03166666666666667 0.03166666666666667
0 0.5266666666666666 0.8516666666666667 0.03 0.03833333333333333
0 0.42833333333333334 0.8525 0.0275 0.0475
0 0.47333333333333333 0.8558333333333333 0.0325 0.03
0 0.5491666666666667 0.8583333333333333 0.035833333333333335 0.035833333333333335
0 0.49833333333333335 0.8683333333333333 0.035 0.0275
0 0.46166666666666667 0.8725 0.04083333333333333 0.035
0 0.4525 0.885 0.04416666666666667 0.0375
0 0.49 0.8866666666666667 0.03916666666666667 0.0275
0 0.525 0.89 0.035833333333333335 0.0325
0 0.5241666666666667 0.9166666666666666 0.03666666666666667 0.055
0 0.49166666666666664 0.9225 0.03916666666666667 0.05
0 0.4225 0.09 0.016666666666666666 0.06583333333333333
0 0.5208333333333334 0.9475 0.035 0.043333333333333335
0 0.5283333333333333 0.9766666666666667 0.034166666666666665 0.03
0 0.4116666666666667 0.11666666666666667 0.014166666666666666 0.05
0 0.5208333333333334 0.13833333333333334 0.030833333333333334 0.06583333333333333
0 0.535 0.15333333333333332 0.015 0.0525
0 0.41583333333333333 0.1575 0.0175 0.06333333333333334
0 0.4325 0.185 0.014166666666666666 0.07666666666666666
0 0.41083333333333333 0.20416666666666666 0.013333333333333334 0.06666666666666667
0 0.42583333333333334 0.21833333333333332 0.018333333333333333 0.07
0 0.4116666666666667 0.021666666666666667 0.016666666666666666 0.043333333333333335
0 0.44166666666666665 0.2575 0.016666666666666666 0.08416666666666667
0 0.4225 0.2633333333333333 0.015833333333333335 0.0775
0 0.435 0.28833333333333333 0.018333333333333333 0.0725
0 0.42833333333333334 0.3375 0.02 0.06666666666666667
0 0.5583333333333333 0.3525 0.029166666666666667 0.06916666666666667
0 0.3383333333333333 0.3541666666666667 0.020833333333333332 0.07416666666666667
0 0.5941666666666666 0.35583333333333333 0.02 0.08333333333333333
0 0.44 0.3625 0.015833333333333335 0.08083333333333333
0 0.41583333333333333 0.36916666666666664 0.0175 0.07666666666666666
0 0.3625 0.38166666666666665 0.0275 0.055
0 0.5816666666666667 0.38166666666666665 0.02 0.08416666666666667
0 0.33916666666666667 0.3983333333333333 0.0275 0.0675
0 0.42916666666666664 0.4033333333333333 0.016666666666666666 0.07416666666666667
0 0.815 0.415 0.024166666666666666 0.075
0 0.36666666666666664 0.41833333333333333 0.030833333333333334 0.059166666666666666
0 0.5766666666666667 0.42333333333333334 0.028333333333333332 0.08083333333333333
0 0.33416666666666667 0.4275 0.0225 0.07083333333333333
0 0.605 0.4275 0.03333333333333333 0.05333333333333334
0 0.5933333333333334 0.43583333333333335 0.029166666666666667 0.06333333333333334
0 0.3625 0.44583333333333336 0.035833333333333335 0.04083333333333333
0 0.7358333333333333 0.46416666666666667 0.03833333333333333 0.058333333333333334
0 0.31583333333333335 0.4666666666666667 0.024166666666666666 0.07083333333333333
0 0.3358333333333333 0.4675 0.025833333333333333 0.06916666666666667
0 0.41833333333333333 0.48083333333333333 0.0175 0.07666666666666666
0 0.5583333333333333 0.48833333333333334 0.041666666666666664 0.03166666666666667
0 0.37083333333333335 0.4891666666666667 0.02666666666666667 0.07