0 0.3466666666666667 0.4666666666666667 0.0275 0.0575
0 0.37583333333333335 0.47333333333333333 0.03333333333333333 0.035
0 0.43416666666666665 0.4925 0.0275 0.06333333333333334
0 0.3825 0.49666666666666665 0.035 0.03833333333333333
0 0.4475 0.5275 0.041666666666666664 0.034166666666666665
0 0.4116666666666667 0.5333333333333333 0.021666666666666667 0.0525
0 0.395 0.535 0.0275 0.04416666666666667
0 0.42916666666666664 0.5416666666666666 0.035 0.050833333333333335
0 0.39166666666666666 0.5583333333333333 0.028333333333333332 0.04416666666666667
0 0.8966666666666666 0.056666666666666664 0.03916666666666667 0.07333333333333333
0 0.9275 0.0575 0.0325 0.04
0 0.435 0.575 0.03333333333333333 0.030833333333333334
0 0.4216666666666667 0.585 0.030833333333333334 0.04833333333333333
0 0.5066666666666667 0.5983333333333334 0.034166666666666665 0.03666666666666667
0 0.41 0.6008333333333333 0.04 0.05333333333333334
0 0.3825 0.6108333333333333 0.0325 0.060833333333333336
0 0.445 0.6108333333333333 0.03333333333333333 0.04083333333333333
0 0.4533333333333333 0.6183333333333333 0.035833333333333335 0.03333333333333333
0 0.4816666666666667 0.6258333333333334 0.03 0.055
0 0.52 0.6291666666666667 0.03833333333333333 0.04666666666666667
0 0.495 0.6325 0.035 0.0425
0 0.42 0.6325 0.0375 0.03166666666666667
0 0.4525 0.6391666666666667 0.03333333333333333 0.03166666666666667
0 0.4225 0.6566666666666666 0.04 0.028333333333333332
0 0.5475 0.6591666666666667 0.03166666666666667 0.04666666666666667
0 0.45666666666666667 0.66 0.03333333333333333 0.0225
0 0.4891666666666667 0.6641666666666667 0.025833333333333333 0.03666666666666667
0 0.42916666666666664 0.6658333333333334 0.0325 0.03166666666666667
0 0.5066666666666667 0.6666666666666666 0.0275 0.045
0 0.5208333333333334 0.6716666666666666 0.030833333333333334 0.04416666666666667
0 0.43083333333333335 0.675 0.03166666666666667 0.024166666666666666
0 0.4875 0.6908333333333333 0.0275 0.0475
0 0.535 0.6933333333333334 0.03333333333333333 0.03916666666666667
0 0.6283333333333333 0.6958333333333333 0.029166666666666667 0.050833333333333335
0 0.4625 0.6966666666666667 0.029166666666666667 0.0575
0 0.4033333333333333 0.6991666666666667 0.0425 0.030833333333333334
0 0.585 0.6991666666666667 0.025833333333333333 0.05333333333333334
0 0.5108333333333334 0.7008333333333333 0.025833333333333333 0.03666666666666667
0 0.6083333333333333 0.715 0.0225 0.050833333333333335
0 0.44 0.7158333333333333 0.03333333333333333 0.04416666666666667
0 0.5391666666666667 0.7191666666666666 0.035833333333333335 0.035
0 0.5916666666666667 0.72 0.023333333333333334 0.051666666666666666
0 0.6275 0.7208333333333333 0.03 0.035
0 0.4116666666666667 0.7258333333333333 0.029166666666666667 0.03916666666666667
0 0.4583333333333333 0.7275 0.0375 0.03166666666666667
0 0.48583333333333334 0.73 0.035 0.035
0 0.5591666666666667 0.7325 0.02666666666666667 0.06
0 0.5725 0.7325 0.03 0.049166666666666664
0 0.5083333333333333 0.7408333333333333 0.03666666666666667 0.0375
0 0.61 0.7441666666666666 0.029166666666666667 0.028333333333333332
0 0.5316666666666666 0.7458333333333333 0.035 0.02666666666666667
0 0.5808333333333333 0.7475 0.030833333333333334 0.0325
0 0.4225 0.7475 0.0425 0.03916666666666667
0 0.4691666666666667 0.7583333333333333 0.034166666666666665 0.03166666666666667
0 0.5925 0.7608333333333334 0.028333333333333332 0.029166666666666667
0 0.6225 0.765 0.0325 0.029166666666666667
0 0.5316666666666666 0.7658333333333334 0.030833333333333334 0.035
0 0.5491666666666667 0.7683333333333333 0.03166666666666667 0.034166666666666665
0 0.5683333333333334 0.7683333333333333 0.02666666666666667 0.03
0 0.51 0.7708333333333334 0.029166666666666667 0.03833333333333333
0 0.48583333333333334 0.775 0.034166666666666665 0.0275
0 0.6516666666666666 0.7908333333333334 0.041666666666666664 0.04666666666666667
0 0.63 0.7908333333333334 0.03 0.0325
0 0.5583333333333333 0.7916666666666666 0.04 0.035833333333333335
0 0.5983333333333334 0.7933333333333333 0.0375 0.029166666666666667
0 0.5291666666666667 0.7991666666666667 0.03 0.04
0 0.6675 0.8475 0.0375 0.03916666666666667
0 0.3233333333333333 0.13 0.028333333333333332 0.06583333333333333
0 0.7433333333333333 0.14 0.02666666666666667 0.08083333333333333
0 0.3466666666666667 0.1875 0.018333333333333333 0.07583333333333334
0 0.77 0.21416666666666667 0.034166666666666665 0.06916666666666667
0 0.5 0.22416666666666665 0.034166666666666665 0.05583333333333333
0 0.36 0.225 0.020833333333333332 0.0575
0 0.6866666666666666 0.23166666666666666 0.03916666666666667 0.03666666666666667
0 0.5016666666666667 0.24916666666666668 0.015833333333333335 0.04666666666666667
0 0.3825 0.25333333333333335 0.0225 0.06333333333333334
0 0.7091666666666666 0.25416666666666665 0.04416666666666667 0.03833333333333333
0 0.3566666666666667 0.25666666666666665 0.021666666666666667 0.0425
0 0.7833333333333333 0.26666666666666666 0.02666666666666667 0.060833333333333336
0 0.5533333333333333 0.27 0.03833333333333333 0.04833333333333333
0 0.7966666666666666 0.2708333333333333 0.03166666666666667 0.06
0 0.525 0.2816666666666667 0.03 0.056666666666666664
0 0.8175 0.285 0.0325 0.05333333333333334
0 0.545 0.285 0.03166666666666667 0.055
0 0.3775 0.29583333333333334 0.019166666666666665 0.06833333333333333
0 0.8133333333333334 0.3016666666666667 0.016666666666666666 0.035
0 0.575 0.30583333333333335 0.035833333333333335 0.03333333333333333
0 0.3925 0.315 0.019166666666666665 0.07333333333333333
0 0.41 0.3233333333333333 0.028333333333333332 0.0675
0 0.5591666666666667 0.3283333333333333 0.035 0.050833333333333335
0 0.5833333333333334 0.33416666666666667 0.030833333333333334 0.028333333333333332
0 0.4058333333333333 0.36083333333333334 0.015833333333333335 0.06
0 0.3933333333333333 0.3625 0.015 0.058333333333333334
0 0.6008333333333333 0.3641666666666667 0.041666666666666664 0.041666666666666664
0 0.4191666666666667 0.3858333333333333 0.02 0.06583333333333333
0 0.5533333333333333 0.3883333333333333 0.03916666666666667 0.05333333333333334
0 0.4175 0.4275 0.019166666666666665 0.07166666666666667
0 0.43666666666666665 0.455 0.021666666666666667 0.06166666666666667
0 0.44666666666666666 0.455 0.03 0.06416666666666666