0 0.51 0.04416666666666667 0.018333333333333333 0.08833333333333333
0 0.8616666666666667 0.5 0.0425 0.0775
0 0.895 0.5116666666666667 0.025833333333333333 0.08666666666666667
0 0.495 0.04083333333333333 0.015833333333333335 0.08083333333333333
0 0.5758333333333333 0.53 0.024166666666666666 0.06916666666666667
0 0.8566666666666667 0.5391666666666667 0.02666666666666667 0.0825
0 0.4633333333333333 0.56 0.02666666666666667 0.0875
0 0.8691666666666666 0.5625 0.03666666666666667 0.06833333333333333
0 0.7966666666666666 0.6091666666666666 0.055 0.06583333333333333
0 0.9916666666666667 0.6658333333333334 0.015833333333333335 0.0475
0 0.31583333333333335 0.6775 0.023333333333333334 0.09666666666666666
0 0.31 0.7325 0.020833333333333332 0.09833333333333333
0 0.3408333333333333 0.7483333333333333 0.0325 0.034166666666666665
0 0.2841666666666667 0.7491666666666666 0.03333333333333333 0.07
0 0.27 0.765 0.030833333333333334 0.065
0 0.23333333333333334 0.8025 0.055 0.04083333333333333
0 0.2866666666666667 0.8058333333333333 0.023333333333333334 0.06416666666666666
0 0.27416666666666667 0.8225 0.03333333333333333 0.07416666666666667
0 0.215 0.8308333333333333 0.0375 0.05
0 0.26 0.84 0.0275 0.05333333333333334
0 0.23083333333333333 0.8408333333333333 0.04083333333333333 0.04833333333333333
0 0.255 0.8775 0.025 0.08583333333333333
0 0.23833333333333334 0.8991666666666667 0.0275 0.08833333333333333
0 0.5241666666666667 0.005 0.015 0.01
0 0.49083333333333334 0.0125 0.02 0.025
0 0.5608333333333333 0.415 0.04833333333333333 0.055
0 0.5983333333333334 0.43 0.0375 0.065
0 0.5575 0.46 0.028333333333333332 0.0825
0 0.5875 0.4683333333333333 0.035833333333333335 0.065
0 0.5783333333333334 0.4716666666666667 0.023333333333333334 0.075
0 0.6091666666666666 0.47333333333333333 0.03666666666666667 0.06