0 0.5233333333333333 0.5358333333333334 0.028333333333333332 0.028333333333333332
0 0.4075 0.535 0.014166666666666666 0.07416666666666667
0 0.44666666666666666 0.535 0.030833333333333334 0.028333333333333332
0 0.42583333333333334 0.5316666666666666 0.030833333333333334 0.04666666666666667
0 0.4891666666666667 0.53 0.03333333333333333 0.029166666666666667
0 0.4708333333333333 0.5183333333333333 0.034166666666666665 0.03166666666666667
0 0.4275 0.5116666666666667 0.0275 0.043333333333333335
0 0.4558333333333333 0.5108333333333334 0.035833333333333335 0.035833333333333335
0 0.4141666666666667 0.5008333333333334 0.035833333333333335 0.03916666666666667
0 0.41 0.4775 0.035833333333333335 0.034166666666666665
0 0.44166666666666665 0.4683333333333333 0.03333333333333333 0.043333333333333335
0 0.41583333333333333 0.45666666666666667 0.034166666666666665 0.035
0 0.4125 0.44416666666666665 0.03916666666666667 0.0425
0 0.445 0.43916666666666665 0.03 0.04666666666666667
0 0.4508333333333333 0.4166666666666667 0.03666666666666667 0.041666666666666664
0 0.42916666666666664 0.4058333333333333 0.0275 0.05583333333333333
0 0.46416666666666667 0.3825 0.03333333333333333 0.03916666666666667
0 0.44916666666666666 0.37916666666666665 0.024166666666666666 0.05333333333333334
0 0.45666666666666667 0.3475 0.0325 0.05
0 0.4816666666666667 0.3425 0.035833333333333335 0.0325
0 0.49333333333333335 0.31166666666666665 0.03666666666666667 0.0325
0 0.4675 0.30916666666666665 0.0375 0.035833333333333335
0 0.5291666666666667 0.29 0.03666666666666667 0.030833333333333334
0 0.47333333333333333 0.2833333333333333 0.03 0.04416666666666667
0 0.4975 0.2825 0.03333333333333333 0.0325
0 0.5125 0.2633333333333333 0.030833333333333334 0.035
0 0.48 0.2625 0.0425 0.041666666666666664
0 0.5325 0.25333333333333335 0.0325 0.041666666666666664
0 0.3958333333333333 0.8 0.02666666666666667 0.06583333333333333
0 0.4875 0.6858333333333333 0.04 0.041666666666666664
0 0.47333333333333333 0.6825 0.03333333333333333 0.043333333333333335
0 0.44416666666666665 0.665 0.014166666666666666 0.06
0 0.4741666666666667 0.6641666666666667 0.03916666666666667 0.035
0 0.415 0.6508333333333334 0.011666666666666667 0.0575
0 0.4633333333333333 0.6466666666666666 0.0225 0.051666666666666666
0 0.425 0.6391666666666667 0.019166666666666665 0.08166666666666667
0 0.49333333333333335 0.6358333333333334 0.029166666666666667 0.03
0 0.52 0.6291666666666667 0.0325 0.035
0 0.495 0.6233333333333333 0.029166666666666667 0.024166666666666666
0 0.435 0.6175 0.015833333333333335 0.06833333333333333
0 0.465 0.615 0.03166666666666667 0.035833333333333335
0 0.45166666666666666 0.6091666666666666 0.018333333333333333 0.05333333333333334
0 0.49833333333333335 0.6 0.03333333333333333 0.035833333333333335
0 0.4825 0.5991666666666666 0.0325 0.0325
0 0.515 0.5883333333333334 0.028333333333333332 0.045
0 0.43416666666666665 0.5866666666666667 0.025833333333333333 0.04416666666666667
0 0.42 0.585 0.02 0.07416666666666667
0 0.45916666666666667 0.5783333333333334 0.03166666666666667 0.028333333333333332
0 0.485 0.575 0.029166666666666667 0.02666666666666667
0 0.5125 0.5691666666666667 0.034166666666666665 0.0275
0 0.5333333333333333 0.5691666666666667 0.024166666666666666 0.025
0 0.4675 0.5533333333333333 0.03666666666666667 0.0325
0 0.5016666666666667 0.5525 0.03 0.029166666666666667
0 0.435 0.5508333333333333 0.03166666666666667 0.029166666666666667