0 0.36333333333333334 0.5408333333333334 0.016666666666666666 0.0675
0 0.4716666666666667 0.5383333333333333 0.03833333333333333 0.030833333333333334
0 0.37916666666666665 0.5283333333333333 0.0275 0.059166666666666666
0 0.41 0.5275 0.04666666666666667 0.035833333333333335
0 0.4475 0.5233333333333333 0.03916666666666667 0.029166666666666667
0 0.4791666666666667 0.5175 0.03333333333333333 0.030833333333333334
0 0.43666666666666665 0.5016666666666667 0.0375 0.03333333333333333
0 0.4091666666666667 0.5016666666666667 0.035 0.043333333333333335
0 0.37083333333333335 0.5 0.041666666666666664 0.041666666666666664
0 0.3725 0.4775 0.034166666666666665 0.03
0 0.405 0.4716666666666667 0.0325 0.0525
0 0.37833333333333335 0.4525 0.0375 0.05333333333333334
0 0.4083333333333333 0.43916666666666665 0.0325 0.0525
0 0.4175 0.4033333333333333 0.03833333333333333 0.043333333333333335
0 0.3958333333333333 0.40166666666666667 0.03 0.06916666666666667
0 0.41833333333333333 0.365 0.0225 0.07166666666666667
0 0.43583333333333335 0.3625 0.0375 0.050833333333333335
0 0.4325 0.3283333333333333 0.018333333333333333 0.06583333333333333
0 0.4533333333333333 0.31583333333333335 0.030833333333333334 0.035
0 0.43166666666666664 0.2866666666666667 0.03833333333333333 0.043333333333333335
0 0.4683333333333333 0.28583333333333333 0.03333333333333333 0.03666666666666667
0 0.4375 0.2633333333333333 0.04 0.05416666666666667
0 0.4658333333333333 0.26 0.035833333333333335 0.034166666666666665
0 0.5016666666666667 0.25583333333333336 0.035833333333333335 0.041666666666666664
0 0.44333333333333336 0.23583333333333334 0.035 0.04583333333333333
0 0.4791666666666667 0.23083333333333333 0.03666666666666667 0.0375
0 0.3075 0.96 0.04 0.06583333333333333
0 0.485 0.20416666666666666 0.035 0.03166666666666667
0 0.35 0.9225 0.028333333333333332 0.08583333333333333
0 0.31666666666666665 0.91 0.028333333333333332 0.0775
0 0.3675 0.8975 0.018333333333333333 0.09083333333333334
0 0.34 0.89 0.02666666666666667 0.0725
0 0.38916666666666666 0.8658333333333333 0.0225 0.07583333333333334
0 0.3491666666666667 0.8408333333333333 0.035 0.08
0 0.36333333333333334 0.8391666666666666 0.02666666666666667 0.0525
0 0.38166666666666665 0.825 0.0325 0.07
0 0.38166666666666665 0.7925 0.0325 0.05333333333333334
0 0.3775 0.77 0.029166666666666667 0.08166666666666667
0 0.4083333333333333 0.7566666666666667 0.028333333333333332 0.06916666666666667
0 0.4091666666666667 0.7358333333333333 0.0375 0.060833333333333336
0 0.4041666666666667 0.7116666666666667 0.035833333333333335 0.07083333333333333
0 0.38083333333333336 0.6891666666666667 0.013333333333333334 0.06833333333333333
0 0.3933333333333333 0.6808333333333333 0.016666666666666666 0.08666666666666667
0 0.4275 0.6691666666666667 0.0175 0.06583333333333333
0 0.445 0.65 0.0325 0.08
0 0.4091666666666667 0.6183333333333333 0.0275 0.08833333333333333
0 0.39166666666666666 0.6091666666666666 0.021666666666666667 0.07416666666666667
0 0.385 0.5783333333333334 0.018333333333333333 0.08333333333333333
0 0.4925 0.57 0.04833333333333333 0.04666666666666667
0 0.4683333333333333 0.5666666666666667 0.043333333333333335 0.04833333333333333
0 0.3725 0.565 0.02 0.06833333333333333
0 0.4 0.5575 0.024166666666666666 0.0525
0 0.5066666666666667 0.5558333333333333 0.0325 0.03916666666666667
0 0.42916666666666664 0.5458333333333333 0.043333333333333335 0.035833333333333335