0 0.45666666666666667 0.5533333333333333 0.0425 0.03333333333333333
0 0.4175 0.545 0.03666666666666667 0.035833333333333335
0 0.4425 0.39666666666666667 0.0375 0.0375
0 0.7316666666666667 0.38333333333333336 0.0175 0.07666666666666666
0 0.465 0.3825 0.04083333333333333 0.0375
0 0.4175 0.38166666666666665 0.0375 0.05416666666666667
0 0.6558333333333334 0.37083333333333335 0.025 0.07916666666666666
0 0.7083333333333334 0.36666666666666664 0.03833333333333333 0.03833333333333333
0 0.3925 0.3625 0.025 0.05583333333333333
0 0.6083333333333333 0.3575 0.035833333333333335 0.049166666666666664
0 0.6316666666666667 0.3575 0.024166666666666666 0.059166666666666666
0 0.5841666666666666 0.35583333333333333 0.025 0.03916666666666667
0 0.475 0.355 0.04666666666666667 0.030833333333333334
0 0.4083333333333333 0.35333333333333333 0.04 0.04416666666666667
0 0.43833333333333335 0.35 0.043333333333333335 0.035
0 0.7383333333333333 0.3466666666666667 0.02666666666666667 0.08583333333333333
0 0.5591666666666667 0.3441666666666667 0.03666666666666667 0.04583333333333333
0 0.48333333333333334 0.335 0.0425 0.028333333333333332
0 0.6041666666666666 0.33166666666666667 0.035833333333333335 0.035833333333333335
0 0.36666666666666664 0.32666666666666666 0.0275 0.07833333333333334
0 0.5583333333333333 0.3258333333333333 0.03666666666666667 0.043333333333333335
0 0.5133333333333333 0.32416666666666666 0.034166666666666665 0.034166666666666665
0 0.3825 0.3233333333333333 0.03916666666666667 0.035
0 0.5775 0.3225 0.030833333333333334 0.04083333333333333
0 0.455 0.32166666666666666 0.04 0.04416666666666667
0 0.6216666666666667 0.31916666666666665 0.0375 0.034166666666666665
0 0.49166666666666664 0.31166666666666665 0.03833333333333333 0.03833333333333333
0 0.7616666666666667 0.305 0.018333333333333333 0.06916666666666667
0 0.5225 0.30083333333333334 0.035833333333333335 0.043333333333333335
0 0.5791666666666667 0.2991666666666667 0.043333333333333335 0.035833333333333335
0 0.5408333333333334 0.295 0.04 0.03
0 0.7458333333333333 0.2941666666666667 0.023333333333333334 0.065
0 0.4975 0.2841666666666667 0.04416666666666667 0.04
0 0.5608333333333333 0.2758333333333333 0.045 0.0325
0 0.76 0.2575 0.021666666666666667 0.04583333333333333
0 0.7491666666666666 0.25583333333333336 0.02666666666666667 0.0375
0 0.7866666666666666 0.24583333333333332 0.029166666666666667 0.0725
0 0.7225 0.23833333333333334 0.03666666666666667 0.06833333333333333
0 0.7066666666666667 0.8508333333333333 0.03916666666666667 0.051666666666666666
0 0.685 0.6075 0.04666666666666667 0.04583333333333333
0 0.4091666666666667 0.57 0.0375 0.028333333333333332