0 0.56 0.49 0.021666666666666667 0.08083333333333333
0 0.855 0.5016666666666667 0.0225 0.07166666666666667
0 0.8325 0.5258333333333334 0.0225 0.055
0 0.8441666666666666 0.5291666666666667 0.020833333333333332 0.08333333333333333
0 0.7775 0.54 0.028333333333333332 0.055
0 0.82 0.5408333333333334 0.03 0.05333333333333334
0 0.8183333333333334 0.5783333333333334 0.03333333333333333 0.06666666666666667
0 0.7983333333333333 0.5825 0.04416666666666667 0.035
0 0.8375 0.585 0.02 0.08333333333333333
0 0.7566666666666667 0.6783333333333333 0.021666666666666667 0.0875
0 0.7883333333333333 0.7525 0.04083333333333333 0.06583333333333333
0 0.7475 0.84 0.03 0.07083333333333333
0 0.7475 0.8933333333333333 0.02666666666666667 0.09333333333333334
0 0.7708333333333334 0.9008333333333334 0.03166666666666667 0.07
0 0.8291666666666667 0.9025 0.04583333333333333 0.043333333333333335
0 0.31666666666666665 0.07083333333333333 0.0225 0.05
0 0.8408333333333333 0.9316666666666666 0.03916666666666667 0.0375
0 0.78 0.9408333333333333 0.0425 0.04666666666666667
0 0.8283333333333334 0.95 0.0325 0.056666666666666664
0 0.8091666666666667 0.9508333333333333 0.03666666666666667 0.043333333333333335
0 0.8458333333333333 0.9616666666666667 0.025833333333333333 0.034166666666666665
0 0.76 0.9625 0.041666666666666664 0.06666666666666667
0 0.815 0.9766666666666667 0.04666666666666667 0.04
0 0.7883333333333333 0.9783333333333334 0.034166666666666665 0.0425
0 0.8408333333333333 0.9883333333333333 0.043333333333333335 0.021666666666666667
0 0.77 0.9933333333333333 0.035833333333333335 0.0125
0 0.8183333333333334 0.995 0.034166666666666665 0.009166666666666667
0 0.8633333333333333 0.9916666666666667 0.0275 0.015
0 0.7275 0.9933333333333333 0.029166666666666667 0.0125
0 0.345 0.09 0.023333333333333334 0.0575
0 0.3591666666666667 0.09416666666666666 0.025 0.04666666666666667
0 0.3225 0.11333333333333333 0.025 0.0475
0 0.3 0.11666666666666667 0.018333333333333333 0.0525
0 0.2725 0.12 0.015 0.0475
0 0.31166666666666665 0.1225 0.020833333333333332 0.060833333333333336
0 0.3433333333333333 0.12333333333333334 0.03166666666666667 0.03833333333333333
0 0.28 0.13083333333333333 0.023333333333333334 0.05333333333333334
0 0.26 0.14333333333333334 0.015833333333333335 0.06
0 0.35583333333333333 0.14666666666666667 0.016666666666666666 0.04083333333333333
0 0.31416666666666665 0.14916666666666667 0.029166666666666667 0.05333333333333334
0 0.3383333333333333 0.1575 0.03166666666666667 0.04083333333333333
0 0.2941666666666667 0.16 0.028333333333333332 0.05333333333333334
0 0.2758333333333333 0.16666666666666666 0.025 0.05416666666666667
0 0.24583333333333332 0.16666666666666666 0.015 0.06
0 0.30666666666666664 0.18416666666666667 0.035833333333333335 0.05
0 0.35333333333333333 0.19666666666666666 0.025833333333333333 0.029166666666666667
0 0.25416666666666665 0.2 0.018333333333333333 0.058333333333333334
0 0.2708333333333333 0.22416666666666665 0.018333333333333333 0.06833333333333333
0 0.235 0.22583333333333333 0.0175 0.07833333333333334
0 0.2841666666666667 0.23166666666666666 0.021666666666666667 0.07916666666666666
0 0.41083333333333333 0.014166666666666666 0.015833333333333335 0.0275
0 0.25833333333333336 0.2375 0.014166666666666666 0.06416666666666666
0 0.20916666666666667 0.24666666666666667 0.02 0.065
0 0.22083333333333333 0.2475 0.02 0.06583333333333333
0 0.36583333333333334 0.2475 0.02 0.06833333333333333
0 0.24916666666666668 0.2525 0.0175 0.06916666666666667
0 0.25666666666666665 0.28833333333333333 0.034166666666666665 0.07083333333333333
0 0.26666666666666666 0.28833333333333333 0.025833333333333333 0.043333333333333335
0 0.22083333333333333 0.2916666666666667 0.025 0.059166666666666666
0 0.23416666666666666 0.30333333333333334 0.018333333333333333 0.08166666666666667