0 0.008333333333333333 0.49583333333333335 0.013333333333333334 0.058333333333333334
0 0.4691666666666667 0.5008333333333334 0.028333333333333332 0.056666666666666664
0 0.028333333333333332 0.5141666666666667 0.0225 0.07333333333333333
0 0.5683333333333334 0.5158333333333334 0.0225 0.06916666666666667
0 0.3875 0.5183333333333333 0.0275 0.07333333333333333
0 0.6266666666666667 0.04666666666666667 0.029166666666666667 0.085
0 0.010833333333333334 0.5475 0.020833333333333332 0.06333333333333334
0 0.7283333333333334 0.5541666666666667 0.04583333333333333 0.0475
0 0.009166666666666667 0.5683333333333334 0.0175 0.05583333333333333
0 0.03333333333333333 0.5741666666666667 0.028333333333333332 0.06333333333333334
0 0.7383333333333333 0.5816666666666667 0.03166666666666667 0.04833333333333333
0 0.7558333333333334 0.5825 0.0325 0.0525
0 0.060833333333333336 0.5883333333333334 0.025833333333333333 0.07083333333333333
0 0.0075 0.59 0.014166666666666666 0.0475
0 0.7058333333333333 0.5991666666666666 0.041666666666666664 0.058333333333333334
0 0.075 0.6116666666666667 0.0275 0.06583333333333333
0 0.7358333333333333 0.6183333333333333 0.0475 0.03916666666666667
0 0.034166666666666665 0.6191666666666666 0.025833333333333333 0.05416666666666667
0 0.395 0.6191666666666666 0.025 0.075
0 0.6966666666666667 0.6575 0.04083333333333333 0.06166666666666667
0 0.06166666666666667 0.6766666666666666 0.029166666666666667 0.065
0 0.07666666666666666 0.6891666666666667 0.02666666666666667 0.0725
0 0.05333333333333334 0.7191666666666666 0.02 0.06416666666666666
0 0.005833333333333334 0.7508333333333334 0.008333333333333333 0.04833333333333333
0 0.07416666666666667 0.7508333333333334 0.035833333333333335 0.075
0 0.5783333333333334 0.8025 0.034166666666666665 0.060833333333333336
0 0.5475 0.8225 0.03166666666666667 0.0475
0 0.5716666666666667 0.885 0.025 0.06
0 0.5591666666666667 0.8883333333333333 0.020833333333333332 0.07833333333333334
0 0.5766666666666667 0.9566666666666667 0.03 0.08083333333333333
0 0.7275 0.19916666666666666 0.0475 0.03916666666666667
0 0.7166666666666667 0.2275 0.049166666666666664 0.03833333333333333
0 0.4125 0.23416666666666666 0.04583333333333333 0.04
0 0.38 0.23416666666666666 0.019166666666666665 0.06916666666666667
0 0.455 0.24333333333333335 0.0225 0.06916666666666667
0 0.7508333333333334 0.2625 0.03333333333333333 0.05333333333333334
0 0.4175 0.27166666666666667 0.045 0.04
0 0.7383333333333333 0.2833333333333333 0.03916666666666667 0.0725
0 0.36916666666666664 0.28583333333333333 0.020833333333333332 0.075
0 0.3825 0.29333333333333333 0.018333333333333333 0.07083333333333333
0 0.4816666666666667 0.3016666666666667 0.034166666666666665 0.055
0 0.41583333333333333 0.30416666666666664 0.0275 0.059166666666666666
0 0.4533333333333333 0.305 0.04416666666666667 0.059166666666666666
0 0.36333333333333334 0.31333333333333335 0.02666666666666667 0.08083333333333333
0 0.39416666666666667 0.31666666666666665 0.019166666666666665 0.07333333333333333
0 0.4475 0.3408333333333333 0.03333333333333333 0.04833333333333333
0 0.4625 0.3433333333333333 0.035 0.04666666666666667
0 0.3875 0.35 0.03166666666666667 0.06416666666666666
0 0.41833333333333333 0.355 0.03 0.035833333333333335
0 0.7025 0.35583333333333333 0.041666666666666664 0.035833333333333335
0 0.010833333333333334 0.35583333333333333 0.02 0.03916666666666667
0 0.4666666666666667 0.3725 0.034166666666666665 0.06
0 0.015 0.3825 0.02666666666666667 0.06166666666666667
0 0.42833333333333334 0.39166666666666666 0.025833333333333333 0.060833333333333336
0 0.46416666666666667 0.39166666666666666 0.03166666666666667 0.03916666666666667
0 0.4066666666666667 0.3958333333333333 0.019166666666666665 0.059166666666666666
0 0.44333333333333336 0.39916666666666667 0.02666666666666667 0.06416666666666666
0 0.48 0.41 0.03166666666666667 0.03
0 0.3983333333333333 0.41333333333333333 0.018333333333333333 0.06666666666666667
0 0.04833333333333333 0.4191666666666667 0.025833333333333333 0.08083333333333333
0 0.0175 0.4241666666666667 0.030833333333333334 0.07916666666666666
0 0.42583333333333334 0.425 0.010833333333333334 0.0375
0 0.4583333333333333 0.42916666666666664 0.02666666666666667 0.0375
0 0.45416666666666666 0.4483333333333333 0.02666666666666667 0.051666666666666666
0 0.41083333333333333 0.4675 0.018333333333333333 0.0725
0 0.42916666666666664 0.475 0.021666666666666667 0.08
0 0.4508333333333333 0.4766666666666667 0.020833333333333332 0.07