0 0.7958333333333333 0.47 0.025 0.056666666666666664
0 0.19083333333333333 0.4741666666666667 0.014166666666666666 0.04083333333333333
0 0.8433333333333334 0.4741666666666667 0.023333333333333334 0.029166666666666667
0 0.14333333333333334 0.475 0.021666666666666667 0.035
0 0.17083333333333334 0.4766666666666667 0.019166666666666665 0.059166666666666666
0 0.8275 0.4775 0.03 0.0475
0 0.7775 0.4775 0.018333333333333333 0.04416666666666667
0 0.9408333333333333 0.485 0.023333333333333334 0.0625
0 0.13166666666666665 0.48583333333333334 0.023333333333333334 0.059166666666666666
0 0.16083333333333333 0.49 0.02 0.058333333333333334
0 0.2 0.5008333333333334 0.02 0.065
0 0.5541666666666667 0.5008333333333334 0.03666666666666667 0.043333333333333335
0 0.82 0.5041666666666667 0.04583333333333333 0.0375
0 0.17916666666666667 0.5058333333333334 0.020833333333333332 0.05333333333333334
0 0.8508333333333333 0.5141666666666667 0.03916666666666667 0.06583333333333333
0 0.7716666666666666 0.5158333333333334 0.0325 0.07166666666666667
0 0.15333333333333332 0.525 0.0225 0.07083333333333333
0 0.795 0.5258333333333334 0.03 0.025
0 0.16666666666666666 0.5383333333333333 0.011666666666666667 0.04
0 0.19083333333333333 0.5391666666666667 0.024166666666666666 0.0725
0 0.9741666666666666 0.545 0.02 0.06166666666666667
0 0.8466666666666667 0.5533333333333333 0.023333333333333334 0.03833333333333333
0 0.17666666666666667 0.5608333333333333 0.015 0.059166666666666666
0 0.8425 0.58 0.025833333333333333 0.035
0 0.16916666666666666 0.5925 0.021666666666666667 0.05416666666666667
0 0.19416666666666665 0.6008333333333333 0.018333333333333333 0.07166666666666667
0 0.20583333333333334 0.6141666666666666 0.016666666666666666 0.07333333333333333
0 0.18833333333333332 0.6366666666666667 0.029166666666666667 0.06833333333333333
0 0.24166666666666667 0.6475 0.02 0.07083333333333333
0 0.21583333333333332 0.6525 0.016666666666666666 0.0625
0 0.18666666666666668 0.6591666666666667 0.0275 0.0425
0 0.16083333333333333 0.6616666666666666 0.0225 0.059166666666666666
0 0.20916666666666667 0.6733333333333333 0.016666666666666666 0.056666666666666664
0 0.22666666666666666 0.6775 0.016666666666666666 0.07333333333333333
0 0.335 0.6783333333333333 0.0225 0.06833333333333333
0 0.18666666666666668 0.695 0.02 0.05583333333333333
0 0.20416666666666666 0.7033333333333334 0.0325 0.05
0 0.32666666666666666 0.7083333333333334 0.016666666666666666 0.07416666666666667
0 0.3516666666666667 0.7258333333333333 0.021666666666666667 0.07166666666666667
0 0.2325 0.825 0.028333333333333332 0.05583333333333333
0 0.20416666666666666 0.9641666666666666 0.025 0.07083333333333333
0 0.7816666666666666 0.11583333333333333 0.025 0.06416666666666666
0 0.10416666666666667 0.1375 0.03916666666666667 0.035833333333333335
0 0.7591666666666667 0.01 0.03166666666666667 0.02
0 0.11 0.17 0.04416666666666667 0.03916666666666667
0 0.29833333333333334 0.20666666666666667 0.02666666666666667 0.07333333333333333
0 0.8975 0.2916666666666667 0.023333333333333334 0.04
0 0.46 0.3075 0.02 0.07833333333333334
0 0.3933333333333333 0.32083333333333336 0.018333333333333333 0.07416666666666667
0 0.13 0.3541666666666667 0.0175 0.04833333333333333
0 0.7941666666666667 0.3925 0.035 0.065
0 0.1425 0.395 0.025 0.06833333333333333
0 0.9541666666666667 0.3975 0.0325 0.055
0 0.12083333333333333 0.3983333333333333 0.020833333333333332 0.059166666666666666
0 0.4741666666666667 0.4033333333333333 0.03666666666666667 0.05
0 0.495 0.41083333333333333 0.0275 0.0325
0 0.93 0.4116666666666667 0.021666666666666667 0.07083333333333333
0 0.8116666666666666 0.4175 0.03 0.05416666666666667
0 0.17083333333333334 0.42083333333333334 0.029166666666666667 0.06
0 0.7858333333333334 0.4216666666666667 0.0425 0.0525
0 0.9 0.4241666666666667 0.028333333333333332 0.07166666666666667
0 0.47333333333333333 0.4266666666666667 0.035 0.06166666666666667
0 0.1375 0.43 0.020833333333333332 0.06166666666666667
0 0.835 0.435 0.024166666666666666 0.04416666666666667
0 0.7766666666666666 0.445 0.043333333333333335 0.029166666666666667
0 0.18166666666666667 0.44666666666666666 0.023333333333333334 0.06916666666666667
0 0.15166666666666667 0.45 0.015833333333333335 0.056666666666666664
0 0.11916666666666667 0.4525 0.023333333333333334 0.056666666666666664
0 0.815 0.4525 0.03166666666666667 0.0675
0 0.49583333333333335 0.45666666666666667 0.02 0.0625
0 0.9666666666666667 0.4625 0.025833333333333333 0.07
0 0.76 0.4683333333333333 0.029166666666666667 0.028333333333333332