0 0.5366666666666666 0.4741666666666667 0.03833333333333333 0.03833333333333333
0 0.5633333333333334 0.47583333333333333 0.03666666666666667 0.043333333333333335
0 0.6241666666666666 0.4766666666666667 0.035833333333333335 0.04833333333333333
0 0.6441666666666667 0.4766666666666667 0.04 0.04
0 0.48 0.47833333333333333 0.03666666666666667 0.06
0 0.45666666666666667 0.47833333333333333 0.035833333333333335 0.03916666666666667
0 0.7533333333333333 0.4925 0.030833333333333334 0.07166666666666667
0 0.5025 0.49583333333333335 0.021666666666666667 0.030833333333333334
0 0.7425 0.49833333333333335 0.02 0.07166666666666667
0 0.5641666666666667 0.49833333333333335 0.03666666666666667 0.029166666666666667
0 0.5283333333333333 0.5 0.0425 0.035833333333333335
0 0.7766666666666666 0.5033333333333333 0.023333333333333334 0.07583333333333334
0 0.625 0.5058333333333334 0.04583333333333333 0.035833333333333335
0 0.6566666666666666 0.5075 0.035833333333333335 0.035
0 0.4525 0.5125 0.04 0.034166666666666665
0 0.48333333333333334 0.5283333333333333 0.041666666666666664 0.06916666666666667
0 0.7566666666666667 0.5358333333333334 0.02666666666666667 0.06
0 0.6583333333333333 0.5366666666666666 0.0325 0.04583333333333333
0 0.645 0.5466666666666666 0.03 0.055
0 0.47333333333333333 0.5658333333333333 0.019166666666666665 0.0725
0 0.49583333333333335 0.58 0.034166666666666665 0.07583333333333334
0 0.6783333333333333 0.5833333333333334 0.03166666666666667 0.0625
0 0.7233333333333334 0.5891666666666666 0.015 0.051666666666666666
0 0.6641666666666667 0.5975 0.034166666666666665 0.059166666666666666
0 0.49083333333333334 0.6016666666666667 0.019166666666666665 0.06416666666666666
0 0.4816666666666667 0.6241666666666666 0.015833333333333335 0.065
0 0.5183333333333333 0.64 0.0425 0.04666666666666667
0 0.6825 0.6491666666666667 0.015833333333333335 0.08166666666666667
0 0.49416666666666664 0.655 0.014166666666666666 0.0625
0 0.5108333333333334 0.6641666666666667 0.025833333333333333 0.060833333333333336
0 0.6666666666666666 0.6708333333333333 0.024166666666666666 0.07833333333333334
0 0.4583333333333333 0.675 0.018333333333333333 0.0825
0 0.48333333333333334 0.6783333333333333 0.016666666666666666 0.06416666666666666
0 0.6916666666666667 0.685 0.0175 0.0825
0 0.53 0.6875 0.020833333333333332 0.06666666666666667
0 0.5041666666666667 0.6958333333333333 0.016666666666666666 0.07666666666666666
0 0.5441666666666667 0.6975 0.023333333333333334 0.056666666666666664
0 0.4483333333333333 0.7041666666666667 0.015833333333333335 0.09
0 0.47 0.7258333333333333 0.0175 0.08416666666666667
0 0.43166666666666664 0.7275 0.0175 0.08
0 0.4866666666666667 0.7508333333333334 0.019166666666666665 0.09
0 0.45666666666666667 0.7525 0.016666666666666666 0.07833333333333334
0 0.44416666666666665 0.78 0.019166666666666665 0.08083333333333333
0 0.4716666666666667 0.785 0.0175 0.06583333333333333
0 0.4266666666666667 0.7883333333333333 0.0175 0.06916666666666667
0 0.4608333333333333 0.8158333333333333 0.016666666666666666 0.06916666666666667
0 0.44916666666666666 0.8283333333333334 0.02 0.08333333333333333
0 0.9108333333333334 0.9366666666666666 0.0475 0.03333333333333333
0 0.9583333333333334 0.9716666666666667 0.03333333333333333 0.05583333333333333
0 0.8625 0.9941666666666666 0.041666666666666664 0.010833333333333334
0 0.5166666666666667 0.15833333333333333 0.0275 0.06
0 0.5125 0.18666666666666668 0.015833333333333335 0.04666666666666667
0 0.4975 0.20083333333333334 0.03166666666666667 0.06583333333333333
0 0.5366666666666666 0.22166666666666668 0.03333333333333333 0.06
0 0.3925 0.22666666666666666 0.034166666666666665 0.035833333333333335
0 0.4275 0.235 0.0275 0.029166666666666667
0 0.365 0.24583333333333332 0.03666666666666667 0.04833333333333333
0 0.5316666666666666 0.2525 0.023333333333333334 0.0625
0 0.56 0.25416666666666665 0.03916666666666667 0.035833333333333335
0 0.4058333333333333 0.2575 0.0375 0.03666666666666667
0 0.44083333333333335 0.2625 0.04 0.029166666666666667
0 0.39666666666666667 0.265 0.03166666666666667 0.05583333333333333
0 0.36916666666666664 0.28 0.025833333333333333 0.06833333333333333
0 0.37833333333333335 0.285 0.025 0.0625
0 0.5591666666666667 0.285 0.03916666666666667 0.050833333333333335
0 0.43916666666666665 0.2866666666666667 0.0425 0.028333333333333332
0 0.505 0.29 0.03916666666666667 0.03833333333333333
0 0.5316666666666666 0.2916666666666667 0.034166666666666665 0.029166666666666667
0 0.3983333333333333 0.29333333333333333 0.0325 0.06
0 0.42333333333333334 0.2975 0.03166666666666667 0.03166666666666667
0 0.4608333333333333 0.29833333333333334 0.043333333333333335 0.0425
0 0.5966666666666667 0.30416666666666664 0.034166666666666665 0.03166666666666667
0 0.47333333333333333 0.31166666666666665 0.03916666666666667 0.024166666666666666
0 0.5125 0.31166666666666665 0.04 0.03916666666666667
0 0.5733333333333334 0.31416666666666665 0.03833333333333333 0.0275
0 0.5391666666666667 0.31833333333333336 0.034166666666666665 0.029166666666666667
0 0.4675 0.3283333333333333 0.04666666666666667 0.03166666666666667
0 0.43416666666666665 0.33166666666666667 0.04 0.04
0 0.415 0.3375 0.034166666666666665 0.03333333333333333
0 0.5666666666666667 0.3375 0.04583333333333333 0.035
0 0.5116666666666667 0.3383333333333333 0.045 0.03833333333333333
0 0.435 0.3641666666666667 0.043333333333333335 0.03333333333333333
0 0.5283333333333333 0.3675 0.043333333333333335 0.03833333333333333
0 0.47583333333333333 0.37583333333333335 0.0325 0.06583333333333333
0 0.9433333333333334 0.4041666666666667 0.03666666666666667 0.07666666666666666
0 0.725 0.405 0.03333333333333333 0.07166666666666667
0 0.4275 0.4216666666666667 0.04 0.041666666666666664
0 0.46166666666666667 0.4241666666666667 0.03833333333333333 0.04083333333333333
0 0.6208333333333333 0.4266666666666667 0.0375 0.03333333333333333
0 0.49916666666666665 0.4325 0.04666666666666667 0.0375
0 0.5675 0.44083333333333335 0.03666666666666667 0.04
0 0.5433333333333333 0.44166666666666665 0.03333333333333333 0.058333333333333334
0 0.6075 0.44333333333333336 0.0475 0.0325
0 0.5175 0.44416666666666665 0.0375 0.03666666666666667
0 0.97 0.4483333333333333 0.03166666666666667 0.0725
0 0.4425 0.44916666666666666 0.041666666666666664 0.030833333333333334
0 0.48 0.4525 0.041666666666666664 0.0375
0 0.425 0.4575 0.04 0.03833333333333333
0 0.73 0.4608333333333333 0.024166666666666666 0.08166666666666667
0 0.7583333333333333 0.465 0.029166666666666667 0.0725
0 0.505 0.4716666666666667 0.04 0.0325
0 0.595 0.4725 0.04083333333333333 0.03166666666666667