0 0.6025 0.5358333333333334 0.03166666666666667 0.034166666666666665
0 0.6133333333333333 0.5191666666666667 0.0375 0.04
0 0.6116666666666667 0.5191666666666667 0.034166666666666665 0.035833333333333335
0 0.6291666666666667 0.5158333333333334 0.03333333333333333 0.03166666666666667
0 0.6125 0.49916666666666665 0.034166666666666665 0.0225
0 0.6116666666666667 0.48 0.029166666666666667 0.03333333333333333
0 0.5866666666666667 0.4766666666666667 0.0275 0.035
0 0.6225 0.4766666666666667 0.04 0.0325
0 0.6208333333333333 0.4508333333333333 0.030833333333333334 0.05416666666666667
0 0.5783333333333334 0.4475 0.043333333333333335 0.030833333333333334
0 0.5908333333333333 0.43333333333333335 0.03666666666666667 0.03833333333333333
0 0.5383333333333333 0.415 0.043333333333333335 0.030833333333333334
0 0.58 0.4083333333333333 0.035 0.024166666666666666
0 0.5533333333333333 0.3983333333333333 0.03166666666666667 0.03
0 0.5183333333333333 0.3925 0.0375 0.023333333333333334
0 0.5716666666666667 0.38416666666666666 0.0375 0.0425
0 0.5416666666666666 0.37833333333333335 0.03333333333333333 0.023333333333333334
0 0.5108333333333334 0.37083333333333335 0.03 0.025833333333333333
0 0.5716666666666667 0.36083333333333334 0.03333333333333333 0.043333333333333335
0 0.5333333333333333 0.3575 0.03333333333333333 0.028333333333333332
0 0.5483333333333333 0.3425 0.03333333333333333 0.0275
0 0.5825 0.7508333333333334 0.0375 0.03166666666666667
0 0.6075 0.75 0.03833333333333333 0.028333333333333332
0 0.5933333333333334 0.7308333333333333 0.0325 0.025833333333333333
0 0.6241666666666666 0.7258333333333333 0.04 0.035
0 0.56 0.725 0.035 0.0325
0 0.6483333333333333 0.72 0.02 0.07416666666666667
0 0.5816666666666667 0.7191666666666666 0.030833333333333334 0.034166666666666665
0 0.5825 0.7041666666666667 0.03166666666666667 0.03
0 0.6108333333333333 0.7025 0.029166666666666667 0.030833333333333334
0 0.6658333333333334 0.7 0.014166666666666666 0.0575
0 0.5516666666666666 0.695 0.029166666666666667 0.03333333333333333
0 0.5708333333333333 0.6925 0.029166666666666667 0.0425
0 0.6258333333333334 0.6875 0.028333333333333332 0.043333333333333335
0 0.5933333333333334 0.6808333333333333 0.02666666666666667 0.035833333333333335
0 0.6083333333333333 0.68 0.0225 0.03916666666666667
0 0.5783333333333334 0.6666666666666666 0.025833333333333333 0.035833333333333335
0 0.5441666666666667 0.6658333333333334 0.0225 0.0275
0 0.5608333333333333 0.6641666666666667 0.03166666666666667 0.0325
0 0.6458333333333334 0.6616666666666666 0.024166666666666666 0.0675
0 0.6008333333333333 0.6583333333333333 0.029166666666666667 0.0375
0 0.6241666666666666 0.6566666666666666 0.025833333333333333 0.028333333333333332
0 0.5608333333333333 0.645 0.03 0.02666666666666667
0 0.6558333333333334 0.6441666666666667 0.019166666666666665 0.07166666666666667
0 0.5916666666666667 0.64 0.025 0.02666666666666667
0 0.6158333333333333 0.6333333333333333 0.03166666666666667 0.025833333333333333
0 0.5858333333333333 0.63 0.035 0.0325
0 0.5641666666666667 0.62 0.03166666666666667 0.025833333333333333
0 0.6316666666666667 0.6133333333333333 0.029166666666666667 0.04083333333333333
0 0.6066666666666667 0.61 0.034166666666666665 0.029166666666666667
0 0.5775 0.6041666666666666 0.0325 0.024166666666666666
0 0.5866666666666667 0.585 0.03333333333333333 0.03166666666666667
0 0.6225 0.5641666666666667 0.03666666666666667 0.028333333333333332
0 0.5941666666666666 0.5583333333333333 0.03333333333333333 0.05416666666666667
0 0.6358333333333334 0.5475 0.03666666666666667 0.025833333333333333