0 0.585 0.49333333333333335 0.035833333333333335 0.025833333333333333
0 0.2841666666666667 0.49416666666666664 0.02 0.08
0 0.4091666666666667 0.4975 0.03916666666666667 0.04666666666666667
0 0.5583333333333333 0.5091666666666667 0.0325 0.0475
0 0.265 0.5108333333333334 0.023333333333333334 0.06
0 0.43 0.5166666666666667 0.0475 0.035833333333333335
0 0.5116666666666667 0.5175 0.03666666666666667 0.03333333333333333
0 0.38416666666666666 0.5191666666666667 0.04083333333333333 0.03333333333333333
0 0.2475 0.52 0.025 0.08583333333333333
0 0.58 0.52 0.04 0.04666666666666667
0 0.6183333333333333 0.5241666666666667 0.018333333333333333 0.056666666666666664
0 0.5241666666666667 0.53 0.043333333333333335 0.043333333333333335
0 0.5966666666666667 0.5308333333333334 0.035833333333333335 0.0375
0 0.4033333333333333 0.5408333333333334 0.04416666666666667 0.0375
0 0.37083333333333335 0.5516666666666666 0.03666666666666667 0.03833333333333333
0 0.565 0.5658333333333333 0.04 0.04083333333333333
0 0.6083333333333333 0.5666666666666667 0.015833333333333335 0.07083333333333333
0 0.585 0.57 0.035 0.0525
0 0.5291666666666667 0.57 0.034166666666666665 0.0525
0 0.36916666666666664 0.58 0.03833333333333333 0.050833333333333335
0 0.585 0.6058333333333333 0.029166666666666667 0.06833333333333333
0 0.5525 0.6066666666666667 0.03166666666666667 0.06333333333333334
0 0.3025 0.6116666666666667 0.020833333333333332 0.0475
0 0.3575 0.6275 0.030833333333333334 0.060833333333333336
0 0.5641666666666667 0.63 0.023333333333333334 0.0625
0 0.5933333333333334 0.6316666666666667 0.03333333333333333 0.06333333333333334
0 0.3375 0.6483333333333333 0.0225 0.085
0 0.36833333333333335 0.6491666666666667 0.025833333333333333 0.09333333333333334
0 0.6033333333333334 0.6558333333333334 0.03166666666666667 0.06333333333333334
0 0.5416666666666666 0.6575 0.0275 0.0525
0 0.5483333333333333 0.6891666666666667 0.025833333333333333 0.07666666666666666
0 0.59 0.7075 0.019166666666666665 0.06916666666666667
0 0.5683333333333334 0.7191666666666666 0.020833333333333332 0.085
0 0.595 0.7508333333333334 0.019166666666666665 0.07666666666666666
0 0.5741666666666667 0.7533333333333333 0.016666666666666666 0.07
0 0.615 0.7541666666666667 0.019166666666666665 0.08333333333333333
0 0.585 0.78 0.016666666666666666 0.07083333333333333
0 0.6033333333333334 0.8083333333333333 0.018333333333333333 0.0675
0 0.5775 0.82 0.016666666666666666 0.07666666666666666
0 0.6175 0.8341666666666666 0.020833333333333332 0.07166666666666667
0 0.5958333333333333 0.8691666666666666 0.016666666666666666 0.08
0 0.10583333333333333 0.9833333333333333 0.05 0.03166666666666667
0 0.5283333333333333 0.135 0.024166666666666666 0.07166666666666667
0 0.5308333333333334 0.17833333333333334 0.0175 0.0475
0 0.5458333333333333 0.20666666666666667 0.03833333333333333 0.08416666666666667
0 0.5058333333333334 0.21166666666666667 0.029166666666666667 0.060833333333333336
0 0.6666666666666666 0.22416666666666665 0.03333333333333333 0.035
0 0.6991666666666667 0.235 0.0475 0.04583333333333333
0 0.5191666666666667 0.23833333333333334 0.020833333333333332 0.0825
0 0.6225 0.24083333333333334 0.03 0.029166666666666667
0 0.49416666666666664 0.25416666666666665 0.04 0.03666666666666667
0 0.6466666666666666 0.2608333333333333 0.03166666666666667 0.043333333333333335
0 0.6975 0.265 0.035833333333333335 0.03833333333333333
0 0.6583333333333333 0.2675 0.034166666666666665 0.0575
0 0.7225 0.2683333333333333 0.04416666666666667 0.03833333333333333
0 0.6008333333333333 0.27 0.045 0.035833333333333335
0 0.4875 0.2816666666666667 0.049166666666666664 0.0475
0 0.5641666666666667 0.2875 0.0375 0.03333333333333333
0 0.6183333333333333 0.28833333333333333 0.04 0.02666666666666667
0 0.6883333333333334 0.2975 0.034166666666666665 0.051666666666666666
0 0.6591666666666667 0.3016666666666667 0.029166666666666667 0.0675
0 0.6391666666666667 0.30583333333333335 0.03666666666666667 0.03333333333333333
0 0.4891666666666667 0.30916666666666665 0.0425 0.05416666666666667
0 0.6033333333333334 0.31 0.0425 0.03
0 0.45416666666666666 0.3175 0.03833333333333333 0.034166666666666665
0 0.6291666666666667 0.325 0.03666666666666667 0.024166666666666666
0 0.5625 0.33 0.04666666666666667 0.04
0 0.5983333333333334 0.33 0.041666666666666664 0.028333333333333332
0 0.5233333333333333 0.3358333333333333 0.041666666666666664 0.035833333333333335
0 0.6258333333333334 0.34833333333333333 0.043333333333333335 0.035833333333333335
0 0.5891666666666666 0.35083333333333333 0.0425 0.029166666666666667
0 0.55 0.3566666666666667 0.0425 0.04083333333333333
0 0.52 0.35833333333333334 0.0475 0.04583333333333333
0 0.32083333333333336 0.36333333333333334 0.04583333333333333 0.05416666666666667
0 0.5958333333333333 0.3775 0.04 0.0375
0 0.6241666666666666 0.37916666666666665 0.04416666666666667 0.0375
0 0.5225 0.3825 0.04833333333333333 0.03666666666666667
0 0.31833333333333336 0.40166666666666667 0.03 0.07916666666666666
0 0.6466666666666666 0.405 0.030833333333333334 0.06583333333333333
0 0.07083333333333333 0.41 0.04583333333333333 0.0875
0 0.6225 0.4141666666666667 0.03916666666666667 0.04583333333333333
0 0.5741666666666667 0.4166666666666667 0.04083333333333333 0.05
0 0.2925 0.43333333333333335 0.020833333333333332 0.07666666666666666
0 0.5841666666666666 0.43666666666666665 0.03833333333333333 0.0475
0 0.41833333333333333 0.43916666666666665 0.04583333333333333 0.03666666666666667
0 0.5466666666666666 0.4508333333333333 0.0425 0.0325
0 0.2708333333333333 0.45666666666666667 0.03166666666666667 0.0825
0 0.6175 0.45666666666666667 0.04666666666666667 0.04083333333333333
0 0.04 0.4583333333333333 0.0325 0.075
0 0.42916666666666664 0.46166666666666667 0.049166666666666664 0.043333333333333335
0 0.5241666666666667 0.4625 0.04 0.035833333333333335
0 0.6425 0.4675 0.0325 0.0575
0 0.5025 0.4683333333333333 0.03916666666666667 0.04833333333333333
0 0.5675 0.4691666666666667 0.04666666666666667 0.03833333333333333
0 0.6158333333333333 0.48583333333333334 0.03166666666666667 0.05416666666666667
0 0.5008333333333334 0.4866666666666667 0.03666666666666667 0.045
0 0.39 0.48833333333333334 0.0425 0.0375
0 0.46 0.49083333333333334 0.0325 0.03833333333333333
0 0.5358333333333334 0.49083333333333334 0.04666666666666667 0.03333333333333333
0 0.48333333333333334 0.49166666666666664 0.03333333333333333 0.0525