0 0.8175 0.465 0.021666666666666667 0.07083333333333333
0 0.7516666666666667 0.5241666666666667 0.05416666666666667 0.043333333333333335
0 0.29083333333333333 0.5441666666666667 0.019166666666666665 0.08333333333333333
0 0.28 0.595 0.019166666666666665 0.07666666666666666
0 0.9325 0.5983333333333334 0.03833333333333333 0.043333333333333335
0 0.9525 0.6158333333333333 0.03666666666666667 0.05
0 0.3075 0.6175 0.035 0.04666666666666667
0 0.25416666666666665 0.6258333333333334 0.043333333333333335 0.05
0 0.23583333333333334 0.635 0.03166666666666667 0.03916666666666667
0 0.2125 0.6616666666666666 0.045 0.0375
0 0.25916666666666666 0.67 0.025833333333333333 0.06166666666666667
0 0.17916666666666667 0.675 0.016666666666666666 0.04083333333333333
0 0.24416666666666667 0.68 0.029166666666666667 0.056666666666666664
0 0.19333333333333333 0.6925 0.035833333333333335 0.03166666666666667
0 0.20416666666666666 0.6991666666666667 0.035 0.03916666666666667
0 0.23416666666666666 0.6991666666666667 0.025 0.0425
0 0.21666666666666667 0.7 0.025833333333333333 0.043333333333333335
0 0.22666666666666666 0.7366666666666667 0.023333333333333334 0.07
0 0.20083333333333334 0.7416666666666667 0.0325 0.060833333333333336
0 0.8141666666666667 0.7933333333333333 0.021666666666666667 0.0725
0 0.7908333333333334 0.825 0.024166666666666666 0.08416666666666667
0 0.7658333333333334 0.8475 0.041666666666666664 0.045
0 0.515 0.3233333333333333 0.04083333333333333 0.049166666666666664
0 0.5566666666666666 0.3275 0.0225 0.0775
0 0.5266666666666666 0.3675 0.0275 0.06166666666666667
0 0.5141666666666667 0.36833333333333335 0.035 0.07333333333333333
0 0.54 0.36833333333333335 0.03666666666666667 0.07083333333333333
0 0.5475 0.3775 0.028333333333333332 0.059166666666666666
0 0.5691666666666667 0.39166666666666666 0.03166666666666667 0.056666666666666664
0 0.44666666666666666 0.39916666666666667 0.0325 0.07166666666666667
0 0.8275 0.40166666666666667 0.0275 0.07833333333333334
0 0.8 0.42583333333333334 0.035 0.065
0 0.5316666666666666 0.43083333333333335 0.028333333333333332 0.07416666666666667
0 0.7908333333333334 0.4558333333333333 0.028333333333333332 0.095