0 0.5591666666666667 0.4841666666666667 0.0175 0.015
0 0.5883333333333334 0.48583333333333334 0.023333333333333334 0.0225
0 0.5441666666666667 0.4866666666666667 0.019166666666666665 0.0225
0 0.5766666666666667 0.49583333333333335 0.020833333333333332 0.016666666666666666
0 0.5591666666666667 0.49666666666666665 0.021666666666666667 0.0225
0 0.35583333333333333 0.49916666666666665 0.0125 0.041666666666666664
0 0.5108333333333334 0.5066666666666667 0.025833333333333333 0.035
0 0.5508333333333333 0.5075 0.02 0.024166666666666666
0 0.585 0.5083333333333333 0.021666666666666667 0.02666666666666667
0 0.3675 0.5083333333333333 0.0175 0.021666666666666667
0 0.5333333333333333 0.5091666666666667 0.020833333333333332 0.041666666666666664
0 0.605 0.5108333333333334 0.0275 0.045
0 0.5141666666666667 0.5166666666666667 0.021666666666666667 0.035
0 0.5558333333333333 0.5258333333333334 0.015833333333333335 0.0425
0 0.5683333333333334 0.5266666666666666 0.014166666666666666 0.05583333333333333
0 0.43416666666666665 0.5275 0.02 0.03333333333333333
0 0.37166666666666665 0.5283333333333333 0.02666666666666667 0.029166666666666667
0 0.5966666666666667 0.5283333333333333 0.02666666666666667 0.04583333333333333
0 0.6075 0.5308333333333334 0.024166666666666666 0.060833333333333336
0 0.5391666666666667 0.5325 0.019166666666666665 0.0375
0 0.4583333333333333 0.5333333333333333 0.023333333333333334 0.04
0 0.5925 0.5391666666666667 0.02666666666666667 0.04416666666666667
0 0.4125 0.5441666666666667 0.03 0.025833333333333333
0 0.39666666666666667 0.56 0.0225 0.024166666666666666
0 0.37333333333333335 0.5616666666666666 0.02666666666666667 0.035833333333333335
0 0.4175 0.5691666666666667 0.024166666666666666 0.03833333333333333
0 0.45916666666666667 0.5725 0.020833333333333332 0.0475
0 0.44666666666666666 0.5725 0.024166666666666666 0.049166666666666664
0 0.865 0.8441666666666666 0.034166666666666665 0.07833333333333334
0 0.9883333333333333 0.9675 0.02 0.065
0 0.4175 0.23583333333333334 0.023333333333333334 0.025
0 0.4008333333333333 0.23916666666666667 0.019166666666666665 0.0175
0 0.4083333333333333 0.24166666666666667 0.015 0.019166666666666665
0 0.4141666666666667 0.24666666666666667 0.02 0.0225
0 0.3925 0.255 0.018333333333333333 0.020833333333333332
0 0.4083333333333333 0.26 0.023333333333333334 0.025
0 0.36583333333333334 0.45916666666666667 0.020833333333333332 0.0375