0 0.21083333333333334 0.5575 0.045 0.035833333333333335
0 0.5675 0.5516666666666666 0.0175 0.07583333333333334
0 0.555 0.5483333333333333 0.0175 0.075
0 0.5383333333333333 0.5325 0.025833333333333333 0.07666666666666666
0 0.5258333333333334 0.5083333333333333 0.015 0.08166666666666667
0 0.4575 0.4891666666666667 0.03166666666666667 0.06416666666666666
0 0.5366666666666666 0.4841666666666667 0.015 0.0625
0 0.5133333333333333 0.4825 0.018333333333333333 0.0925
0 0.475 0.48 0.0325 0.06
0 0.5483333333333333 0.4708333333333333 0.0125 0.0625
0 0.44916666666666666 0.4666666666666667 0.021666666666666667 0.04
0 0.4241666666666667 0.4633333333333333 0.03 0.050833333333333335
0 0.5583333333333333 0.46 0.015833333333333335 0.065
0 0.575 0.4558333333333333 0.020833333333333332 0.07666666666666666
0 0.42583333333333334 0.4375 0.02666666666666667 0.060833333333333336
0 0.44666666666666666 0.4375 0.025833333333333333 0.0875
0 0.48083333333333333 0.435 0.03833333333333333 0.05333333333333334
0 0.5216666666666666 0.43416666666666665 0.020833333333333332 0.07833333333333334
0 0.5308333333333334 0.42833333333333334 0.015 0.051666666666666666
0 0.5441666666666667 0.4166666666666667 0.015833333333333335 0.06416666666666666
0 0.47 0.4125 0.018333333333333333 0.06833333333333333
0 0.4191666666666667 0.4083333333333333 0.025 0.07333333333333333
0 0.4841666666666667 0.39166666666666666 0.01 0.049166666666666664
0 0.5533333333333333 0.3875 0.016666666666666666 0.060833333333333336
0 0.44916666666666666 0.38416666666666666 0.020833333333333332 0.059166666666666666
0 0.43833333333333335 0.38166666666666665 0.014166666666666666 0.05333333333333334
0 0.4125 0.38083333333333336 0.011666666666666667 0.07
0 0.5275 0.37833333333333335 0.02 0.0675
0 0.495 0.35833333333333334 0.023333333333333334 0.0775
0 0.4091666666666667 0.3525 0.02 0.07833333333333334
0 0.5383333333333333 0.35083333333333333 0.016666666666666666 0.07
0 0.425 0.3491666666666667 0.015 0.05333333333333334
0 0.445 0.345 0.025833333333333333 0.055
0 0.5166666666666667 0.3425 0.03166666666666667 0.07833333333333334
0 0.42833333333333334 0.31416666666666665 0.021666666666666667 0.04
0 0.4525 0.305 0.03666666666666667 0.043333333333333335
0 0.42916666666666664 0.2758333333333333 0.0225 0.0825
0 0.45 0.25833333333333336 0.030833333333333334 0.065
0 0.4675 0.2575 0.035833333333333335 0.058333333333333334
0 0.44916666666666666 0.22666666666666666 0.023333333333333334 0.06
0 0.475 0.21 0.019166666666666665 0.0575
0 0.43916666666666665 0.19583333333333333 0.029166666666666667 0.07583333333333334
0 0.455 0.18 0.020833333333333332 0.060833333333333336
0 0.4775 0.17166666666666666 0.034166666666666665 0.06916666666666667
0 0.4475 0.14083333333333334 0.019166666666666665 0.0475
0 0.4708333333333333 0.12916666666666668 0.025833333333333333 0.06333333333333334
0 0.5216666666666666 0.06916666666666667 0.03916666666666667 0.0775
0 0.5066666666666667 0.029166666666666667 0.025 0.0575
0 0.5391666666666667 0.021666666666666667 0.03916666666666667 0.0425
0 0.9733333333333334 0.9475 0.04583333333333333 0.03833333333333333
0 0.7691666666666667 0.925 0.02 0.085
0 0.5216666666666666 0.9208333333333333 0.0425 0.024166666666666666
0 0.4775 0.92 0.04583333333333333 0.029166666666666667
0 0.7533333333333333 0.9083333333333333 0.024166666666666666 0.09416666666666666
0 0.5116666666666667 0.8983333333333333 0.0425 0.0225
0 0.4675 0.8975 0.043333333333333335 0.0275
0 0.5091666666666667 0.8758333333333334 0.029166666666666667 0.0375
0 0.4791666666666667 0.8741666666666666 0.0425 0.0325
0 0.9008333333333334 0.8658333333333333 0.041666666666666664 0.0725
0 0.2675 0.8416666666666667 0.018333333333333333 0.049166666666666664
0 0.32916666666666666 0.8358333333333333 0.0325 0.04083333333333333
0 0.35333333333333333 0.8183333333333334 0.041666666666666664 0.03333333333333333
0 0.29833333333333334 0.8175 0.03833333333333333 0.05416666666666667
0 0.32 0.8166666666666667 0.025833333333333333 0.03
0 0.4241666666666667 0.8141666666666667 0.034166666666666665 0.058333333333333334
0 0.24166666666666667 0.8108333333333333 0.0275 0.049166666666666664
0 0.2708333333333333 0.8033333333333333 0.023333333333333334 0.05416666666666667
0 0.21333333333333335 0.7983333333333333 0.0125 0.08166666666666667
0 0.4483333333333333 0.7975 0.025833333333333333 0.049166666666666664
0 0.35083333333333333 0.795 0.045 0.03833333333333333
0 0.30416666666666664 0.7908333333333334 0.04083333333333333 0.050833333333333335
0 0.4058333333333333 0.79 0.04083333333333333 0.0325
0 0.38166666666666665 0.7866666666666666 0.0325 0.04833333333333333
0 0.49333333333333335 0.7791666666666667 0.0175 0.018333333333333333
0 0.4716666666666667 0.7775 0.028333333333333332 0.03166666666666667
0 0.25166666666666665 0.7725 0.023333333333333334 0.07916666666666666
0 0.2375 0.7725 0.006666666666666667 0.041666666666666664
0 0.22666666666666666 0.765 0.019166666666666665 0.095
0 0.4241666666666667 0.7591666666666667 0.04416666666666667 0.0375
0 0.485 0.755 0.04583333333333333 0.035833333333333335
0 0.7558333333333334 0.7416666666666667 0.03833333333333333 0.0575
0 0.5208333333333334 0.7383333333333333 0.029166666666666667 0.04083333333333333
0 0.20583333333333334 0.7341666666666666 0.0175 0.06916666666666667
0 0.5066666666666667 0.7266666666666667 0.03666666666666667 0.03833333333333333
0 0.4866666666666667 0.7258333333333333 0.03666666666666667 0.0625
0 0.19583333333333333 0.7175 0.030833333333333334 0.06416666666666666
0 0.43333333333333335 0.7066666666666667 0.0325 0.0625
0 0.46166666666666667 0.6825 0.024166666666666666 0.0475
0 0.5158333333333334 0.6791666666666667 0.0275 0.06
0 0.22083333333333333 0.6775 0.021666666666666667 0.09916666666666667
0 0.5666666666666667 0.6733333333333333 0.0325 0.0575
0 0.5341666666666667 0.67 0.02 0.07166666666666667
0 0.21 0.6641666666666667 0.025 0.051666666666666666
0 0.5066666666666667 0.6641666666666667 0.0325 0.07166666666666667
0 0.5633333333333334 0.6508333333333334 0.024166666666666666 0.045
0 0.5533333333333333 0.635 0.019166666666666665 0.060833333333333336
0 0.5375 0.62 0.030833333333333334 0.060833333333333336
0 0.5775 0.6116666666666667 0.029166666666666667 0.04666666666666667
0 0.21083333333333334 0.5933333333333334 0.034166666666666665 0.06833333333333333
0 0.5775 0.5791666666666667 0.03666666666666667 0.051666666666666666
0 0.5166666666666667 0.5608333333333333 0.020833333333333332 0.095