0 0.8358333333333333 0.4225 0.04 0.0675
0 0.1325 0.4475 0.04583333333333333 0.0425
0 0.8383333333333334 0.4625 0.029166666666666667 0.05583333333333333
0 0.8133333333333334 0.47333333333333333 0.035 0.051666666666666666
0 0.14333333333333334 0.4875 0.041666666666666664 0.04583333333333333
0 0.8383333333333334 0.495 0.03333333333333333 0.049166666666666664
0 0.7891666666666667 0.495 0.034166666666666665 0.051666666666666666
0 0.16916666666666666 0.5 0.0475 0.03666666666666667
0 0.8133333333333334 0.5041666666666667 0.0425 0.06583333333333333
0 0.1075 0.51 0.0375 0.0725
0 0.15 0.5166666666666667 0.03833333333333333 0.035833333333333335
0 0.795 0.5183333333333333 0.03 0.03833333333333333
0 0.825 0.525 0.05333333333333334 0.0375
0 0.785 0.5408333333333334 0.051666666666666666 0.045
0 0.8108333333333333 0.5516666666666666 0.050833333333333335 0.04
0 0.13916666666666666 0.5616666666666666 0.03833333333333333 0.07416666666666667
0 0.7925 0.5766666666666667 0.04583333333333333 0.04416666666666667
0 0.11833333333333333 0.59 0.0225 0.0875
0 0.10666666666666667 0.6083333333333333 0.016666666666666666 0.04833333333333333
0 0.13833333333333334 0.6266666666666667 0.02 0.059166666666666666
0 0.2625 0.6566666666666666 0.03 0.07083333333333333
0 0.12666666666666668 0.6575 0.0225 0.051666666666666666
0 0.14916666666666667 0.6591666666666667 0.0275 0.059166666666666666
0 0.11083333333333334 0.6658333333333334 0.0225 0.07166666666666667
0 0.12916666666666668 0.6883333333333334 0.0225 0.07166666666666667
0 0.2758333333333333 0.6966666666666667 0.03916666666666667 0.0375
0 0.25166666666666665 0.7 0.0425 0.06833333333333333
0 0.19416666666666665 0.7041666666666667 0.029166666666666667 0.08416666666666667
0 0.24083333333333334 0.7066666666666667 0.0325 0.051666666666666666
0 0.14583333333333334 0.7183333333333334 0.0275 0.0825
0 0.23833333333333334 0.7208333333333333 0.0325 0.058333333333333334
0 0.12083333333333333 0.7291666666666666 0.024166666666666666 0.07
0 0.2675 0.735 0.03333333333333333 0.043333333333333335
0 0.13166666666666665 0.7541666666666667 0.0225 0.06833333333333333
0 0.14 0.7841666666666667 0.0225 0.06666666666666667
0 0.15416666666666667 0.7941666666666667 0.025 0.08083333333333333
0 0.17166666666666666 0.8 0.0375 0.0675
0 0.13083333333333333 0.8091666666666667 0.035 0.06666666666666667
0 0.2941666666666667 0.8233333333333334 0.023333333333333334 0.08416666666666667
0 0.17666666666666667 0.8491666666666666 0.04416666666666667 0.06583333333333333
0 0.155 0.855 0.03916666666666667 0.0525
0 0.18916666666666668 0.8933333333333333 0.04416666666666667 0.059166666666666666
0 0.7866666666666666 0.019166666666666665 0.02666666666666667 0.03833333333333333
0 0.20416666666666666 0.9225 0.03166666666666667 0.085
0 0.805 0.0275 0.021666666666666667 0.055
0 0.7708333333333334 0.024166666666666666 0.021666666666666667 0.04833333333333333
0 0.7941666666666667 0.0475 0.03333333333333333 0.060833333333333336
0 0.7816666666666666 0.06666666666666667 0.028333333333333332 0.03833333333333333
0 0.8141666666666667 0.09833333333333333 0.0225 0.09333333333333334
0 0.7375 0.1025 0.029166666666666667 0.07916666666666666
0 0.16583333333333333 0.1075 0.02666666666666667 0.049166666666666664
0 0.15916666666666668 0.13833333333333334 0.04583333333333333 0.045
0 0.8216666666666667 0.15833333333333333 0.025 0.10083333333333333
0 0.31416666666666665 0.16416666666666666 0.043333333333333335 0.05416666666666667
0 0.13916666666666666 0.1925 0.04083333333333333 0.08833333333333333
0 0.14333333333333334 0.22083333333333333 0.03333333333333333 0.06666666666666667
0 0.16416666666666666 0.235 0.04 0.06
0 0.4683333333333333 0.25333333333333335 0.045 0.051666666666666666
0 0.8958333333333334 0.25416666666666665 0.030833333333333334 0.08583333333333333
0 0.9183333333333333 0.26166666666666666 0.02666666666666667 0.07666666666666666
0 0.8816666666666667 0.2633333333333333 0.035833333333333335 0.06
0 0.115 0.265 0.03166666666666667 0.05416666666666667
0 0.13666666666666666 0.28833333333333333 0.03 0.08416666666666667
0 0.9158333333333334 0.31583333333333335 0.03666666666666667 0.05333333333333334
0 0.9383333333333334 0.32 0.03666666666666667 0.07333333333333333
0 0.8583333333333333 0.32416666666666666 0.021666666666666667 0.08666666666666667
0 0.845 0.3358333333333333 0.021666666666666667 0.07
0 0.23 0.3433333333333333 0.03666666666666667 0.08
0 0.8308333333333333 0.38333333333333336 0.035 0.08333333333333333
0 0.95 0.38416666666666666 0.03166666666666667 0.06666666666666667
0 0.8908333333333334 0.39916666666666667 0.03666666666666667 0.08416666666666667
0 0.8525 0.4141666666666667 0.028333333333333332 0.056666666666666664