0 0.48083333333333333 0.9633333333333334 0.014166666666666666 0.0125
0 0.49083333333333334 0.96 0.010833333333333334 0.01
0 0.485 0.9575 0.015 0.01
0 0.4725 0.9541666666666667 0.011666666666666667 0.015
0 0.49666666666666665 0.9516666666666667 0.011666666666666667 0.01
0 0.51 0.95 0.010833333333333334 0.014166666666666666
0 0.525 0.9475 0.0075 0.0125
0 0.48083333333333333 0.9466666666666667 0.008333333333333333 0.0125
0 0.4875 0.9458333333333333 0.008333333333333333 0.014166666666666666
0 0.49583333333333335 0.945 0.005833333333333334 0.010833333333333334
0 0.49166666666666664 0.945 0.006666666666666667 0.010833333333333334
0 0.47583333333333333 0.9441666666666667 0.0075 0.014166666666666666
0 0.505 0.9416666666666667 0.01 0.018333333333333333
0 0.5191666666666667 0.9408333333333333 0.009166666666666667 0.028333333333333332
0 0.4675 0.94 0.015 0.019166666666666665
0 0.48333333333333334 0.9391666666666667 0.008333333333333333 0.008333333333333333
0 0.5358333333333334 0.9391666666666667 0.01 0.013333333333333334
0 0.5133333333333333 0.9375 0.011666666666666667 0.0225
0 0.5283333333333333 0.9341666666666667 0.011666666666666667 0.024166666666666666
0 0.49 0.9333333333333333 0.008333333333333333 0.0175
0 0.47833333333333333 0.9333333333333333 0.009166666666666667 0.014166666666666666
0 0.5025 0.9325 0.011666666666666667 0.025833333333333333
0 0.48583333333333334 0.9325 0.008333333333333333 0.008333333333333333
0 0.4975 0.9316666666666666 0.01 0.02
0 0.4716666666666667 0.93 0.01 0.02
0 0.5375 0.9241666666666667 0.013333333333333334 0.023333333333333334
0 0.4866666666666667 0.92 0.0175 0.019166666666666665
0 0.5475 0.9191666666666667 0.011666666666666667 0.025
0 0.5758333333333333 0.8591666666666666 0.008333333333333333 0.02
0 0.85 0.8066666666666666 0.02 0.024166666666666666
0 0.49583333333333335 0.8041666666666667 0.011666666666666667 0.024166666666666666
0 0.49583333333333335 0.7858333333333334 0.013333333333333334 0.025833333333333333
0 0.4975 0.7725 0.0075 0.03166666666666667
0 0.5158333333333334 0.7383333333333333 0.02 0.02
0 0.575 0.73 0.013333333333333334 0.034166666666666665