0 0.4116666666666667 0.4633333333333333 0.03666666666666667 0.0275
0 0.44083333333333335 0.47583333333333333 0.0275 0.07333333333333333
0 0.3283333333333333 0.47833333333333333 0.0225 0.0575
0 0.46166666666666667 0.47833333333333333 0.024166666666666666 0.06833333333333333
0 0.38 0.48083333333333333 0.041666666666666664 0.043333333333333335
0 0.3408333333333333 0.48583333333333334 0.045 0.04583333333333333
0 0.4166666666666667 0.4866666666666667 0.0375 0.03
0 0.31416666666666665 0.4891666666666667 0.024166666666666666 0.065
0 0.37166666666666665 0.49583333333333335 0.041666666666666664 0.028333333333333332
0 0.29583333333333334 0.5008333333333334 0.021666666666666667 0.06166666666666667
0 0.4141666666666667 0.5033333333333333 0.04083333333333333 0.0325
0 0.9166666666666666 0.5083333333333333 0.018333333333333333 0.0575
0 0.33166666666666667 0.51 0.03833333333333333 0.023333333333333334
0 0.38333333333333336 0.5191666666666667 0.03666666666666667 0.0275
0 0.44416666666666665 0.5216666666666666 0.03166666666666667 0.051666666666666666
0 0.8908333333333334 0.5233333333333333 0.045 0.06583333333333333
0 0.3233333333333333 0.5283333333333333 0.03666666666666667 0.03166666666666667
0 0.35 0.5291666666666667 0.035833333333333335 0.0475
0 0.29833333333333334 0.535 0.03666666666666667 0.05583333333333333
0 0.42333333333333334 0.5358333333333334 0.03 0.0475
0 0.4691666666666667 0.5391666666666667 0.019166666666666665 0.07083333333333333
0 0.3858333333333333 0.5408333333333334 0.035833333333333335 0.03666666666666667
0 0.35333333333333333 0.5433333333333333 0.04083333333333333 0.0375
0 0.23166666666666666 0.5458333333333333 0.02666666666666667 0.08166666666666667
0 0.44416666666666665 0.555 0.025833333333333333 0.07416666666666667
0 0.31333333333333335 0.5558333333333333 0.041666666666666664 0.035833333333333335
0 0.31666666666666665 0.5675 0.035833333333333335 0.029166666666666667
0 0.42833333333333334 0.5791666666666667 0.03 0.06916666666666667
0 0.3275 0.585 0.04083333333333333 0.05416666666666667
0 0.2975 0.59 0.03833333333333333 0.0325
0 0.3625 0.6025 0.04666666666666667 0.03333333333333333
0 0.325 0.6066666666666667 0.03833333333333333 0.045
0 0.45666666666666667 0.6191666666666666 0.030833333333333334 0.07166666666666667
0 0.48 0.6425 0.028333333333333332 0.06666666666666667
0 0.9908333333333333 0.06166666666666667 0.015 0.06333333333333334
0 0.47833333333333333 0.6808333333333333 0.04 0.075
0 0.9275 0.8466666666666667 0.0325 0.08166666666666667
0 0.6975 0.9308333333333333 0.028333333333333332 0.07416666666666667
0 0.9941666666666666 0.09333333333333334 0.008333333333333333 0.07333333333333333
0 0.9766666666666667 0.09333333333333334 0.020833333333333332 0.06166666666666667
0 0.9575 0.11416666666666667 0.0325 0.095
0 0.985 0.115 0.0175 0.0625
0 0.9691666666666666 0.14083333333333334 0.018333333333333333 0.05
0 0.9708333333333333 0.14416666666666667 0.020833333333333332 0.07
0 0.9541666666666667 0.16333333333333333 0.021666666666666667 0.0875
0 0.9808333333333333 0.17 0.020833333333333332 0.05
0 0.96 0.21083333333333334 0.016666666666666666 0.0475
0 0.9891666666666666 0.02 0.020833333333333332 0.03916666666666667
0 0.9433333333333334 0.215 0.021666666666666667 0.07416666666666667
0 0.9516666666666667 0.2725 0.030833333333333334 0.08166666666666667
0 0.4708333333333333 0.37833333333333335 0.04416666666666667 0.04666666666666667
0 0.9316666666666666 0.39166666666666666 0.024166666666666666 0.075
0 0.4675 0.41583333333333333 0.025 0.051666666666666666
0 0.41083333333333333 0.4266666666666667 0.04083333333333333 0.04083333333333333
0 0.4508333333333333 0.43666666666666665 0.0175 0.06333333333333334
0 0.37833333333333335 0.4425 0.03833333333333333 0.05
0 0.9283333333333333 0.44666666666666666 0.030833333333333334 0.0675
0 0.3525 0.4508333333333333 0.034166666666666665 0.049166666666666664
0 0.39 0.4558333333333333 0.035 0.035833333333333335
0 0.9158333333333334 0.4558333333333333 0.016666666666666666 0.0625
0 0.8925 0.45666666666666667 0.029166666666666667 0.06916666666666667