0 0.2275 0.03666666666666667 0.021666666666666667 0.07333333333333333
0 0.6083333333333333 0.7125 0.035833333333333335 0.035
0 0.575 0.7166666666666667 0.043333333333333335 0.0375
0 0.3016666666666667 0.74 0.03333333333333333 0.08083333333333333
0 0.5541666666666667 0.7433333333333333 0.03666666666666667 0.04666666666666667
0 0.6466666666666666 0.7433333333333333 0.035 0.049166666666666664
0 0.62 0.7441666666666666 0.03666666666666667 0.030833333333333334
0 0.585 0.745 0.043333333333333335 0.03166666666666667
0 0.5241666666666667 0.7466666666666667 0.043333333333333335 0.05333333333333334
0 0.6016666666666667 0.7616666666666667 0.03666666666666667 0.0325
0 0.5691666666666667 0.7708333333333334 0.043333333333333335 0.028333333333333332
0 0.6191666666666666 0.7775 0.04083333333333333 0.03916666666666667
0 0.41833333333333333 0.7883333333333333 0.028333333333333332 0.07
0 0.6433333333333333 0.7925 0.03166666666666667 0.035833333333333335
0 0.6633333333333333 0.7933333333333333 0.03666666666666667 0.059166666666666666
0 0.32 0.805 0.019166666666666665 0.08
0 0.6016666666666667 0.8066666666666666 0.0425 0.03666666666666667
0 0.63 0.815 0.035833333333333335 0.03833333333333333
0 0.6675 0.8241666666666667 0.034166666666666665 0.04083333333333333
0 0.33666666666666667 0.8433333333333334 0.02666666666666667 0.08833333333333333
0 0.6675 0.8466666666666667 0.034166666666666665 0.051666666666666666
0 0.6466666666666666 0.8475 0.045 0.0425
0 0.21166666666666667 0.07416666666666667 0.029166666666666667 0.09083333333333334
0 0.18583333333333332 0.13 0.02666666666666667 0.07333333333333333
0 0.18583333333333332 0.18 0.034166666666666665 0.07916666666666666
0 0.18083333333333335 0.25083333333333335 0.0275 0.07583333333333334
0 0.23583333333333334 0.4175 0.04083333333333333 0.09166666666666666