0 0.3525 0.4816666666666667 0.035833333333333335 0.041666666666666664
0 0.64 0.4825 0.03333333333333333 0.043333333333333335
0 0.33416666666666667 0.4891666666666667 0.034166666666666665 0.051666666666666666
0 0.39 0.5125 0.049166666666666664 0.043333333333333335
0 0.31166666666666665 0.5191666666666667 0.034166666666666665 0.043333333333333335
0 0.9216666666666666 0.9733333333333334 0.05 0.050833333333333335
0 0.32 0.34833333333333333 0.03833333333333333 0.06333333333333334
0 0.5816666666666667 0.3541666666666667 0.035 0.0275
0 0.6183333333333333 0.3591666666666667 0.03916666666666667 0.03333333333333333
0 0.6008333333333333 0.37166666666666665 0.03666666666666667 0.025833333333333333
0 0.2758333333333333 0.37666666666666665 0.021666666666666667 0.065
0 0.6633333333333333 0.37833333333333335 0.0425 0.0425
0 0.6391666666666667 0.3858333333333333 0.04 0.034166666666666665
0 0.5675 0.3883333333333333 0.0325 0.05
0 0.6 0.395 0.041666666666666664 0.03
0 0.545 0.3958333333333333 0.03333333333333333 0.04833333333333333
0 0.3383333333333333 0.4058333333333333 0.028333333333333332 0.06583333333333333
0 0.2975 0.4066666666666667 0.030833333333333334 0.05416666666666667
0 0.2841666666666667 0.4141666666666667 0.03 0.05583333333333333
0 0.6183333333333333 0.41583333333333333 0.0425 0.04666666666666667
0 0.5691666666666667 0.41833333333333333 0.030833333333333334 0.058333333333333334
0 0.6525 0.4216666666666667 0.03 0.0475
0 0.4425 0.4266666666666667 0.021666666666666667 0.0725
0 0.5841666666666666 0.43 0.03833333333333333 0.043333333333333335
0 0.6758333333333333 0.43083333333333335 0.034166666666666665 0.059166666666666666
0 0.545 0.45 0.04083333333333333 0.03333333333333333
0 0.3225 0.4508333333333333 0.043333333333333335 0.03916666666666667
0 0.665 0.465 0.0375 0.06166666666666667
0 0.6883333333333334 0.47333333333333333 0.035 0.059166666666666666