0 0.42333333333333334 0.4508333333333333 0.0225 0.07916666666666666
0 0.4 0.45666666666666667 0.025 0.0875
0 0.4575 0.48083333333333333 0.02 0.08333333333333333
0 0.43666666666666665 0.48833333333333334 0.025833333333333333 0.07166666666666667
0 0.4225 0.49583333333333335 0.02666666666666667 0.0725
0 0.44333333333333336 0.5016666666666667 0.02 0.08083333333333333
0 0.39666666666666667 0.5158333333333334 0.02 0.065
0 0.46416666666666667 0.5275 0.015833333333333335 0.058333333333333334
0 0.4041666666666667 0.5291666666666667 0.018333333333333333 0.07916666666666666
0 0.44666666666666666 0.5341666666666667 0.019166666666666665 0.0675
0 0.38333333333333336 0.5458333333333333 0.014166666666666666 0.08416666666666667
0 0.42083333333333334 0.5558333333333333 0.015833333333333335 0.08333333333333333
0 0.4058333333333333 0.5625 0.023333333333333334 0.06416666666666666
0 0.44583333333333336 0.5675 0.02666666666666667 0.075
0 0.43083333333333335 0.5683333333333334 0.014166666666666666 0.07166666666666667
0 0.37 0.57 0.019166666666666665 0.0825
0 0.38666666666666666 0.6025 0.023333333333333334 0.06833333333333333
0 0.40166666666666667 0.6083333333333333 0.030833333333333334 0.060833333333333336
0 0.4116666666666667 0.6208333333333333 0.025833333333333333 0.05583333333333333
0 0.37916666666666665 0.6625 0.024166666666666666 0.0675
0 0.3458333333333333 0.665 0.03 0.06166666666666667
0 0.3975 0.6725 0.018333333333333333 0.059166666666666666
0 0.36666666666666664 0.7258333333333333 0.02 0.08333333333333333
0 0.9675 0.915 0.04 0.08333333333333333
0 0.41 0.9291666666666667 0.03166666666666667 0.085
0 0.9766666666666667 0.9675 0.028333333333333332 0.06416666666666666
0 0.9891666666666666 0.975 0.018333333333333333 0.04666666666666667
0 0.9158333333333334 0.9866666666666667 0.021666666666666667 0.025833333333333333
0 0.45 0.22083333333333333 0.0225 0.08583333333333333
0 0.4558333333333333 0.26166666666666666 0.02 0.07083333333333333
0 0.435 0.2758333333333333 0.0175 0.059166666666666666
0 0.42333333333333334 0.2875 0.015 0.06833333333333333
0 0.41083333333333333 0.29083333333333333 0.0175 0.0525
0 0.425 0.32 0.025833333333333333 0.08333333333333333
0 0.44083333333333335 0.3258333333333333 0.0275 0.07
0 0.4083333333333333 0.33 0.024166666666666666 0.035833333333333335
0 0.4083333333333333 0.3641666666666667 0.020833333333333332 0.058333333333333334
0 0.44 0.37166666666666665 0.025 0.07666666666666666
0 0.4525 0.37416666666666665 0.021666666666666667 0.08416666666666667
0 0.4175 0.37916666666666665 0.024166666666666666 0.0525
0 0.4225 0.4091666666666667 0.018333333333333333 0.0825
0 0.3983333333333333 0.4241666666666667 0.02 0.055
0 0.44083333333333335 0.4241666666666667 0.015 0.06
0 0.4116666666666667 0.4483333333333333 0.015833333333333335 0.09