0 0.59 0.5383333333333333 0.015 0.07333333333333333
0 0.5583333333333333 0.53 0.02 0.06583333333333333
0 0.68 0.525 0.024166666666666666 0.06833333333333333
0 0.6216666666666667 0.52 0.035 0.04583333333333333
0 0.5816666666666667 0.52 0.016666666666666666 0.0825
0 0.6666666666666666 0.5166666666666667 0.02 0.06416666666666666
0 0.6983333333333334 0.51 0.0325 0.05583333333333333
0 0.6008333333333333 0.5058333333333334 0.02 0.06916666666666667
0 0.6508333333333334 0.49416666666666664 0.018333333333333333 0.0575
0 0.49583333333333335 0.49333333333333335 0.03666666666666667 0.050833333333333335
0 0.38166666666666665 0.49166666666666664 0.03666666666666667 0.03166666666666667
0 0.6333333333333333 0.49166666666666664 0.021666666666666667 0.06916666666666667
0 0.2841666666666667 0.49083333333333334 0.04833333333333333 0.035833333333333335
0 0.32 0.4891666666666667 0.0375 0.0425
0 0.4191666666666667 0.48333333333333334 0.0425 0.029166666666666667
0 0.5408333333333334 0.48333333333333334 0.016666666666666666 0.07833333333333334
0 0.3441666666666667 0.48333333333333334 0.035833333333333335 0.0475
0 0.5733333333333334 0.4825 0.018333333333333333 0.07833333333333334
0 0.4658333333333333 0.47833333333333333 0.03916666666666667 0.03916666666666667
0 0.37333333333333335 0.4766666666666667 0.0275 0.0375
0 0.6616666666666666 0.4716666666666667 0.0275 0.04666666666666667
0 0.4066666666666667 0.4633333333333333 0.03833333333333333 0.0325
0 0.605 0.4625 0.020833333333333332 0.075
0 0.5591666666666667 0.46 0.016666666666666666 0.06916666666666667
0 0.4775 0.4583333333333333 0.03666666666666667 0.03166666666666667
0 0.3958333333333333 0.4575 0.030833333333333334 0.0525
0 0.6283333333333333 0.4575 0.029166666666666667 0.07
0 0.4483333333333333 0.45666666666666667 0.0375 0.041666666666666664
0 0.4325 0.4533333333333333 0.035833333333333335 0.04416666666666667
0 0.49416666666666664 0.4533333333333333 0.0375 0.0475
0 0.5841666666666666 0.4483333333333333 0.023333333333333334 0.07333333333333333
0 0.5325 0.44416666666666665 0.016666666666666666 0.07916666666666666
0 0.6416666666666667 0.44333333333333336 0.021666666666666667 0.06333333333333334
0 0.5483333333333333 0.43666666666666665 0.02 0.07083333333333333
0 0.41833333333333333 0.435 0.03 0.035833333333333335
0 0.5116666666666667 0.42333333333333334 0.015 0.07333333333333333
0 0.5233333333333333 0.42 0.013333333333333334 0.07833333333333334
0 0.4975 0.41 0.02666666666666667 0.04583333333333333
0 0.5683333333333334 0.41 0.015833333333333335 0.07916666666666666
0 0.585 0.4091666666666667 0.015833333333333335 0.075
0 0.6158333333333333 0.4075 0.03666666666666667 0.03833333333333333
0 0.4791666666666667 0.40166666666666667 0.028333333333333332 0.055
0 0.56 0.39166666666666666 0.018333333333333333 0.0725
0 0.5441666666666667 0.39 0.019166666666666665 0.055
0 0.5283333333333333 0.3775 0.02666666666666667 0.07833333333333334
0 0.4525 0.375 0.03666666666666667 0.03
0 0.48083333333333333 0.37333333333333335 0.041666666666666664 0.04
0 0.5025 0.37333333333333335 0.04583333333333333 0.04083333333333333
0 0.42833333333333334 0.36916666666666664 0.03833333333333333 0.03166666666666667
0 0.5491666666666667 0.35583333333333333 0.014166666666666666 0.06166666666666667
0 0.48583333333333334 0.3441666666666667 0.035833333333333335 0.03166666666666667
0 0.5275 0.3408333333333333 0.0275 0.06666666666666667
0 0.5 0.33666666666666667 0.035833333333333335 0.056666666666666664
0 0.535 0.3283333333333333 0.025 0.06166666666666667
0 0.5183333333333333 0.7991666666666667 0.034166666666666665 0.04666666666666667
0 0.48 0.7908333333333334 0.03333333333333333 0.04666666666666667
0 0.5 0.7891666666666667 0.030833333333333334 0.04833333333333333
0 0.44583333333333336 0.7633333333333333 0.0375 0.055
0 0.49583333333333335 0.7608333333333334 0.0425 0.049166666666666664
0 0.4608333333333333 0.7558333333333334 0.03666666666666667 0.035
0 0.4766666666666667 0.7383333333333333 0.03666666666666667 0.034166666666666665
0 0.41083333333333333 0.7208333333333333 0.03916666666666667 0.03333333333333333
0 0.6516666666666666 0.7091666666666666 0.02 0.07166666666666667
0 0.4216666666666667 0.7075 0.025 0.0275
0 0.49083333333333334 0.7008333333333333 0.020833333333333332 0.0825
0 0.6266666666666667 0.6616666666666666 0.019166666666666665 0.07916666666666666
0 0.6533333333333333 0.6616666666666666 0.0175 0.07166666666666667
0 0.6616666666666666 0.6408333333333334 0.019166666666666665 0.06833333333333333
0 0.6133333333333333 0.6275 0.019166666666666665 0.08
0 0.6433333333333333 0.6258333333333334 0.016666666666666666 0.08166666666666667
0 0.6725 0.6241666666666666 0.018333333333333333 0.06666666666666667
0 0.7391666666666666 0.6233333333333333 0.034166666666666665 0.04583333333333333
0 0.6883333333333334 0.6175 0.021666666666666667 0.07166666666666667
0 0.72 0.6091666666666666 0.024166666666666666 0.06583333333333333
0 0.5866666666666667 0.6033333333333334 0.024166666666666666 0.0725
0 0.6 0.6 0.015833333333333335 0.075
0 0.6491666666666667 0.5975 0.0225 0.06
0 0.6316666666666667 0.5833333333333334 0.0225 0.07833333333333334
0 0.5683333333333334 0.5783333333333334 0.019166666666666665 0.08166666666666667
0 0.7583333333333333 0.5766666666666667 0.034166666666666665 0.043333333333333335
0 0.6691666666666667 0.5683333333333334 0.02666666666666667 0.07583333333333334
0 0.7208333333333333 0.5666666666666667 0.021666666666666667 0.07083333333333333
0 0.705 0.565 0.023333333333333334 0.06833333333333333
0 0.6191666666666666 0.5616666666666666 0.021666666666666667 0.06916666666666667
0 0.6016666666666667 0.5508333333333333 0.016666666666666666 0.06666666666666667
0 0.6333333333333333 0.55 0.041666666666666664 0.055
0 0.5733333333333334 0.5475 0.0175 0.06916666666666667