0 0.3825 0.5333333333333333 0.045 0.055
0 0.43666666666666665 0.5333333333333333 0.0225 0.07333333333333333
0 0.46166666666666667 0.5325 0.03833333333333333 0.06583333333333333
0 0.5525 0.5191666666666667 0.0425 0.07333333333333333
0 0.34833333333333333 0.5133333333333333 0.03666666666666667 0.06583333333333333
0 0.42 0.5116666666666667 0.029166666666666667 0.08166666666666667
0 0.39916666666666667 0.51 0.0325 0.0825
0 0.51 0.5008333333333334 0.04833333333333333 0.04666666666666667
0 0.37583333333333335 0.49916666666666665 0.04 0.065
0 0.4816666666666667 0.49416666666666664 0.03833333333333333 0.060833333333333336
0 0.5541666666666667 0.4925 0.04666666666666667 0.06166666666666667
0 0.43 0.4866666666666667 0.041666666666666664 0.06416666666666666
0 0.45 0.4725 0.035833333333333335 0.06
0 0.5408333333333334 0.4666666666666667 0.045 0.07083333333333333
0 0.49416666666666664 0.45166666666666666 0.03833333333333333 0.08
0 0.4716666666666667 0.445 0.03916666666666667 0.07083333333333333
0 0.45416666666666666 0.44416666666666665 0.02666666666666667 0.05583333333333333
0 0.5208333333333334 0.44333333333333336 0.045 0.049166666666666664
0 0.5008333333333334 0.4 0.0525 0.043333333333333335
0 0.4658333333333333 0.6291666666666667 0.04 0.07
0 0.5083333333333333 0.6091666666666666 0.050833333333333335 0.0675
0 0.4091666666666667 0.6 0.051666666666666666 0.03666666666666667
0 0.49166666666666664 0.5983333333333334 0.051666666666666666 0.045
0 0.3616666666666667 0.585 0.05 0.05
0 0.4475 0.5783333333333334 0.045 0.05333333333333334
0 0.4225 0.5758333333333333 0.041666666666666664 0.0525
0 0.5258333333333334 0.5725 0.059166666666666666 0.03916666666666667
0 0.39 0.5683333333333334 0.0475 0.050833333333333335
0 0.37 0.5675 0.04583333333333333 0.0525
0 0.4658333333333333 0.56 0.050833333333333335 0.043333333333333335
0 0.3433333333333333 0.5516666666666666 0.030833333333333334 0.0375
0 0.4866666666666667 0.54 0.04 0.07416666666666667
0 0.5233333333333333 0.535 0.051666666666666666 0.049166666666666664