0 0.5975 0.4741666666666667 0.015833333333333335 0.0775
0 0.5633333333333334 0.4825 0.020833333333333332 0.07
0 0.6925 0.4875 0.025 0.0725
0 0.6308333333333334 0.4925 0.0375 0.04833333333333333
0 0.5891666666666666 0.49333333333333335 0.0175 0.0875
0 0.6783333333333333 0.49666666666666665 0.020833333333333332 0.0675
0 0.7116666666666667 0.5033333333333333 0.035 0.059166666666666666
0 0.6091666666666666 0.5075 0.020833333333333332 0.0725
0 0.6616666666666666 0.52 0.02 0.060833333333333336
0 0.4975 0.5208333333333334 0.03916666666666667 0.05416666666666667
0 0.3775 0.5225 0.03916666666666667 0.03333333333333333
0 0.6433333333333333 0.5225 0.023333333333333334 0.0725
0 0.27416666666666667 0.5241666666666667 0.050833333333333335 0.03833333333333333
0 0.31166666666666665 0.5258333333333334 0.04 0.045
0 0.4166666666666667 0.5316666666666666 0.045 0.030833333333333334
0 0.545 0.5316666666666666 0.0175 0.0825
0 0.3375 0.5316666666666666 0.0375 0.05
0 0.5791666666666667 0.5325 0.019166666666666665 0.0825
0 0.4658333333333333 0.5375 0.04083333333333333 0.04083333333333333
0 0.36833333333333335 0.5383333333333333 0.029166666666666667 0.04
0 0.6733333333333333 0.5433333333333333 0.029166666666666667 0.049166666666666664
0 0.4041666666666667 0.5533333333333333 0.04083333333333333 0.035
0 0.6133333333333333 0.5541666666666667 0.021666666666666667 0.07916666666666666
0 0.565 0.5566666666666666 0.018333333333333333 0.0725
0 0.47833333333333333 0.5575 0.03833333333333333 0.03333333333333333
0 0.3925 0.5591666666666667 0.0325 0.055
0 0.6375 0.5591666666666667 0.030833333333333334 0.07416666666666667
0 0.4475 0.56 0.04 0.043333333333333335
0 0.43083333333333335 0.5633333333333334 0.0375 0.04666666666666667
0 0.49583333333333335 0.5633333333333334 0.04 0.05
0 0.5908333333333333 0.5691666666666667 0.025 0.0775
0 0.5366666666666666 0.5733333333333334 0.0175 0.08333333333333333
0 0.6516666666666666 0.5741666666666667 0.0225 0.06666666666666667
0 0.5525 0.5808333333333333 0.020833333333333332 0.075
0 0.41583333333333333 0.5825 0.03166666666666667 0.03833333333333333
0 0.5141666666666667 0.595 0.015833333333333335 0.0775
0 0.5275 0.5983333333333334 0.014166666666666666 0.0825
0 0.49916666666666665 0.6091666666666666 0.028333333333333332 0.04833333333333333
0 0.575 0.6091666666666666 0.016666666666666666 0.08333333333333333
0 0.5925 0.61 0.016666666666666666 0.07916666666666666
0 0.6241666666666666 0.6116666666666667 0.03916666666666667 0.04083333333333333
0 0.48 0.6183333333333333 0.03 0.0575
0 0.565 0.6291666666666667 0.019166666666666665 0.07666666666666666
0 0.5483333333333333 0.6308333333333334 0.02 0.058333333333333334
0 0.5325 0.6433333333333333 0.0275 0.0825
0 0.45166666666666666 0.6466666666666666 0.03833333333333333 0.03166666666666667
0 0.4816666666666667 0.6475 0.04416666666666667 0.0425
0 0.505 0.6475 0.04833333333333333 0.043333333333333335
0 0.4266666666666667 0.6525 0.04083333333333333 0.03333333333333333
0 0.5541666666666667 0.6658333333333334 0.015 0.065
0 0.4875 0.6783333333333333 0.03833333333333333 0.03333333333333333
0 0.5308333333333334 0.6825 0.029166666666666667 0.07
0 0.5016666666666667 0.6866666666666666 0.0375 0.06
0 0.5391666666666667 0.6958333333333333 0.02666666666666667 0.065
0 0.5216666666666666 0.1975 0.035833333333333335 0.05
0 0.48083333333333333 0.20666666666666667 0.035833333333333335 0.05
0 0.5016666666666667 0.20833333333333334 0.0325 0.051666666666666666
0 0.445 0.23583333333333334 0.03916666666666667 0.0575
0 0.49833333333333335 0.23833333333333334 0.04416666666666667 0.051666666666666666
0 0.46 0.24416666666666667 0.03833333333333333 0.03666666666666667
0 0.4775 0.26166666666666666 0.03833333333333333 0.035833333333333335
0 0.4075 0.2808333333333333 0.041666666666666664 0.035833333333333335
0 0.6625 0.29333333333333333 0.020833333333333332 0.075
0 0.4191666666666667 0.295 0.02666666666666667 0.028333333333333332
0 0.4925 0.3016666666666667 0.021666666666666667 0.0875
0 0.6358333333333334 0.3433333333333333 0.02 0.08416666666666667
0 0.665 0.3433333333333333 0.019166666666666665 0.07583333333333334
0 0.6733333333333333 0.36583333333333334 0.02 0.07166666666666667
0 0.6225 0.37916666666666665 0.020833333333333332 0.08416666666666667
0 0.6533333333333333 0.38083333333333336 0.018333333333333333 0.08666666666666667
0 0.685 0.3825 0.019166666666666665 0.07
0 0.755 0.38333333333333336 0.035833333333333335 0.04833333333333333
0 0.7016666666666667 0.38916666666666666 0.0225 0.075
0 0.7341666666666666 0.3983333333333333 0.025833333333333333 0.07
0 0.5933333333333334 0.4041666666666667 0.025 0.07666666666666666
0 0.6083333333333333 0.4083333333333333 0.016666666666666666 0.07916666666666666
0 0.6591666666666667 0.4116666666666667 0.024166666666666666 0.06416666666666666
0 0.6416666666666667 0.42583333333333334 0.024166666666666666 0.0825
0 0.5741666666666667 0.43166666666666664 0.02 0.08583333333333333
0 0.7758333333333334 0.43333333333333335 0.035833333333333335 0.04583333333333333
0 0.6808333333333333 0.44166666666666665 0.028333333333333332 0.08
0 0.735 0.44333333333333336 0.023333333333333334 0.075
0 0.7191666666666666 0.445 0.025 0.0725
0 0.6283333333333333 0.4483333333333333 0.023333333333333334 0.0725
0 0.6091666666666666 0.4608333333333333 0.0175 0.07083333333333333
0 0.6425 0.4608333333333333 0.043333333333333335 0.0575
0 0.5791666666666667 0.46416666666666667 0.018333333333333333 0.0725