0 0.585 0.4691666666666667 0.0275 0.0675
0 0.4775 0.47 0.015 0.08833333333333333
0 0.51 0.4708333333333333 0.016666666666666666 0.0475
0 0.5933333333333334 0.4725 0.024166666666666666 0.05333333333333334
0 0.5633333333333334 0.475 0.02 0.07166666666666667
0 0.6025 0.48 0.023333333333333334 0.043333333333333335
0 0.4866666666666667 0.48083333333333333 0.014166666666666666 0.07
0 0.51 0.5033333333333333 0.020833333333333332 0.06
0 0.4925 0.505 0.023333333333333334 0.06916666666666667
0 0.49166666666666664 0.5308333333333334 0.023333333333333334 0.0675
0 0.5125 0.55 0.010833333333333334 0.050833333333333335
0 0.4975 0.555 0.024166666666666666 0.045
0 0.14916666666666667 0.6133333333333333 0.020833333333333332 0.056666666666666664
0 0.16083333333333333 0.6475 0.02666666666666667 0.06166666666666667
0 0.14416666666666667 0.6558333333333334 0.018333333333333333 0.05583333333333333
0 0.16666666666666666 0.6866666666666666 0.03333333333333333 0.06583333333333333
0 0.14916666666666667 0.7058333333333333 0.015833333333333335 0.051666666666666666
0 0.1375 0.7066666666666667 0.015833333333333335 0.049166666666666664
0 0.13083333333333333 0.7083333333333334 0.0175 0.051666666666666666
0 0.115 0.7283333333333334 0.015 0.03833333333333333
0 0.13333333333333333 0.7475 0.02 0.0475
0 0.09666666666666666 0.75 0.021666666666666667 0.045
0 0.14666666666666667 0.7633333333333333 0.035833333333333335 0.0475
0 0.11583333333333333 0.7641666666666667 0.02 0.049166666666666664
0 0.09833333333333333 0.785 0.0225 0.05416666666666667
0 0.14 0.7991666666666667 0.035833333333333335 0.04666666666666667
0 0.11666666666666667 0.8008333333333333 0.023333333333333334 0.051666666666666666
0 0.09666666666666666 0.83 0.020833333333333332 0.06166666666666667
0 0.0775 0.8508333333333333 0.018333333333333333 0.06583333333333333
0 0.11333333333333333 0.8575 0.034166666666666665 0.065
0 0.06583333333333333 0.8733333333333333 0.016666666666666666 0.06333333333333334
0 0.0875 0.8825 0.019166666666666665 0.058333333333333334
0 0.06916666666666667 0.9141666666666667 0.018333333333333333 0.05583333333333333
0 0.095 0.9225 0.02666666666666667 0.058333333333333334
0 0.0775 0.95 0.015833333333333335 0.056666666666666664
0 0.095 0.9558333333333333 0.035833333333333335 0.051666666666666666
0 0.6725 0.17833333333333334 0.023333333333333334 0.04083333333333333
0 0.6641666666666667 0.22583333333333333 0.016666666666666666 0.06166666666666667
0 0.6458333333333334 0.23666666666666666 0.015 0.07833333333333334
0 0.665 0.26666666666666666 0.023333333333333334 0.07583333333333334
0 0.6825 0.27416666666666667 0.015 0.06166666666666667
0 0.6491666666666667 0.27666666666666667 0.015833333333333335 0.058333333333333334
0 0.4508333333333333 0.2991666666666667 0.0175 0.06333333333333334
0 0.4825 0.2991666666666667 0.014166666666666666 0.051666666666666666
0 0.67 0.3075 0.015833333333333335 0.07583333333333334
0 0.505 0.31083333333333335 0.0225 0.05583333333333333
0 0.4666666666666667 0.31166666666666665 0.0225 0.07416666666666667
0 0.6425 0.32 0.015 0.05583333333333333
0 0.48 0.33166666666666667 0.019166666666666665 0.058333333333333334
0 0.63 0.34 0.015 0.07833333333333334
0 0.5225 0.34 0.014166666666666666 0.058333333333333334
0 0.5033333333333333 0.3525 0.0175 0.06
0 0.4608333333333333 0.3566666666666667 0.028333333333333332 0.056666666666666664
0 0.5341666666666667 0.365 0.013333333333333334 0.060833333333333336
0 0.6191666666666666 0.36583333333333334 0.0125 0.07166666666666667
0 0.4925 0.3675 0.014166666666666666 0.060833333333333336
0 0.5183333333333333 0.37 0.014166666666666666 0.065
0 0.635 0.37416666666666665 0.0275 0.058333333333333334
0 0.5816666666666667 0.38 0.014166666666666666 0.07416666666666667
0 0.43583333333333335 0.38 0.03166666666666667 0.04083333333333333
0 0.45916666666666667 0.3933333333333333 0.019166666666666665 0.049166666666666664
0 0.5016666666666667 0.39666666666666667 0.014166666666666666 0.0525
0 0.48583333333333334 0.3975 0.020833333333333332 0.051666666666666666
0 0.5275 0.405 0.0125 0.06
0 0.5691666666666667 0.4116666666666667 0.015833333333333335 0.06583333333333333
0 0.635 0.4175 0.025 0.060833333333333336
0 0.48083333333333333 0.41833333333333333 0.023333333333333334 0.05583333333333333
0 0.5883333333333334 0.42083333333333334 0.02 0.06583333333333333
0 0.5091666666666667 0.4216666666666667 0.008333333333333333 0.049166666666666664
0 0.545 0.425 0.013333333333333334 0.07583333333333334
0 0.5183333333333333 0.43 0.013333333333333334 0.0725
0 0.4666666666666667 0.43666666666666665 0.015 0.045
0 0.6141666666666666 0.44583333333333336 0.014166666666666666 0.07666666666666666
0 0.5 0.4475 0.0175 0.06166666666666667
0 0.5541666666666667 0.4525 0.015833333333333335 0.07666666666666666
0 0.5283333333333333 0.46166666666666667 0.019166666666666665 0.07916666666666666