0 0.5666666666666667 0.42583333333333334 0.058333333333333334 0.0475
0 0.5416666666666666 0.4325 0.050833333333333335 0.06166666666666667
0 0.52 0.44 0.051666666666666666 0.06833333333333333
0 0.6208333333333333 0.4508333333333333 0.05 0.0375
0 0.5958333333333333 0.46166666666666667 0.0525 0.04666666666666667
0 0.5766666666666667 0.4791666666666667 0.05416666666666667 0.043333333333333335
0 0.9191666666666667 0.5908333333333333 0.0325 0.08833333333333333
0 0.7766666666666666 0.6241666666666666 0.056666666666666664 0.0375
0 0.7916666666666666 0.6416666666666667 0.035 0.02666666666666667
0 0.905 0.7183333333333334 0.03166666666666667 0.08666666666666667
0 0.705 0.915 0.0425 0.10333333333333333
0 0.10583333333333333 0.13833333333333334 0.06416666666666666 0.04083333333333333
0 0.05583333333333333 0.14083333333333334 0.058333333333333334 0.059166666666666666
0 0.014166666666666666 0.1675 0.02666666666666667 0.05416666666666667
0 0.15833333333333333 0.1875 0.04083333333333333 0.07083333333333333
0 0.2775 0.3408333333333333 0.06333333333333334 0.043333333333333335
0 0.385 0.35083333333333333 0.05583333333333333 0.065
0 0.415 0.3566666666666667 0.050833333333333335 0.043333333333333335
0 0.77 0.3858333333333333 0.05333333333333334 0.0425
0 0.4625 0.3875 0.04 0.056666666666666664
0 0.49083333333333334 0.3933333333333333 0.04833333333333333 0.051666666666666666
0 0.7375 0.3975 0.059166666666666666 0.049166666666666664
0 0.6783333333333333 0.4058333333333333 0.05333333333333334 0.03916666666666667