0 0.2475 0.4891666666666667 0.029166666666666667 0.08166666666666667
0 0.23416666666666666 0.48833333333333334 0.035 0.0775
0 0.33166666666666667 0.485 0.024166666666666666 0.08833333333333333
0 0.315 0.4725 0.023333333333333334 0.06
0 0.013333333333333334 0.4675 0.025833333333333333 0.08416666666666667
0 0.33666666666666667 0.4508333333333333 0.018333333333333333 0.08166666666666667
0 0.25 0.4483333333333333 0.0225 0.07583333333333334
0 0.2275 0.43 0.023333333333333334 0.0575
0 0.21 0.42833333333333334 0.0275 0.07666666666666666
0 0.35333333333333333 0.4266666666666667 0.024166666666666666 0.08833333333333333
0 0.31666666666666665 0.42 0.030833333333333334 0.06583333333333333
0 0.2325 0.41 0.025 0.06666666666666667
0 0.32166666666666666 0.4025 0.0225 0.07
0 0.3425 0.39 0.0175 0.0775
0 0.24833333333333332 0.38416666666666666 0.020833333333333332 0.06916666666666667
0 0.2841666666666667 0.3725 0.02 0.045
0 0.2975 0.36583333333333334 0.019166666666666665 0.08916666666666667
0 0.31083333333333335 0.3625 0.0175 0.0625
0 0.3233333333333333 0.33166666666666667 0.02 0.08833333333333333
0 0.28583333333333333 0.32083333333333336 0.020833333333333332 0.06416666666666666
0 0.46416666666666667 0.2966666666666667 0.018333333333333333 0.07833333333333334
0 0.31166666666666665 0.2941666666666667 0.016666666666666666 0.08083333333333333
0 0.5016666666666667 0.2791666666666667 0.025833333333333333 0.0675
0 0.47333333333333333 0.2775 0.018333333333333333 0.08666666666666667
0 0.45 0.2758333333333333 0.0125 0.0575
0 0.4866666666666667 0.2758333333333333 0.024166666666666666 0.08333333333333333
0 0.435 0.26666666666666666 0.024166666666666666 0.08
0 0.30583333333333335 0.26166666666666666 0.019166666666666665 0.09
0 0.32666666666666666 0.255 0.02 0.07833333333333334
0 0.5208333333333334 0.25416666666666665 0.03333333333333333 0.07333333333333333
0 0.3525 0.23666666666666666 0.0425 0.06583333333333333
0 0.44166666666666665 0.2325 0.0175 0.08166666666666667
0 0.51 0.23 0.0275 0.0575
0 0.555 0.22916666666666666 0.025833333333333333 0.08166666666666667
0 0.4666666666666667 0.22416666666666665 0.0225 0.07416666666666667
0 0.49333333333333335 0.21583333333333332 0.024166666666666666 0.075
0 0.3233333333333333 0.20666666666666667 0.023333333333333334 0.07583333333333334
0 0.4141666666666667 0.2025 0.0275 0.0675
0 0.48333333333333334 0.20083333333333334 0.020833333333333332 0.0725
0 0.5275 0.2 0.013333333333333334 0.058333333333333334
0 0.5075 0.19666666666666666 0.021666666666666667 0.07916666666666666
0 0.29833333333333334 0.195 0.019166666666666665 0.09416666666666666
0 0.4575 0.19333333333333333 0.024166666666666666 0.08166666666666667
0 0.575 0.18833333333333332 0.0175 0.07833333333333334
0 0.365 0.1875 0.04 0.05416666666666667
0 0.2841666666666667 0.18583333333333332 0.015833333333333335 0.09166666666666666
0 0.35083333333333333 0.17916666666666667 0.029166666666666667 0.08833333333333333
0 0.5458333333333333 0.1725 0.0275 0.0825
0 0.3466666666666667 0.17 0.029166666666666667 0.08583333333333333
0 0.5183333333333333 0.16416666666666666 0.0175 0.0775
0 0.44083333333333335 0.16333333333333333 0.028333333333333332 0.085
0 0.5616666666666666 0.16083333333333333 0.025 0.08333333333333333
0 0.5866666666666667 0.15666666666666668 0.019166666666666665 0.085
0 0.32666666666666666 0.15 0.02666666666666667 0.08166666666666667
0 0.46 0.15 0.021666666666666667 0.0475
0 0.30833333333333335 0.14416666666666667 0.0175 0.09583333333333334
0 0.37166666666666665 0.14333333333333334 0.023333333333333334 0.0625
0 0.5383333333333333 0.12916666666666668 0.023333333333333334 0.09333333333333334
0 0.43916666666666665 0.12416666666666666 0.025 0.08666666666666667
0 0.3475 0.11916666666666667 0.024166666666666666 0.08666666666666667
0 0.32 0.11833333333333333 0.021666666666666667 0.095
0 0.5241666666666667 0.115 0.015 0.09666666666666666
0 0.37416666666666665 0.10916666666666666 0.028333333333333332 0.07083333333333333
0 0.58 0.10916666666666666 0.0175 0.08416666666666667
0 0.5508333333333333 0.10833333333333334 0.021666666666666667 0.08416666666666667
0 0.3983333333333333 0.10833333333333334 0.03666666666666667 0.05
0 0.365 0.09916666666666667 0.024166666666666666 0.06666666666666667
0 0.565 0.0975 0.020833333333333332 0.08416666666666667
0 0.5925 0.09666666666666666 0.014166666666666666 0.07583333333333334
0 0.54 0.07833333333333334 0.02 0.07083333333333333
0 0.06333333333333334 0.03166666666666667 0.041666666666666664 0.060833333333333336
0 0.0475 0.02666666666666667 0.045 0.0425
0 0.49333333333333335 0.8058333333333333 0.02 0.08333333333333333
0 0.44083333333333335 0.7841666666666667 0.03833333333333333 0.043333333333333335
0 0.4666666666666667 0.7725 0.030833333333333334 0.058333333333333334
0 0.49666666666666665 0.7533333333333333 0.03166666666666667 0.06333333333333334
0 0.4633333333333333 0.7508333333333334 0.025 0.0275
0 0.4266666666666667 0.7408333333333333 0.04833333333333333 0.035833333333333335
0 0.54 0.7366666666666667 0.034166666666666665 0.03333333333333333
0 0.4875 0.73 0.0375 0.03
0 0.4 0.7225 0.04833333333333333 0.035833333333333335
0 0.47 0.7133333333333334 0.029166666666666667 0.05416666666666667
0 0.44666666666666666 0.7133333333333334 0.045 0.04083333333333333
0 0.5408333333333334 0.7116666666666667 0.03916666666666667 0.03833333333333333
0 0.505 0.7108333333333333 0.041666666666666664 0.03333333333333333
0 0.5633333333333334 0.7091666666666666 0.045 0.03666666666666667
0 0.3983333333333333 0.7008333333333333 0.0016666666666666668 0.0008333333333333334
0 0.39 0.6941666666666667 0.043333333333333335 0.0475
0 0.585 0.6941666666666667 0.043333333333333335 0.055
0 0.4116666666666667 0.6858333333333333 0.03 0.060833333333333336
0 0.5175 0.6833333333333333 0.03166666666666667 0.029166666666666667
0 0.365 0.6825 0.030833333333333334 0.06666666666666667
0 0.5466666666666666 0.6816666666666666 0.03833333333333333 0.030833333333333334
0 0.43 0.6616666666666666 0.035833333333333335 0.06666666666666667
0 0.37583333333333335 0.6533333333333333 0.04 0.05416666666666667
0 0.3458333333333333 0.63 0.025833333333333333 0.05
0 0.3825 0.6233333333333333 0.04 0.065
0 0.3466666666666667 0.5983333333333334 0.0275 0.07083333333333333
0 0.3575 0.5941666666666666 0.02666666666666667 0.07416666666666667
0 0.03333333333333333 0.5266666666666666 0.03666666666666667 0.08666666666666667
0 0.355 0.5075 0.025833333333333333 0.08416666666666667