0 0.43916666666666665 0.4841666666666667 0.028333333333333332 0.0775
0 0.4575 0.49166666666666664 0.04 0.07833333333333334
0 0.49583333333333335 0.5266666666666666 0.051666666666666666 0.059166666666666666
0 0.4475 0.5291666666666667 0.041666666666666664 0.06666666666666667
0 0.48083333333333333 0.5383333333333333 0.049166666666666664 0.05
0 0.5033333333333333 0.5658333333333333 0.056666666666666664 0.04416666666666667
0 0.4683333333333333 0.5783333333333334 0.05 0.08333333333333333
0 0.555 0.6208333333333333 0.05583333333333333 0.0425
0 0.5716666666666667 0.655 0.059166666666666666 0.05333333333333334
0 0.6075 0.66 0.04833333333333333 0.058333333333333334
0 0.5791666666666667 0.6808333333333333 0.05416666666666667 0.0475
0 0.6275 0.7 0.049166666666666664 0.0525
0 0.6583333333333333 0.7525 0.04666666666666667 0.06833333333333333
0 0.6291666666666667 0.78 0.0016666666666666668 0.0016666666666666668
0 0.345 0.21916666666666668 0.025 0.08416666666666667
0 0.3625 0.24083333333333334 0.0425 0.06833333333333333
0 0.3258333333333333 0.24083333333333334 0.029166666666666667 0.085
0 0.285 0.24333333333333335 0.05333333333333334 0.05583333333333333
0 0.30916666666666665 0.24333333333333335 0.045 0.049166666666666664
0 0.38 0.2633333333333333 0.043333333333333335 0.08083333333333333
0 0.35833333333333334 0.28583333333333333 0.0375 0.0825
0 0.3258333333333333 0.28583333333333333 0.03916666666666667 0.065
0 0.2975 0.2891666666666667 0.035 0.065
0 0.2658333333333333 0.29 0.0425 0.06416666666666666
0 0.2475 0.29083333333333333 0.030833333333333334 0.055
0 0.4175 0.2916666666666667 0.055 0.0425
0 0.27666666666666667 0.3 0.03833333333333333 0.08583333333333333
0 0.33166666666666667 0.3025 0.03666666666666667 0.06666666666666667
0 0.435 0.3075 0.04083333333333333 0.0375
0 0.29083333333333333 0.3408333333333333 0.049166666666666664 0.075
0 0.4508333333333333 0.345 0.04083333333333333 0.09583333333333334
0 0.45 0.37666666666666665 0.03333333333333333 0.07666666666666666
0 0.455 0.43583333333333335 0.030833333333333334 0.105
0 0.47333333333333333 0.45166666666666666 0.029166666666666667 0.105