0 0.695 0.4533333333333333 0.07083333333333333 0.11416666666666667
0 0.8608333333333333 0.9391666666666667 0.08166666666666667 0.08416666666666667
0 0.3025 0.30583333333333335 0.07416666666666667 0.07916666666666666
0 0.7458333333333333 0.935 0.07083333333333333 0.11666666666666667
0 0.2675 0.23 0.07916666666666666 0.09333333333333334
0 0.3875 0.20333333333333334 0.06333333333333334 0.1175
0 0.32 0.17583333333333334 0.0775 0.08416666666666667
0 0.3491666666666667 0.09166666666666666 0.07583333333333334 0.105
0 0.2975 0.07666666666666666 0.06833333333333333 0.11833333333333333
0 0.37416666666666665 0.04583333333333333 0.07833333333333334 0.09083333333333334
0 0.6358333333333334 0.8958333333333334 0.07416666666666667 0.07833333333333334
0 0.5858333333333333 0.8266666666666667 0.06666666666666667 0.095
0 0.6608333333333334 0.8091666666666667 0.07833333333333334 0.07833333333333334
0 0.565 0.7508333333333334 0.075 0.08583333333333333
0 0.35 0.66 0.05 0.13
0 0.715 0.5908333333333333 0.0775 0.0875
0 0.9508333333333333 0.5725 0.0675 0.1075