0 0.8541666666666666 0.4683333333333333 0.023333333333333334 0.07916666666666666
0 0.49333333333333335 0.47333333333333333 0.025833333333333333 0.08916666666666667
0 0.8716666666666667 0.4841666666666667 0.02 0.065
0 0.8016666666666666 0.5333333333333333 0.04666666666666667 0.06416666666666666
0 0.985 0.585 0.028333333333333332 0.04583333333333333
0 0.3575 0.5933333333333334 0.0225 0.08666666666666667
0 0.34833333333333333 0.6475 0.02 0.09083333333333334
0 0.32666666666666666 0.6625 0.030833333333333334 0.07083333333333333
0 0.37916666666666665 0.6633333333333333 0.03166666666666667 0.035
0 0.31333333333333335 0.6741666666666667 0.029166666666666667 0.058333333333333334
0 0.28 0.7108333333333333 0.043333333333333335 0.04
0 0.3283333333333333 0.7133333333333334 0.02 0.059166666666666666
0 0.3175 0.73 0.025833333333333333 0.06833333333333333
0 0.26166666666666666 0.7325 0.035833333333333335 0.04
0 0.30583333333333335 0.7475 0.029166666666666667 0.0475
0 0.2758333333333333 0.7525 0.045 0.059166666666666666
0 0.2975 0.7825 0.0225 0.07166666666666667
0 0.2816666666666667 0.7966666666666666 0.024166666666666666 0.060833333333333336
0 0.5183333333333333 0.025 0.02 0.04666666666666667
0 0.5383333333333333 0.028333333333333332 0.015 0.05583333333333333
0 0.5741666666666667 0.35083333333333333 0.0475 0.05
0 0.615 0.3725 0.04083333333333333 0.05333333333333334
0 0.5741666666666667 0.3958333333333333 0.0275 0.0725
0 0.6091666666666666 0.3983333333333333 0.025 0.06
0 0.5941666666666666 0.4008333333333333 0.02 0.065
0 0.6291666666666667 0.41 0.03166666666666667 0.050833333333333335
0 0.8591666666666666 0.42833333333333334 0.04083333333333333 0.07666666666666666
0 0.89 0.4325 0.023333333333333334 0.09083333333333334
0 0.595 0.4583333333333333 0.024166666666666666 0.06583333333333333