0 0.48 0.96 0.03 0.07666666666666666
0 0.4558333333333333 0.8858333333333334 0.02 0.10833333333333334
0 0.4975 0.8158333333333333 0.049166666666666664 0.04416666666666667
0 0.5375 0.8141666666666667 0.04583333333333333 0.050833333333333335
0 0.525 0.7941666666666667 0.034166666666666665 0.028333333333333332
0 0.32416666666666666 0.7883333333333333 0.04 0.06166666666666667
0 0.5825 0.7833333333333333 0.04 0.06333333333333334
0 0.505 0.7791666666666667 0.05 0.04666666666666667
0 0.29583333333333334 0.7766666666666666 0.0425 0.06166666666666667
0 0.57 0.775 0.045 0.05583333333333333
0 0.5491666666666667 0.77 0.04416666666666667 0.0475
0 0.26916666666666667 0.7691666666666667 0.04583333333333333 0.07
0 0.44166666666666665 0.7408333333333333 0.0375 0.060833333333333336
0 0.295 0.72 0.0175 0.0825
0 0.24333333333333335 0.7166666666666667 0.034166666666666665 0.06416666666666666
0 0.41083333333333333 0.7025 0.0325 0.07
0 0.20583333333333334 0.6266666666666667 0.0375 0.0925
0 0.23083333333333333 0.6083333333333333 0.034166666666666665 0.04
0 0.23583333333333334 0.5991666666666666 0.04583333333333333 0.0675
0 0.20083333333333334 0.5566666666666666 0.03666666666666667 0.056666666666666664