0 0.24583333333333332 0.4633333333333333 0.03833333333333333 0.05583333333333333
0 0.23166666666666666 0.4666666666666667 0.03333333333333333 0.060833333333333336
0 0.21916666666666668 0.4816666666666667 0.03333333333333333 0.04583333333333333
0 0.16916666666666666 0.4866666666666667 0.0175 0.0725
0 0.7658333333333334 0.48833333333333334 0.015833333333333335 0.06333333333333334
0 0.18333333333333332 0.49083333333333334 0.025833333333333333 0.07416666666666667
0 0.68 0.49916666666666665 0.03166666666666667 0.06166666666666667
0 0.215 0.5016666666666667 0.0325 0.049166666666666664
0 0.7275 0.5041666666666667 0.03916666666666667 0.07
0 0.20416666666666666 0.5075 0.025 0.04666666666666667
0 0.7566666666666667 0.5083333333333333 0.019166666666666665 0.07333333333333333
0 0.6541666666666667 0.5108333333333334 0.04083333333333333 0.035833333333333335
0 0.25166666666666665 0.5325 0.035 0.06583333333333333
0 0.205 0.5333333333333333 0.0275 0.05
0 0.7425 0.5358333333333334 0.019166666666666665 0.06
0 0.2758333333333333 0.5441666666666667 0.0375 0.0875
0 0.24416666666666667 0.5441666666666667 0.03333333333333333 0.0725
0 0.175 0.545 0.03166666666666667 0.0675
0 0.18916666666666668 0.5483333333333333 0.0325 0.04833333333333333
0 0.2275 0.5591666666666667 0.025833333333333333 0.0675
0 0.24833333333333332 0.5933333333333334 0.020833333333333332 0.06166666666666667
0 0.35583333333333333 0.6016666666666667 0.041666666666666664 0.0675
0 0.2658333333333333 0.6091666666666666 0.020833333333333332 0.0825
0 0.2525 0.6358333333333334 0.019166666666666665 0.06416666666666666
0 0.285 0.6391666666666667 0.02666666666666667 0.08416666666666667
0 0.37 0.655 0.0275 0.07833333333333334
0 0.3825 0.68 0.023333333333333334 0.07583333333333334
0 0.26166666666666666 0.6891666666666667 0.0225 0.07
0 0.22166666666666668 0.7016666666666667 0.0275 0.08
0 0.24083333333333334 0.7116666666666667 0.03 0.07666666666666666
0 0.6916666666666667 0.7391666666666666 0.03916666666666667 0.07166666666666667
0 0.4675 0.7983333333333333 0.03166666666666667 0.08083333333333333
0 0.36333333333333334 0.855 0.025 0.08166666666666667
0 0.7091666666666666 0.97 0.03166666666666667 0.056666666666666664
0 0.7358333333333333 0.975 0.03166666666666667 0.04666666666666667
0 0.7225 0.15666666666666668 0.023333333333333334 0.06583333333333333
0 0.7375 0.16333333333333333 0.021666666666666667 0.06166666666666667
0 0.7158333333333333 0.17333333333333334 0.03 0.055
0 0.7558333333333334 0.2075 0.02 0.0775
0 0.7475 0.2125 0.020833333333333332 0.065
0 0.7383333333333333 0.22 0.024166666666666666 0.06583333333333333
0 0.7033333333333334 0.24333333333333335 0.0225 0.0725
0 0.6925 0.2866666666666667 0.0175 0.0775
0 0.7175 0.29 0.019166666666666665 0.07166666666666667
0 0.21583333333333332 0.31583333333333335 0.04 0.05
0 0.7891666666666667 0.0325 0.021666666666666667 0.065
0 0.6816666666666666 0.32416666666666666 0.015 0.06833333333333333
0 0.6991666666666667 0.3283333333333333 0.024166666666666666 0.07583333333333334
0 0.17916666666666667 0.33416666666666667 0.023333333333333334 0.045
0 0.22 0.3491666666666667 0.03916666666666667 0.058333333333333334
0 0.19916666666666666 0.3541666666666667 0.02 0.085
0 0.18666666666666668 0.36583333333333334 0.019166666666666665 0.0725
0 0.21083333333333334 0.36666666666666664 0.030833333333333334 0.06916666666666667
0 0.16083333333333333 0.36833333333333335 0.0425 0.04083333333333333
0 0.6808333333333333 0.375 0.020833333333333332 0.07416666666666667
0 0.725 0.3775 0.02 0.07833333333333334
0 0.6591666666666667 0.3825 0.03166666666666667 0.035
0 0.7466666666666667 0.3983333333333333 0.019166666666666665 0.06583333333333333
0 0.16333333333333333 0.4033333333333333 0.021666666666666667 0.07416666666666667
0 0.7283333333333334 0.4083333333333333 0.020833333333333332 0.065
0 0.17666666666666667 0.41 0.015833333333333335 0.051666666666666666
0 0.6558333333333334 0.4116666666666667 0.035 0.03916666666666667
0 0.18166666666666667 0.4125 0.018333333333333333 0.0475
0 0.19083333333333333 0.4125 0.020833333333333332 0.043333333333333335
0 0.21083333333333334 0.4141666666666667 0.0275 0.04583333333333333
0 0.24666666666666667 0.41583333333333333 0.029166666666666667 0.06
0 0.7691666666666667 0.42 0.025 0.06583333333333333
0 0.2325 0.425 0.029166666666666667 0.049166666666666664
0 0.19666666666666666 0.4266666666666667 0.03166666666666667 0.065
0 0.7591666666666667 0.43333333333333335 0.024166666666666666 0.08416666666666667
0 0.7 0.4425 0.025 0.060833333333333336
0 0.6041666666666666 0.45 0.043333333333333335 0.04416666666666667
0 0.1775 0.45416666666666666 0.025 0.05
0 0.19583333333333333 0.45416666666666666 0.023333333333333334 0.050833333333333335
0 0.68 0.4583333333333333 0.035833333333333335 0.0725
0 0.5758333333333333 0.4608333333333333 0.03333333333333333 0.060833333333333336