0 0.48083333333333333 0.49833333333333335 0.050833333333333335 0.059166666666666666
0 0.5283333333333333 0.5366666666666666 0.03 0.0775
0 0.5116666666666667 0.5408333333333334 0.03833333333333333 0.0575
0 0.4875 0.545 0.04583333333333333 0.041666666666666664
0 0.5041666666666667 0.5775 0.04583333333333333 0.0475
0 0.5425 0.585 0.051666666666666666 0.0475
0 0.5183333333333333 0.6175 0.05333333333333334 0.04
0 0.5841666666666666 0.6475 0.045 0.0425
0 0.555 0.6516666666666666 0.04083333333333333 0.035833333333333335
0 0.575 0.6758333333333333 0.05 0.03
0 0.5833333333333334 0.7041666666666667 0.04416666666666667 0.043333333333333335
0 0.5891666666666666 0.7325 0.049166666666666664 0.04083333333333333
0 0.5541666666666667 0.7358333333333333 0.04666666666666667 0.05
0 0.595 0.7558333333333334 0.04583333333333333 0.0425
0 0.5933333333333334 0.7766666666666666 0.05 0.04083333333333333
0 0.6166666666666667 0.805 0.0475 0.03916666666666667
0 0.23583333333333334 0.9375 0.029166666666666667 0.0825
0 0.21333333333333335 0.985 0.04833333333333333 0.029166666666666667
0 0.31166666666666665 0.18416666666666667 0.0225 0.0825
0 0.3 0.19083333333333333 0.016666666666666666 0.075
0 0.25916666666666666 0.195 0.05583333333333333 0.03666666666666667
0 0.27666666666666667 0.20083333333333334 0.0475 0.049166666666666664
0 0.32916666666666666 0.2075 0.04083333333333333 0.0425
0 0.355 0.225 0.04083333333333333 0.06833333333333333
0 0.22666666666666666 0.22583333333333333 0.030833333333333334 0.0425
0 0.2675 0.24 0.04083333333333333 0.059166666666666666
0 0.23 0.24166666666666667 0.028333333333333332 0.0625
0 0.24583333333333332 0.24333333333333335 0.03 0.06583333333333333
0 0.29333333333333333 0.24583333333333332 0.03916666666666667 0.043333333333333335
0 0.31833333333333336 0.2525 0.03166666666666667 0.07333333333333333
0 0.37916666666666665 0.2775 0.051666666666666666 0.035
0 0.26166666666666666 0.285 0.05583333333333333 0.0525
0 0.3908333333333333 0.3 0.034166666666666665 0.04083333333333333
0 0.32916666666666666 0.30833333333333335 0.05583333333333333 0.05
0 0.5625 0.4025 0.0525 0.06416666666666666