0 0.5525 0.5075 0.02 0.06583333333333333
0 0.6933333333333334 0.5116666666666667 0.0008333333333333334 0.0008333333333333334
0 0.2425 0.23666666666666666 0.028333333333333332 0.05583333333333333
0 0.27666666666666667 0.26166666666666666 0.0375 0.03166666666666667
0 0.5116666666666667 0.2683333333333333 0.019166666666666665 0.06916666666666667
0 0.31083333333333335 0.27 0.03666666666666667 0.03333333333333333
0 0.25166666666666665 0.28 0.03666666666666667 0.035833333333333335
0 0.4925 0.2808333333333333 0.03 0.04
0 0.5158333333333334 0.29 0.02666666666666667 0.065
0 0.2916666666666667 0.2916666666666667 0.04083333333333333 0.029166666666666667
0 0.5358333333333334 0.31166666666666665 0.02 0.0725
0 0.44916666666666666 0.31166666666666665 0.0325 0.05
0 0.30916666666666665 0.31416666666666665 0.04083333333333333 0.028333333333333332
0 0.49 0.31833333333333336 0.03666666666666667 0.03916666666666667
0 0.5116666666666667 0.3258333333333333 0.0325 0.060833333333333336
0 0.55 0.32666666666666666 0.016666666666666666 0.0775
0 0.48333333333333334 0.3425 0.030833333333333334 0.051666666666666666
0 0.4141666666666667 0.3516666666666667 0.041666666666666664 0.058333333333333334
0 0.45916666666666667 0.35333333333333333 0.043333333333333335 0.04583333333333333
0 0.5233333333333333 0.3625 0.0225 0.0825
0 0.5066666666666667 0.3641666666666667 0.035 0.0625
0 0.5258333333333334 0.39416666666666667 0.03166666666666667 0.0625
0 0.5416666666666666 0.45 0.035833333333333335 0.03166666666666667