0 0.415 0.525 0.02 0.07
0 0.5908333333333333 0.5233333333333333 0.03833333333333333 0.0375
0 0.57 0.5225 0.0325 0.0425
0 0.5433333333333333 0.5216666666666666 0.0325 0.03833333333333333
0 0.585 0.49916666666666665 0.035833333333333335 0.03
0 0.5283333333333333 0.49333333333333335 0.0375 0.0325
0 0.38166666666666665 0.49166666666666664 0.04 0.0525
0 0.6116666666666667 0.4875 0.0325 0.056666666666666664
0 0.5508333333333333 0.4875 0.03833333333333333 0.04083333333333333
0 0.5866666666666667 0.4741666666666667 0.03916666666666667 0.034166666666666665
0 0.5533333333333333 0.46416666666666667 0.03 0.03916666666666667
0 0.35083333333333333 0.4633333333333333 0.030833333333333334 0.030833333333333334
0 0.5208333333333334 0.46166666666666667 0.03666666666666667 0.0325
0 0.20333333333333334 0.46 0.029166666666666667 0.08333333333333333
0 0.235 0.46 0.04 0.06416666666666666
0 0.37166666666666665 0.45166666666666666 0.041666666666666664 0.07166666666666667
0 0.5883333333333334 0.445 0.03166666666666667 0.06166666666666667
0 0.535 0.43833333333333335 0.0375 0.02666666666666667
0 0.49583333333333335 0.43666666666666665 0.041666666666666664 0.025833333333333333
0 0.6075 0.435 0.03333333333333333 0.05583333333333333
0 0.6241666666666666 0.4266666666666667 0.035 0.06833333333333333
0 0.5525 0.4241666666666667 0.03916666666666667 0.029166666666666667
0 0.4625 0.4191666666666667 0.025 0.045
0 0.49 0.4166666666666667 0.03916666666666667 0.03
0 0.009166666666666667 0.41583333333333333 0.014166666666666666 0.025833333333333333
0 0.22583333333333333 0.4141666666666667 0.041666666666666664 0.07166666666666667
0 0.5125 0.4116666666666667 0.03166666666666667 0.043333333333333335
0 0.575 0.4058333333333333 0.035 0.03916666666666667
0 0.5933333333333334 0.3983333333333333 0.028333333333333332 0.049166666666666664
0 0.5483333333333333 0.3958333333333333 0.035 0.034166666666666665
0 0.5216666666666666 0.3933333333333333 0.0325 0.04833333333333333
0 0.48083333333333333 0.3875 0.041666666666666664 0.045
0 0.5716666666666667 0.37666666666666665 0.025833333333333333 0.04833333333333333
0 0.6041666666666666 0.37083333333333335 0.03666666666666667 0.06
0 0.4891666666666667 0.3675 0.034166666666666665 0.0325
0 0.5433333333333333 0.36583333333333334 0.04 0.03916666666666667
0 0.17333333333333334 0.3625 0.0325 0.09833333333333333
0 0.5766666666666667 0.3541666666666667 0.03333333333333333 0.043333333333333335
0 0.5008333333333334 0.3516666666666667 0.03916666666666667 0.03333333333333333
0 0.4425 0.35 0.049166666666666664 0.04666666666666667
0 0.525 0.33416666666666667 0.04083333333333333 0.0375
0 0.5016666666666667 0.32666666666666666 0.030833333333333334 0.025833333333333333
0 0.4708333333333333 0.32166666666666666 0.03666666666666667 0.03666666666666667
0 0.5466666666666666 0.32083333333333336 0.04 0.0375
0 0.5741666666666667 0.31666666666666665 0.03916666666666667 0.060833333333333336
0 0.18416666666666667 0.31416666666666665 0.028333333333333332 0.09666666666666666
0 0.49166666666666664 0.3 0.04 0.035833333333333335
0 0.52 0.295 0.0375 0.0375
0 0.16666666666666666 0.2941666666666667 0.02 0.0625
0 0.45666666666666667 0.2916666666666667 0.035833333333333335 0.03
0 0.545 0.2775 0.0325 0.04416666666666667
0 0.4891666666666667 0.2758333333333333 0.03 0.043333333333333335
0 0.14666666666666667 0.2708333333333333 0.0275 0.0725
0 0.4475 0.27 0.045 0.035833333333333335
0 0.5033333333333333 0.2608333333333333 0.03833333333333333 0.043333333333333335
0 0.4125 0.25416666666666665 0.04666666666666667 0.0375
0 0.4925 0.23333333333333334 0.04 0.034166666666666665
0 0.5258333333333334 0.23166666666666666 0.018333333333333333 0.056666666666666664
0 0.44916666666666666 0.23166666666666666 0.0475 0.029166666666666667
0 0.5433333333333333 0.22083333333333333 0.02666666666666667 0.06583333333333333
0 0.5125 0.21916666666666668 0.023333333333333334 0.0575
0 0.42333333333333334 0.20916666666666667 0.04 0.03833333333333333
0 0.48583333333333334 0.20666666666666667 0.03666666666666667 0.0275
0 0.4475 0.20333333333333334 0.04583333333333333 0.04583333333333333
0 0.18833333333333332 0.18916666666666668 0.028333333333333332 0.0525
0 0.5 0.18666666666666668 0.024166666666666666 0.03
0 0.5191666666666667 0.18583333333333332 0.02666666666666667 0.050833333333333335
0 0.48583333333333334 0.185 0.03 0.0325
0 0.4766666666666667 0.18416666666666667 0.0325 0.0275
0 0.5375 0.17666666666666667 0.0325 0.056666666666666664
0 0.44666666666666666 0.1725 0.041666666666666664 0.034166666666666665
0 0.49333333333333335 0.16 0.030833333333333334 0.0325
0 0.4558333333333333 0.1525 0.04833333333333333 0.05
0 0.4775 0.1375 0.04833333333333333 0.03166666666666667
0 0.5216666666666666 0.13083333333333333 0.0325 0.050833333333333335
0 0.49666666666666665 0.12166666666666667 0.035833333333333335 0.0575
0 0.4625 0.105 0.035833333333333335 0.04416666666666667
0 0.4725 0.09416666666666666 0.025833333333333333 0.04583333333333333
0 0.4975 0.07 0.0275 0.07916666666666666
0 0.4533333333333333 0.06333333333333334 0.018333333333333333 0.0625
0 0.4791666666666667 0.059166666666666666 0.025 0.07416666666666667
0 0.46416666666666667 0.020833333333333332 0.019166666666666665 0.04
0 0.4766666666666667 0.009166666666666667 0.015833333333333335 0.0175
0 0.5008333333333334 0.0075 0.0175 0.013333333333333334
0 0.5891666666666666 0.8475 0.019166666666666665 0.09166666666666666
0 0.585 0.7708333333333334 0.025833333333333333 0.075
0 0.5791666666666667 0.7275 0.021666666666666667 0.065
0 0.42833333333333334 0.675 0.03666666666666667 0.0825
0 0.435 0.6616666666666666 0.024166666666666666 0.055
0 0.5741666666666667 0.6375 0.0175 0.06666666666666667
0 0.5983333333333334 0.615 0.02 0.07583333333333334
0 0.39916666666666667 0.6108333333333333 0.020833333333333332 0.08916666666666667
0 0.585 0.6008333333333333 0.02 0.07583333333333334
0 0.5366666666666666 0.5733333333333334 0.04666666666666667 0.06916666666666667
0 0.4091666666666667 0.5733333333333334 0.019166666666666665 0.07666666666666666
0 0.43333333333333335 0.5625 0.03916666666666667 0.065
0 0.5608333333333333 0.5591666666666667 0.03916666666666667 0.0475
0 0.6166666666666667 0.5541666666666667 0.03666666666666667 0.043333333333333335
0 0.385 0.5433333333333333 0.034166666666666665 0.05333333333333334