0 0.9275 0.45 0.01 0.028333333333333332
0 0.6091666666666666 0.4583333333333333 0.0225 0.07666666666666666
0 0.9175 0.47 0.0225 0.07333333333333333
0 0.9075 0.4866666666666667 0.018333333333333333 0.0725
0 0.8991666666666667 0.5083333333333333 0.025833333333333333 0.06
0 0.8383333333333334 0.5141666666666667 0.03 0.0575
0 0.8791666666666667 0.5216666666666666 0.02666666666666667 0.058333333333333334
0 0.8725 0.5508333333333333 0.03666666666666667 0.06666666666666667
0 0.855 0.5583333333333333 0.04083333333333333 0.041666666666666664
0 0.8991666666666667 0.5616666666666666 0.02 0.08583333333333333
0 0.8133333333333334 0.6625 0.021666666666666667 0.08333333333333333
0 0.34833333333333333 0.013333333333333334 0.02666666666666667 0.025833333333333333
0 0.8433333333333334 0.7341666666666666 0.043333333333333335 0.06
0 0.7983333333333333 0.8325 0.023333333333333334 0.075
0 0.7991666666666667 0.88 0.028333333333333332 0.075
0 0.8225 0.8916666666666667 0.025833333333333333 0.07333333333333333
0 0.88 0.895 0.0475 0.04666666666666667
0 0.79 0.9141666666666667 0.04 0.07583333333333334
0 0.8916666666666667 0.9275 0.03666666666666667 0.04
0 0.8291666666666667 0.9366666666666666 0.041666666666666664 0.0475
0 0.8625 0.9441666666666667 0.0375 0.050833333333333335
0 0.8791666666666667 0.9475 0.0425 0.06416666666666666
0 0.9 0.9583333333333334 0.023333333333333334 0.03166666666666667
0 0.7716666666666666 0.9583333333333334 0.02666666666666667 0.07666666666666666
0 0.8683333333333333 0.9708333333333333 0.04833333333333333 0.03666666666666667
0 0.8383333333333334 0.9741666666666666 0.03333333333333333 0.050833333333333335
0 0.395 0.028333333333333332 0.0275 0.056666666666666664
0 0.8916666666666667 0.9858333333333333 0.035 0.02666666666666667
0 0.8716666666666667 0.9908333333333333 0.04 0.0175
0 0.82 0.9925 0.03666666666666667 0.013333333333333334
0 0.37583333333333335 0.034166666666666665 0.03 0.0675
0 0.3275 0.049166666666666664 0.023333333333333334 0.07083333333333333
0 0.3425 0.0525 0.025833333333333333 0.049166666666666664
0 0.355 0.05416666666666667 0.025833333333333333 0.05333333333333334
0 0.30083333333333334 0.059166666666666666 0.019166666666666665 0.0525
0 0.37916666666666665 0.06333333333333334 0.03 0.03916666666666667
0 0.28583333333333333 0.08 0.014166666666666666 0.0525
0 0.3075 0.08416666666666667 0.03 0.08583333333333333
0 0.3466666666666667 0.0875 0.03333333333333333 0.0575
0 0.3883333333333333 0.09333333333333334 0.019166666666666665 0.04416666666666667
0 0.2725 0.09833333333333333 0.016666666666666666 0.08416666666666667
0 0.31 0.09833333333333333 0.024166666666666666 0.0475
0 0.25083333333333335 0.09916666666666667 0.016666666666666666 0.0725
0 0.36833333333333335 0.1 0.0325 0.04416666666666667
0 0.32166666666666666 0.10833333333333334 0.023333333333333334 0.06333333333333334
0 0.3383333333333333 0.13333333333333333 0.03166666666666667 0.06
0 0.28583333333333333 0.13416666666666666 0.0175 0.06166666666666667
0 0.38916666666666666 0.13916666666666666 0.02666666666666667 0.030833333333333334
0 0.2675 0.14666666666666667 0.019166666666666665 0.07083333333333333
0 0.3016666666666667 0.165 0.020833333333333332 0.085
0 0.2866666666666667 0.18583333333333332 0.016666666666666666 0.07
0 0.31416666666666665 0.18833333333333332 0.019166666666666665 0.08083333333333333
0 0.4008333333333333 0.19583333333333333 0.020833333333333332 0.07416666666666667
0 0.24666666666666667 0.19916666666666666 0.020833333333333332 0.0825
0 0.25833333333333336 0.20583333333333334 0.015833333333333335 0.075
0 0.2758333333333333 0.2075 0.016666666666666666 0.075
0 0.2866666666666667 0.23833333333333334 0.030833333333333334 0.06916666666666667
0 0.2966666666666667 0.24583333333333332 0.025 0.04666666666666667
0 0.2625 0.2575 0.021666666666666667 0.08333333333333333