0 0.35583333333333333 0.5133333333333333 0.04666666666666667 0.03166666666666667
0 0.38916666666666666 0.4975 0.019166666666666665 0.06666666666666667
0 0.375 0.4691666666666667 0.024166666666666666 0.08083333333333333
0 0.3675 0.4625 0.019166666666666665 0.07666666666666666
0 0.3491666666666667 0.3908333333333333 0.025 0.0825
0 0.09833333333333333 0.7441666666666666 0.049166666666666664 0.04583333333333333
0 0.3275 0.7075 0.034166666666666665 0.041666666666666664
0 0.29833333333333334 0.7025 0.035833333333333335 0.03916666666666667
0 0.275 0.6958333333333333 0.035 0.0275
0 0.3333333333333333 0.6808333333333333 0.03666666666666667 0.04416666666666667
0 0.27 0.6708333333333333 0.04666666666666667 0.03
0 0.3525 0.6708333333333333 0.025833333333333333 0.075
0 0.305 0.665 0.035 0.056666666666666664
0 0.33166666666666667 0.6641666666666667 0.03666666666666667 0.03666666666666667
0 0.36583333333333334 0.6475 0.014166666666666666 0.07166666666666667
0 0.29583333333333334 0.645 0.04083333333333333 0.03666666666666667
0 0.32916666666666666 0.6383333333333333 0.035 0.029166666666666667
0 0.3825 0.6208333333333333 0.015833333333333335 0.0675
0 0.3441666666666667 0.6191666666666666 0.0325 0.030833333333333334
0 0.3575 0.5966666666666667 0.035833333333333335 0.03
0 0.37916666666666665 0.5516666666666666 0.03666666666666667 0.04083333333333333
0 0.3516666666666667 0.5383333333333333 0.043333333333333335 0.03