1 0.868750 0.068750 0.045312 0.043750
1 0.591406 0.150781 0.089063 0.026562
1 0.413281 0.211719 0.109375 0.031250
1 0.202344 0.158594 0.096875 0.056250
1 0.444531 0.577344 0.100000 0.056250
1 0.431250 0.692969 0.114062 0.051562
1 0.172656 0.857812 0.121875 0.087500
1 0.442969 0.851562 0.128125 0.034375
1 0.535156 0.873437 0.090625 0.034375
1 0.794531 0.861719 0.068750 0.031250
1 0.877344 0.774219 0.046875 0.042188
1 0.843750 0.614844 0.050000 0.046875
1 0.725000 0.619531 0.051562 0.056250
1 0.744531 0.596094 0.040625 0.050000
1 0.642969 0.667969 0.068750 0.034375
1 0.614844 0.619531 0.075000 0.045312
1 0.570312 0.281250 0.059375 0.065625
1 0.799219 0.339844 0.053125 0.046875
1 0.946875 0.450000 0.046875 0.040625
