1 0.798438 0.578906 0.064844 0.069531
1 0.860938 0.493750 0.045312 0.050781
1 0.571094 0.570312 0.070312 0.087500
1 0.817969 0.262500 0.073438 0.067969
1 0.812500 0.216406 0.033594 0.033594
1 0.703125 0.323437 0.052344 0.111719
1 0.203906 0.930469 0.039062 0.035937
1 0.128906 0.961719 0.029687 0.073438
1 0.116406 0.899219 0.035156 0.058594
1 0.101562 0.878125 0.018750 0.081250
1 0.130469 0.772656 0.048438 0.103906
1 0.044531 0.739844 0.071875 0.070312
1 0.032031 0.672656 0.059375 0.057031
1 0.036719 0.525000 0.023438 0.067969
1 0.058594 0.480469 0.046094 0.111719
1 0.225781 0.853125 0.046875 0.038281
1 0.017969 0.971094 0.031250 0.053906
1 0.065625 0.923438 0.035156 0.054688
1 0.082031 0.860938 0.027344 0.067187
1 0.011719 0.640625 0.023438 0.057031
1 0.016406 0.829688 0.032031 0.038281
