1 0.959375 0.478125 0.043750 0.035937
1 0.950000 0.314844 0.053125 0.018750
1 0.891406 0.367969 0.059375 0.018750
1 0.823438 0.418750 0.054688 0.028125
1 0.811719 0.556250 0.059375 0.029687
1 0.809375 0.703125 0.056250 0.042188
1 0.667188 0.804688 0.065625 0.057813
1 0.560156 0.710156 0.081250 0.050000
1 0.719531 0.596875 0.064062 0.035937
1 0.183594 0.668750 0.167187 0.054688
1 0.361719 0.667969 0.087500 0.059375
1 0.261719 0.489844 0.140625 0.046875
1 0.252344 0.332813 0.118750 0.046875
1 0.652344 0.161719 0.081250 0.043750
1 0.457813 0.222656 0.109375 0.034375
1 0.732812 0.317188 0.068750 0.015625
1 0.645312 0.447656 0.076563 0.028125
1 0.525781 0.409375 0.093750 0.023438
1 0.774219 0.694531 0.037500 0.021875
