1 0.678906 0.410156 0.043750 0.036719
1 0.571875 0.438281 0.045312 0.039844
1 0.701562 0.607031 0.046094 0.044531
1 0.710938 0.725000 0.038281 0.075781
1 0.432812 0.649219 0.035937 0.086719
1 0.510938 0.332813 0.021875 0.069531
1 0.455469 0.325781 0.032031 0.039062
1 0.403906 0.310937 0.036719 0.052344
1 0.431250 0.358594 0.019531 0.022656
1 0.417969 0.373437 0.015625 0.032031
1 0.340625 0.314844 0.032813 0.042188
1 0.371875 0.349219 0.034375 0.052344
1 0.363281 0.400781 0.039062 0.050781
1 0.358594 0.450000 0.017969 0.025781
1 0.310156 0.371875 0.021094 0.022656
1 0.328906 0.442969 0.018750 0.064062
1 0.312500 0.415625 0.011719 0.039062
1 0.191406 0.421875 0.021875 0.058594
1 0.432812 0.743750 0.048438 0.071094
1 0.596875 0.799219 0.055469 0.065625
1 0.587500 0.825781 0.026562 0.039062
1 0.729688 0.723437 0.021094 0.060937
1 0.978125 0.694531 0.040625 0.070312
1 0.412500 0.939844 0.029687 0.067969
1 0.329688 0.971875 0.029687 0.055469
1 0.200781 0.829688 0.062500 0.066406
1 0.210156 0.894531 0.035937 0.075000
1 0.130469 0.896094 0.044531 0.100000
1 0.035937 0.978906 0.031250 0.039062
1 0.360156 0.300000 0.021094 0.032031
