1 0.181250 0.364844 0.030469 0.096094
1 0.276562 0.368750 0.037500 0.092188
1 0.359375 0.153125 0.052344 0.067969
1 0.250781 0.554688 0.028906 0.107031
1 0.202344 0.755469 0.052344 0.103906
1 0.605469 0.515625 0.052344 0.108594
1 0.703906 0.501563 0.042969 0.114062
1 0.634375 0.109375 0.046094 0.054688
1 0.803906 0.071875 0.041406 0.050000
1 0.886719 0.152344 0.040625 0.070312
1 0.905469 0.419531 0.035156 0.086719
1 0.878125 0.510156 0.035937 0.132812
1 0.876563 0.782813 0.086719 0.116406
1 0.623437 0.215625 0.050000 0.051562
1 0.661719 0.221094 0.050000 0.075000
1 0.650781 0.343750 0.036719 0.082812
1 0.698438 0.319531 0.038281 0.077344
1 0.096094 0.080469 0.057031 0.059375
1 0.471875 0.013281 0.038281 0.025781
