1 0.717969 0.240625 0.046875 0.057813
1 0.812500 0.381250 0.056250 0.059375
1 0.715625 0.485156 0.050781 0.074219
1 0.679688 0.714063 0.056250 0.120313
1 0.678125 0.905469 0.050000 0.185156
1 0.492188 0.783594 0.039844 0.147656
1 0.598437 0.330469 0.038281 0.063281
1 0.564844 0.244531 0.033594 0.069531
1 0.485938 0.100781 0.032031 0.042188
1 0.328125 0.107031 0.013281 0.053125
1 0.014844 0.158594 0.026562 0.046094
1 0.177344 0.388281 0.048438 0.078906
1 0.232813 0.582812 0.031250 0.107813
1 0.339062 0.788281 0.041406 0.133594
1 0.419531 0.582812 0.019531 0.116406
1 0.456250 0.414844 0.019531 0.096875
1 0.425781 0.227344 0.030469 0.056250
1 0.378125 0.163281 0.020313 0.060937
1 0.326562 0.316406 0.016406 0.069531
1 0.696875 0.278125 0.015625 0.032813
