1 0.193750 0.638281 0.018750 0.040625
1 0.168750 0.805469 0.018750 0.035937
1 0.182812 0.697656 0.014063 0.043750
1 0.239063 0.807813 0.021875 0.021875
1 0.150000 0.857031 0.012500 0.046875
1 0.175781 0.921094 0.018750 0.034375
1 0.146875 0.972656 0.023438 0.023438
1 0.313281 0.946875 0.021875 0.035937
1 0.277344 0.822656 0.012500 0.040625
1 0.285938 0.715625 0.025000 0.028125
1 0.306250 0.739844 0.023438 0.026562
1 0.201563 0.840625 0.025000 0.021875
1 0.310156 0.710938 0.025000 0.028125
1 0.207813 0.688281 0.021875 0.028125
1 0.213281 0.649219 0.021875 0.028125
1 0.210156 0.661719 0.021875 0.018750
