1 0.171094 0.385937 0.040625 0.092188
1 0.233594 0.582031 0.033594 0.106250
1 0.421875 0.570312 0.020313 0.123438
1 0.457031 0.412500 0.023438 0.100781
1 0.327344 0.312500 0.015625 0.063281
1 0.426563 0.226562 0.030469 0.058594
1 0.376563 0.164062 0.020313 0.062500
1 0.328125 0.109375 0.017969 0.053125
1 0.486719 0.101562 0.032813 0.038281
1 0.564063 0.242188 0.037500 0.067187
1 0.597656 0.329688 0.038281 0.068750
1 0.491406 0.771094 0.039844 0.123438
1 0.334375 0.778906 0.042969 0.103125
1 0.808594 0.381250 0.057031 0.073438
1 0.717187 0.486719 0.054688 0.083594
1 0.713281 0.240625 0.047656 0.064844
1 0.675781 0.889062 0.048438 0.185156
1 0.677344 0.693750 0.064844 0.117969
1 0.016406 0.166406 0.032813 0.062500
1 0.696875 0.275000 0.014063 0.039844
