1 0.571875 0.126562 0.025000 0.071875
1 0.565625 0.315625 0.048438 0.084375
1 0.502344 0.429688 0.060937 0.071875
1 0.485156 0.222656 0.040625 0.068750
1 0.472656 0.060937 0.046875 0.048438
1 0.367969 0.075781 0.034375 0.054688
1 0.354687 0.018750 0.034375 0.037500
1 0.233594 0.015625 0.039062 0.031250
1 0.317969 0.364844 0.046875 0.081250
1 0.122656 0.335156 0.056250 0.081250
1 0.125000 0.242188 0.040625 0.081250
1 0.096875 0.247656 0.053125 0.081250
1 0.070312 0.207031 0.034375 0.068750
1 0.062500 0.117969 0.026562 0.062500
1 0.138281 0.040625 0.035937 0.050000
1 0.046094 0.030469 0.042188 0.045312
1 0.032813 0.390625 0.057813 0.060937
1 0.025000 0.660156 0.050000 0.121875
1 0.085156 0.766406 0.053125 0.146875
1 0.651563 0.311719 0.046875 0.068750
