1 0.163281 0.387500 0.050781 0.075781
1 0.310937 0.303125 0.017188 0.057813
1 0.260156 0.600781 0.041406 0.107813
1 0.407031 0.760156 0.063281 0.092969
1 0.551562 0.725000 0.046875 0.114844
1 0.457031 0.588281 0.032813 0.113281
1 0.461719 0.378906 0.019531 0.078906
1 0.402344 0.206250 0.032813 0.053125
1 0.346094 0.149219 0.021094 0.054688
1 0.282031 0.090625 0.022656 0.046094
1 0.444531 0.071875 0.035156 0.036719
1 0.592187 0.278125 0.029687 0.053125
1 0.547656 0.205469 0.033594 0.058594
1 0.694531 0.183594 0.042969 0.044531
1 0.801562 0.300000 0.054688 0.050781
1 0.720313 0.405469 0.046094 0.063281
1 0.839063 0.612500 0.060937 0.063281
1 0.742969 0.807031 0.050000 0.162500
1 0.676562 0.217969 0.021875 0.028125
