1 0.535156 0.228125 0.071875 0.037500
1 0.421094 0.299219 0.106250 0.054688
1 0.582812 0.457031 0.071875 0.053125
1 0.700000 0.204687 0.056250 0.053125
1 0.472656 0.580469 0.101562 0.046875
1 0.404687 0.529687 0.076563 0.053125
1 0.342969 0.703125 0.087500 0.070312
1 0.403906 0.903906 0.073438 0.079687
1 0.321094 0.949219 0.060937 0.068750
1 0.240625 0.899219 0.134375 0.065625
1 0.547656 0.893750 0.054688 0.059375
1 0.553906 0.750000 0.076563 0.048438
1 0.648438 0.707812 0.071875 0.042188
1 0.688281 0.839844 0.050000 0.056250
1 0.776563 0.667188 0.078125 0.018750
1 0.764844 0.567187 0.059375 0.021875
1 0.916406 0.575000 0.039062 0.029687
1 0.871875 0.610156 0.040625 0.040625
1 0.780469 0.207813 0.029687 0.028125
1 0.758594 0.232813 0.057813 0.032813
1 0.952344 0.668750 0.034375 0.026562
1 0.910156 0.618750 0.043750 0.025000
1 0.902344 0.739062 0.037500 0.039062
1 0.864844 0.711719 0.050000 0.029687
1 0.771094 0.215625 0.031250 0.020313
