1 0.582812 0.539062 0.050000 0.028125
1 0.603125 0.575000 0.057813 0.020313
1 0.649219 0.539844 0.034375 0.026562
1 0.713281 0.555469 0.031250 0.028125
1 0.775000 0.580469 0.031250 0.010937
1 0.779687 0.555469 0.034375 0.012500
1 0.721094 0.642188 0.037500 0.015625
1 0.750781 0.646094 0.031250 0.028125
1 0.765625 0.650000 0.028125 0.023438
1 0.800781 0.529687 0.028125 0.012500
1 0.785156 0.470313 0.031250 0.021875
1 0.814844 0.471875 0.025000 0.021875
1 0.820312 0.440625 0.021875 0.015625
1 0.798438 0.417969 0.028125 0.009375
1 0.672656 0.447656 0.034375 0.028125
1 0.707812 0.420312 0.034375 0.015625
1 0.633594 0.422656 0.035937 0.026562
1 0.746094 0.371875 0.032813 0.015625
1 0.781250 0.342187 0.028125 0.012500
1 0.735938 0.334375 0.031250 0.025000
1 0.739844 0.305469 0.032813 0.012500
1 0.577344 0.314844 0.046875 0.025000
1 0.552344 0.300781 0.029687 0.012500
1 0.465625 0.292187 0.037500 0.015625
1 0.460156 0.217188 0.046875 0.040625
1 0.219531 0.253125 0.096875 0.057813
1 0.761719 0.255469 0.037500 0.012500
