1 0.385937 0.575000 0.029687 0.040625
1 0.531250 0.640625 0.021875 0.051562
1 0.448437 0.514844 0.021875 0.034375
1 0.478906 0.494531 0.015625 0.034375
1 0.573438 0.484375 0.023438 0.034375
1 0.515625 0.427344 0.015625 0.029687
1 0.395313 0.411719 0.021875 0.029687
1 0.374219 0.473438 0.015625 0.021875
1 0.307812 0.467969 0.012500 0.034375
1 0.557813 0.383594 0.014063 0.026562
1 0.592187 0.403906 0.026562 0.028125
1 0.680469 0.364844 0.015625 0.025000
1 0.704688 0.375000 0.009375 0.018750
1 0.655469 0.411719 0.017188 0.031250
1 0.677344 0.501563 0.028125 0.034375
1 0.754687 0.438281 0.021875 0.034375
1 0.601562 0.381250 0.021875 0.025000
1 0.059375 0.419531 0.032813 0.032813
1 0.033594 0.457813 0.025000 0.034375
1 0.103125 0.471875 0.014063 0.034375
1 0.099219 0.700000 0.043750 0.050000
1 0.707812 0.417969 0.021875 0.028125
1 0.702344 0.396094 0.023438 0.021875
1 0.466406 0.359375 0.018750 0.025000
1 0.074219 0.507031 0.031250 0.034375
1 0.555469 0.406250 0.012500 0.015625
1 0.048438 0.602344 0.012500 0.021875
1 0.067969 0.600000 0.018750 0.018750
1 0.689844 0.398438 0.020313 0.028125
