1 0.053125 0.557031 0.089063 0.031250
1 0.228125 0.605469 0.087500 0.028125
1 0.240625 0.634375 0.114062 0.037500
1 0.082812 0.328906 0.095312 0.025000
1 0.463281 0.627344 0.098437 0.023438
1 0.485156 0.610938 0.100000 0.028125
1 0.481250 0.584375 0.084375 0.035937
1 0.557031 0.575000 0.096875 0.028125
1 0.491406 0.539062 0.087500 0.037500
1 0.540625 0.532813 0.096875 0.034375
1 0.857031 0.609375 0.084375 0.039062
1 0.889062 0.375000 0.100000 0.050000
1 0.871875 0.319531 0.082812 0.043750
1 0.248438 0.937500 0.031250 0.040625
