1 0.742969 0.703906 0.062500 0.032813
1 0.798438 0.600000 0.081250 0.026562
1 0.655469 0.613281 0.115625 0.053125
1 0.514062 0.589844 0.037500 0.042188
1 0.625000 0.510156 0.060937 0.034375
1 0.640625 0.477344 0.053125 0.032813
1 0.512500 0.374219 0.109375 0.046875
1 0.423438 0.567969 0.106250 0.059375
1 0.083594 0.522656 0.092188 0.065625
1 0.201563 0.421875 0.067187 0.068750
1 0.134375 0.474219 0.115625 0.037500
1 0.739844 0.181250 0.053125 0.076563
1 0.847656 0.185156 0.062500 0.059375
1 0.734375 0.317969 0.125000 0.051562
1 0.821875 0.425000 0.046875 0.039062
1 0.892188 0.462500 0.067187 0.037500
1 0.884375 0.432812 0.081250 0.068750
1 0.900000 0.363281 0.056250 0.040625
1 0.849219 0.364063 0.085938 0.064062
1 0.925000 0.300781 0.078125 0.059375
1 0.838281 0.290625 0.037500 0.056250
1 0.785156 0.243750 0.115625 0.054688
1 0.484375 0.821094 0.029687 0.039062
1 0.532031 0.810937 0.059375 0.028125
1 0.271094 0.803125 0.100000 0.075000
1 0.310156 0.693750 0.029687 0.043750
1 0.183594 0.775000 0.050000 0.060937
1 0.223438 0.725781 0.084375 0.062500
1 0.389844 0.643750 0.125000 0.031250
1 0.069531 0.780469 0.129688 0.034375
1 0.086719 0.816406 0.100000 0.046875
1 0.095312 0.862500 0.087500 0.040625
1 0.157031 0.889844 0.078125 0.053125
1 0.380469 0.880469 0.095312 0.084375
1 0.098437 0.966406 0.065625 0.065625
1 0.082812 0.941406 0.064062 0.050000
1 0.924219 0.367969 0.056250 0.037500
1 0.467969 0.925000 0.043750 0.043750
1 0.186719 0.761719 0.070312 0.089063
1 0.018750 0.963281 0.034375 0.071875
