1 0.389844 0.831250 0.079687 0.046875
1 0.586719 0.775000 0.107813 0.034375
1 0.798438 0.666406 0.125000 0.053125
1 0.780469 0.513281 0.140625 0.046875
1 0.867188 0.331250 0.178125 0.056250
1 0.682813 0.329688 0.093750 0.062500
1 0.485938 0.290625 0.084375 0.056250
1 0.370312 0.196875 0.075000 0.056250
1 0.235937 0.294531 0.059375 0.046875
1 0.328125 0.403125 0.062500 0.031250
1 0.402344 0.550781 0.084375 0.028125
1 0.523438 0.589063 0.103125 0.020313
1 0.235937 0.442969 0.062500 0.034375
1 0.221094 0.578125 0.057813 0.029687
1 0.096094 0.519531 0.039062 0.034375
1 0.314063 0.682031 0.062500 0.015625
1 0.161719 0.629687 0.059375 0.025000
1 0.103125 0.681250 0.051562 0.020313
1 0.273438 0.308594 0.051562 0.021875
1 0.161719 0.989844 0.054688 0.017188
