1 0.409375 0.891406 0.053125 0.042188
1 0.350781 0.848437 0.050000 0.043750
1 0.571875 0.832812 0.071875 0.040625
1 0.651563 0.758594 0.106250 0.051562
1 0.660937 0.358594 0.065625 0.071875
1 0.707812 0.180469 0.126562 0.065625
1 0.614844 0.160156 0.118750 0.046875
1 0.579688 0.290625 0.068750 0.075000
1 0.554688 0.484375 0.082812 0.039062
1 0.583594 0.599219 0.076563 0.042188
1 0.481250 0.606250 0.060937 0.046875
1 0.307812 0.588281 0.053125 0.031250
1 0.323437 0.511719 0.054688 0.037500
1 0.220312 0.485156 0.040625 0.034375
1 0.272656 0.432812 0.051562 0.037500
1 0.182031 0.515625 0.039062 0.028125
1 0.183594 0.471094 0.040625 0.018750
1 0.161719 0.435156 0.032813 0.025000
1 0.213281 0.384375 0.037500 0.031250
1 0.206250 0.295312 0.046875 0.014063
1 0.344531 0.260156 0.046875 0.042188
1 0.428125 0.320312 0.056250 0.045312
1 0.451562 0.208594 0.053125 0.051562
1 0.346875 0.875781 0.037500 0.034375
1 0.130469 0.521875 0.031250 0.009375
1 0.110156 0.513281 0.021875 0.021875
