1 0.926562 0.310937 0.028125 0.064062
1 0.905469 0.039062 0.040625 0.046875
1 0.730469 0.299219 0.035937 0.050000
1 0.643750 0.097656 0.014063 0.029687
1 0.660156 0.057813 0.032813 0.051562
1 0.596094 0.065625 0.018750 0.021875
1 0.571094 0.062500 0.017188 0.037500
1 0.522656 0.301563 0.028125 0.071875
1 0.506250 0.480469 0.021875 0.028125
1 0.336719 0.073438 0.042188 0.056250
1 0.285938 0.037500 0.028125 0.056250
1 0.212500 0.294531 0.018750 0.081250
1 0.198437 0.287500 0.015625 0.062500
1 0.157812 0.550781 0.021875 0.039062
1 0.125781 0.609375 0.039062 0.031250
1 0.083594 0.580469 0.020313 0.042188
1 0.025000 0.623437 0.029687 0.050000
1 0.031250 0.564844 0.046875 0.065625
1 0.074219 0.375000 0.031250 0.026562
1 0.054688 0.356250 0.032813 0.028125
1 0.028125 0.392188 0.017188 0.040625
1 0.018750 0.488281 0.035937 0.039062
1 0.713281 0.289844 0.014063 0.031250
