1 0.253906 0.958594 0.046875 0.045312
1 0.432812 0.794531 0.062500 0.051562
1 0.175000 0.799219 0.050000 0.032813
1 0.313281 0.554688 0.068750 0.025000
1 0.200781 0.540625 0.050000 0.040625
1 0.571875 0.450000 0.078125 0.057813
1 0.534375 0.507031 0.093750 0.034375
1 0.428125 0.557031 0.081250 0.028125
1 0.418750 0.317969 0.071875 0.037500
1 0.317188 0.270313 0.068750 0.028125
1 0.185938 0.304688 0.051562 0.035937
1 0.175000 0.154688 0.042188 0.039062
1 0.218750 0.085938 0.050000 0.043750
1 0.367969 0.071094 0.071875 0.020313
1 0.295312 0.160156 0.043750 0.034375
1 0.267188 0.185938 0.056250 0.043750
1 0.146875 0.983594 0.062500 0.021875
1 0.167969 0.961719 0.042188 0.035937
1 0.212500 0.948438 0.037500 0.029687
1 0.301563 0.624219 0.059375 0.017188
1 0.115625 0.432031 0.039062 0.034375
1 0.207813 0.321875 0.031250 0.015625
1 0.417187 0.100000 0.084375 0.034375
1 0.563281 0.110156 0.078125 0.059375
1 0.254688 0.182031 0.043750 0.040625
1 0.278906 0.183594 0.057813 0.043750
