1 0.567969 0.179688 0.047656 0.062500
1 0.590625 0.246875 0.042188 0.087500
1 0.408594 0.163281 0.048438 0.066406
1 0.391406 0.145313 0.026562 0.074219
1 0.342187 0.287500 0.049219 0.067187
1 0.364844 0.416406 0.049219 0.110937
1 0.729688 0.221094 0.039062 0.087500
1 0.417969 0.605469 0.071094 0.071875
1 0.546094 0.653906 0.066406 0.078125
1 0.246094 0.609375 0.064062 0.127344
1 0.863281 0.622656 0.080469 0.063281
1 0.912500 0.402344 0.032031 0.093750
1 0.309375 0.024219 0.048438 0.048438
1 0.712500 0.014063 0.015625 0.028125
1 0.406250 0.128125 0.020313 0.052344
