1 0.883594 0.454688 0.034375 0.031250
1 0.843750 0.585938 0.037500 0.021875
1 0.877344 0.707812 0.034375 0.031250
1 0.853906 0.767188 0.040625 0.029687
1 0.800781 0.751563 0.040625 0.012500
1 0.792188 0.735938 0.037500 0.025000
1 0.791406 0.711719 0.040625 0.029687
1 0.807031 0.691406 0.045312 0.028125
1 0.765625 0.651563 0.053125 0.018750
1 0.743750 0.796094 0.050000 0.017188
1 0.705469 0.781250 0.062500 0.031250
1 0.588281 0.777344 0.057813 0.037500
1 0.639844 0.622656 0.054688 0.021875
1 0.739062 0.082031 0.048438 0.042188
1 0.775781 0.367969 0.043750 0.034375
1 0.717969 0.336719 0.050000 0.034375
1 0.646875 0.315625 0.037500 0.028125
1 0.560937 0.419531 0.075000 0.037500
1 0.496094 0.499219 0.090625 0.026562
1 0.160156 0.623437 0.078125 0.068750
1 0.437500 0.216406 0.085938 0.028125
1 0.804688 0.578125 0.025000 0.014063
