1 0.810156 0.730469 0.073438 0.119531
1 0.823438 0.639062 0.049219 0.122656
1 0.710156 0.603125 0.074219 0.066406
1 0.619531 0.673438 0.068750 0.076563
1 0.503906 0.553125 0.046875 0.087500
1 0.382031 0.574219 0.037500 0.071875
1 0.385937 0.472656 0.042969 0.066406
1 0.225000 0.628906 0.057031 0.108594
1 0.160156 0.546094 0.039844 0.079687
1 0.122656 0.386719 0.049219 0.053125
1 0.159375 0.332031 0.044531 0.049219
1 0.135156 0.321875 0.025781 0.029687
1 0.434375 0.291406 0.032031 0.049219
1 0.487500 0.319531 0.038281 0.052344
1 0.494531 0.183594 0.027344 0.040625
1 0.580469 0.161719 0.025781 0.034375
1 0.541406 0.183594 0.020313 0.032813
1 0.528906 0.214844 0.032813 0.036719
1 0.627344 0.221094 0.030469 0.040625
1 0.571875 0.278125 0.038281 0.047656
1 0.743750 0.358594 0.043750 0.047656
1 0.717187 0.218750 0.012500 0.048438
1 0.675000 0.437500 0.044531 0.064062
1 0.789844 0.470313 0.051562 0.050781
1 0.503125 0.119531 0.021875 0.034375
1 0.557813 0.178125 0.014063 0.020313
1 0.147656 0.327344 0.029687 0.035937
