1 0.575000 0.075781 0.034375 0.039062
1 0.532813 0.050781 0.040625 0.025000
1 0.484375 0.104688 0.034375 0.034375
1 0.520312 0.124219 0.031250 0.015625
1 0.272656 0.146094 0.056250 0.039062
1 0.639844 0.489063 0.023438 0.021875
1 0.582031 0.421875 0.031250 0.025000
1 0.517188 0.406250 0.028125 0.017188
1 0.523438 0.336719 0.037500 0.017188
1 0.411719 0.428125 0.051562 0.034375
1 0.475781 0.488281 0.040625 0.025000
1 0.490625 0.519531 0.048438 0.020313
1 0.565625 0.549219 0.035937 0.012500
1 0.345313 0.588281 0.059375 0.028125
1 0.504687 0.612500 0.035937 0.021875
1 0.490625 0.721875 0.037500 0.032813
1 0.614844 0.585156 0.031250 0.015625
1 0.592969 0.624219 0.032813 0.028125
1 0.614844 0.629687 0.025000 0.025000
1 0.572656 0.697656 0.037500 0.020313
1 0.634375 0.706250 0.025000 0.017188
1 0.621094 0.733594 0.021875 0.012500
1 0.598437 0.736719 0.025000 0.018750
1 0.598437 0.721094 0.025000 0.018750
1 0.576562 0.739844 0.023438 0.021875
1 0.553125 0.789062 0.035937 0.020313
1 0.598437 0.585156 0.015625 0.010937
1 0.376563 0.077344 0.031250 0.018750
1 0.387500 0.096094 0.026562 0.015625
