1 0.090625 0.258594 0.128125 0.071875
1 0.434375 0.280469 0.043750 0.021875
1 0.427344 0.329688 0.045312 0.046875
1 0.480469 0.321875 0.053125 0.018750
1 0.685937 0.316406 0.034375 0.025000
1 0.704688 0.350781 0.040625 0.023438
1 0.755469 0.400000 0.026562 0.009375
1 0.650000 0.412500 0.040625 0.015625
1 0.744531 0.455469 0.029687 0.020313
1 0.592187 0.488281 0.040625 0.028125
1 0.527344 0.553125 0.050000 0.039062
1 0.550781 0.584375 0.050000 0.031250
1 0.671094 0.564844 0.031250 0.025000
1 0.605469 0.561719 0.034375 0.032813
1 0.635156 0.513281 0.031250 0.028125
1 0.732031 0.547656 0.032813 0.012500
1 0.737500 0.565625 0.028125 0.012500
1 0.775781 0.420312 0.021875 0.015625
1 0.756250 0.511719 0.032813 0.015625
1 0.775000 0.459375 0.018750 0.018750
1 0.682031 0.635156 0.034375 0.015625
1 0.725000 0.628906 0.031250 0.023438
1 0.709375 0.645312 0.034375 0.021875
1 0.460156 0.292969 0.040625 0.012500
1 0.739844 0.318750 0.026562 0.009375
1 0.699219 0.276562 0.031250 0.012500
1 0.710156 0.227344 0.026562 0.021875
1 0.712500 0.321094 0.012500 0.009375
