1 0.563281 0.208594 0.057813 0.050000
1 0.432812 0.559375 0.065625 0.060937
1 0.476562 0.500000 0.075000 0.029687
1 0.564844 0.442188 0.071875 0.028125
1 0.688281 0.377344 0.064062 0.021875
1 0.781250 0.457813 0.043750 0.037500
1 0.577344 0.682813 0.062500 0.031250
1 0.443750 0.884375 0.081250 0.062500
1 0.712500 0.817187 0.059375 0.054688
1 0.579688 0.896875 0.084375 0.035937
1 0.760156 0.912500 0.051562 0.050000
1 0.792188 0.689844 0.056250 0.037500
1 0.670312 0.728125 0.060937 0.026562
1 0.674219 0.446875 0.059375 0.026562
1 0.864844 0.564844 0.040625 0.031250
1 0.804688 0.843750 0.040625 0.043750
1 0.628906 0.926562 0.056250 0.021875
1 0.801562 0.201563 0.043750 0.037500
1 0.770312 0.050000 0.039062 0.025000
1 0.730469 0.038281 0.043750 0.045312
1 0.812500 0.034375 0.034375 0.045312
1 0.833594 0.012500 0.046875 0.021875
1 0.731250 0.817187 0.039062 0.040625
1 0.700000 0.839844 0.034375 0.054688
1 0.730469 0.811719 0.035937 0.053125
1 0.775781 0.676562 0.046875 0.012500
