1 0.128125 0.147656 0.057031 0.115625
1 0.210938 0.126562 0.040625 0.054688
1 0.237500 0.419531 0.043750 0.057031
1 0.075000 0.562500 0.055469 0.105469
1 0.196875 0.768750 0.064062 0.113281
1 0.347656 0.817969 0.042969 0.115625
1 0.340625 0.441406 0.047656 0.089844
1 0.410938 0.328906 0.057031 0.112500
1 0.457031 0.492969 0.061719 0.102344
1 0.752344 0.499219 0.075000 0.062500
1 0.710938 0.582031 0.074219 0.049219
1 0.664062 0.667188 0.060156 0.079687
1 0.594531 0.694531 0.028906 0.063281
1 0.880469 0.092969 0.073438 0.073438
1 0.795312 0.283594 0.071875 0.074219
1 0.710938 0.315625 0.034375 0.039844
1 0.828125 0.435156 0.040625 0.076563
1 0.740625 0.110156 0.063281 0.068750
1 0.569531 0.037500 0.080469 0.063281
1 0.018750 0.662500 0.035937 0.057813
1 0.186719 0.646875 0.071094 0.072656
1 0.125781 0.660937 0.060937 0.111719
1 0.009375 0.778125 0.017969 0.059375
1 0.264844 0.832812 0.070312 0.102344
1 0.418750 0.607812 0.071094 0.067969
1 0.526563 0.392969 0.053125 0.110156
1 0.568750 0.407031 0.055469 0.072656
1 0.612500 0.447656 0.032813 0.086719
1 0.932813 0.088281 0.032031 0.060937
1 0.668750 0.132031 0.069531 0.055469
1 0.982031 0.336719 0.032813 0.114844
1 0.236719 0.651563 0.032813 0.069531
1 0.089063 0.228125 0.060156 0.065625
1 0.402344 0.824219 0.028906 0.060156
1 0.775000 0.232813 0.039062 0.053125
1 0.869531 0.239063 0.043750 0.060156
1 0.475000 0.571875 0.060156 0.056250
1 0.553906 0.503125 0.053125 0.096875
1 0.518750 0.491406 0.043750 0.086719
1 0.929688 0.031250 0.034375 0.049219
1 0.544531 0.214062 0.038281 0.051562
1 0.563281 0.532813 0.046094 0.089063
