1 0.291406 0.443750 0.018750 0.050781
1 0.388281 0.449219 0.024219 0.032813
1 0.421094 0.333594 0.032031 0.042188
1 0.415625 0.689063 0.051562 0.078125
1 0.505469 0.539062 0.035937 0.066406
1 0.568750 0.557031 0.022656 0.071875
1 0.573438 0.366406 0.034375 0.047656
1 0.686719 0.471094 0.030469 0.047656
1 0.840625 0.507031 0.038281 0.051562
1 0.820312 0.385156 0.033594 0.058594
1 0.913281 0.366406 0.026562 0.042188
1 0.841406 0.339062 0.023438 0.029687
1 0.809375 0.264062 0.020313 0.031250
1 0.776563 0.248438 0.022656 0.029687
1 0.697656 0.319531 0.030469 0.046094
1 0.681250 0.275781 0.025000 0.030469
1 0.499219 0.239844 0.028125 0.028906
1 0.688281 0.860156 0.051562 0.123438
1 0.825000 0.296094 0.022656 0.041406
1 0.835156 0.298438 0.015625 0.035156
1 0.628125 0.275000 0.012500 0.035937
1 0.628125 0.309375 0.017188 0.026562
