1 0.102344 0.707812 0.053125 0.051562
1 0.205469 0.698438 0.030469 0.052344
1 0.246875 0.534375 0.033594 0.056250
1 0.650000 0.343750 0.019531 0.036719
1 0.545312 0.353906 0.030469 0.033594
1 0.578125 0.279687 0.010937 0.031250
1 0.550781 0.275781 0.011719 0.038281
1 0.520312 0.250000 0.018750 0.028125
1 0.524219 0.435937 0.032031 0.048438
1 0.523438 0.533594 0.038281 0.064844
1 0.563281 0.498437 0.024219 0.067187
1 0.384375 0.457813 0.032031 0.046875
1 0.417969 0.407031 0.035937 0.042969
1 0.338281 0.314844 0.019531 0.043750
1 0.296875 0.325781 0.021094 0.034375
1 0.310937 0.274219 0.014063 0.033594
1 0.396875 0.253125 0.012500 0.030469
1 0.423438 0.228125 0.017969 0.025000
1 0.450781 0.232813 0.019531 0.028906
1 0.457031 0.265625 0.028125 0.033594
1 0.227344 0.554688 0.015625 0.040625
1 0.653125 0.310156 0.027344 0.028906
1 0.392188 0.376563 0.021875 0.042188
1 0.263281 0.321094 0.019531 0.034375
1 0.210156 0.296875 0.013281 0.022656
1 0.653906 0.290625 0.032031 0.022656
