1 0.273438 0.759375 0.146875 0.040625
1 0.287500 0.432812 0.065625 0.025000
1 0.468750 0.549219 0.071875 0.057813
1 0.530469 0.543750 0.071875 0.056250
1 0.764844 0.203125 0.081250 0.035937
1 0.814844 0.193750 0.057813 0.046875
1 0.699219 0.571875 0.090625 0.037500
1 0.792188 0.539062 0.071875 0.050000
1 0.863281 0.425000 0.043750 0.026562
1 0.900781 0.492969 0.053125 0.018750
1 0.669531 0.661719 0.034375 0.031250
1 0.716406 0.678125 0.046875 0.021875
1 0.756250 0.647656 0.060937 0.053125
1 0.837500 0.710156 0.056250 0.054688
1 0.967187 0.489063 0.062500 0.028125
1 0.622656 0.803125 0.087500 0.028125
1 0.604688 0.719531 0.046875 0.025000
1 0.627344 0.709375 0.043750 0.026562
1 0.636719 0.689844 0.053125 0.020313
1 0.757031 0.764062 0.093750 0.034375
1 0.758594 0.746094 0.081250 0.028125
1 0.717969 0.885156 0.037500 0.032813
1 0.976562 0.786719 0.045312 0.026562
