1 0.837500 0.259375 0.062500 0.059375
1 0.660156 0.478125 0.081250 0.045312
1 0.480469 0.668750 0.131250 0.042188
1 0.572656 0.300000 0.064062 0.064062
1 0.245312 0.814844 0.150000 0.028125
1 0.579688 0.059375 0.090625 0.029687
1 0.586719 0.132031 0.089063 0.023438
1 0.932031 0.559375 0.050000 0.043750
1 0.453125 0.539844 0.121875 0.020313
1 0.678125 0.831250 0.087500 0.026562
1 0.455469 0.832031 0.095312 0.071875
1 0.553125 0.239844 0.067187 0.068750
1 0.624219 0.244531 0.032813 0.053125
1 0.586719 0.240625 0.040625 0.062500
