1 0.894531 0.736719 0.079687 0.131250
1 0.817187 0.582812 0.062500 0.103125
1 0.780469 0.390625 0.053125 0.064062
1 0.853906 0.282813 0.050000 0.056250
1 0.681250 0.303125 0.021875 0.071875
1 0.693750 0.707031 0.062500 0.126562
1 0.571094 0.797656 0.056250 0.112500
1 0.403125 0.742188 0.060937 0.093750
1 0.238281 0.567187 0.037500 0.098437
1 0.045312 0.441406 0.046875 0.084375
1 0.395313 0.397656 0.034375 0.078125
1 0.563281 0.411719 0.034375 0.093750
1 0.585156 0.547656 0.042188 0.112500
1 0.708594 0.175781 0.046875 0.048438
1 0.589063 0.214844 0.045312 0.059375
1 0.456250 0.246094 0.025000 0.056250
1 0.371094 0.185938 0.028125 0.067187
1 0.262500 0.131250 0.037500 0.053125
1 0.434375 0.096875 0.018750 0.050000
1 0.725781 0.215625 0.018750 0.032813
