1 0.560156 0.296875 0.056250 0.068750
1 0.553906 0.249219 0.050000 0.075000
1 0.425781 0.596094 0.028125 0.076563
1 0.781250 0.568750 0.050000 0.134375
1 0.893750 0.864062 0.078125 0.153125
1 0.785156 0.178125 0.028125 0.081250
1 0.856250 0.109375 0.031250 0.040625
1 0.733594 0.075781 0.025000 0.078125
1 0.753906 0.092188 0.031250 0.092188
1 0.673438 0.110937 0.021875 0.043750
1 0.658594 0.146875 0.031250 0.040625
1 0.710938 0.197656 0.028125 0.051562
1 0.682031 0.171875 0.020313 0.043750
1 0.645312 0.081250 0.056250 0.060937
1 0.704688 0.024219 0.046875 0.046875
1 0.700781 0.182031 0.028125 0.043750
1 0.579688 0.119531 0.034375 0.081250
1 0.548438 0.046094 0.048438 0.068750
1 0.249219 0.068750 0.028125 0.076563
1 0.241406 0.028906 0.046875 0.050000
1 0.438281 0.966406 0.028125 0.065625
