1 0.154688 0.911719 0.045312 0.042188
1 0.217969 0.643750 0.053125 0.046875
1 0.413281 0.822656 0.084375 0.028125
1 0.423438 0.712500 0.078125 0.051562
1 0.078906 0.534375 0.040625 0.037500
1 0.174219 0.368750 0.046875 0.046875
1 0.267969 0.384375 0.040625 0.050000
1 0.286719 0.358594 0.050000 0.056250
1 0.384375 0.359375 0.068750 0.046875
1 0.363281 0.310937 0.071875 0.031250
1 0.540625 0.394531 0.085938 0.057813
1 0.557813 0.282031 0.109375 0.057813
1 0.143750 0.210938 0.046875 0.046875
1 0.215625 0.129688 0.060937 0.043750
1 0.458594 0.103906 0.087500 0.031250
1 0.546094 0.123438 0.120313 0.034375
1 0.794531 0.110937 0.115625 0.087500
1 0.580469 0.755469 0.101562 0.031250
1 0.770312 0.803906 0.090625 0.053125
