1 0.850781 0.679688 0.125000 0.050000
1 0.840625 0.508594 0.150000 0.050000
1 0.611719 0.797656 0.087500 0.046875
1 0.540625 0.596875 0.093750 0.023438
1 0.415625 0.554688 0.078125 0.028125
1 0.325000 0.693750 0.068750 0.018750
1 0.222656 0.587500 0.054688 0.034375
1 0.154688 0.639844 0.059375 0.018750
1 0.092969 0.694531 0.053125 0.018750
1 0.084375 0.523438 0.042188 0.034375
1 0.239063 0.439844 0.068750 0.034375
1 0.331250 0.402344 0.062500 0.043750
1 0.228906 0.287500 0.050000 0.046875
1 0.503906 0.276562 0.085938 0.057813
1 0.380469 0.180469 0.065625 0.059375
1 0.891406 0.327344 0.140625 0.054688
1 0.735938 0.313281 0.118750 0.062500
1 0.409375 0.855469 0.078125 0.056250
1 0.269531 0.293750 0.046875 0.021875
