1 0.387500 0.463281 0.071875 0.059375
1 0.410938 0.344531 0.062500 0.076563
1 0.398438 0.175781 0.107813 0.062500
1 0.565625 0.288281 0.096875 0.050000
1 0.447656 0.755469 0.064062 0.065625
1 0.621094 0.804688 0.081250 0.025000
1 0.672656 0.267188 0.062500 0.050000
1 0.896094 0.238281 0.050000 0.043750
1 0.727344 0.505469 0.060937 0.037500
1 0.754687 0.635938 0.078125 0.034375
1 0.779687 0.503125 0.046875 0.028125
1 0.759375 0.345313 0.043750 0.028125
1 0.814844 0.346875 0.056250 0.026562
1 0.800000 0.328125 0.062500 0.018750
1 0.943750 0.618750 0.051562 0.021875
1 0.949219 0.450781 0.043750 0.029687
1 0.955469 0.285156 0.031250 0.034375
