1 0.479687 0.339844 0.043750 0.079687
1 0.260156 0.156250 0.056250 0.059375
1 0.300000 0.421875 0.067187 0.065625
1 0.832812 0.321094 0.031250 0.093750
1 0.834375 0.542969 0.075000 0.096875
1 0.810937 0.746094 0.037500 0.137500
1 0.667969 0.518750 0.040625 0.115625
1 0.542969 0.543750 0.021875 0.123438
1 0.060937 0.414062 0.028125 0.085938
1 0.131250 0.413281 0.026562 0.076563
1 0.249219 0.370312 0.051562 0.037500
1 0.243750 0.407031 0.062500 0.046875
1 0.241406 0.439844 0.064062 0.062500
1 0.562500 0.069531 0.037500 0.045312
