0 0.775 0.06916666666666667 0.04666666666666667 0.08
0 0.76 0.17 0.03916666666666667 0.09166666666666666
0 0.8216666666666667 0.245 0.034166666666666665 0.07
0 0.7925 0.5058333333333334 0.030833333333333334 0.07
0 0.735 0.4508333333333333 0.03666666666666667 0.0625
0 0.6733333333333333 0.5141666666666667 0.0375 0.08
0 0.6525 0.6225 0.023333333333333334 0.065
0 0.6066666666666667 0.4275 0.0275 0.12333333333333334
0 0.6091666666666666 0.73 0.034166666666666665 0.08583333333333333
0 0.49916666666666665 0.8291666666666667 0.02666666666666667 0.051666666666666666
0 0.4608333333333333 0.8 0.025833333333333333 0.09333333333333334
0 0.41 0.8658333333333333 0.04833333333333333 0.060833333333333336
0 0.3125 0.7175 0.0525 0.08