0 0.3458333333333333 0.44083333333333335 0.06166666666666667 0.060833333333333336
0 0.335 0.5233333333333333 0.06333333333333334 0.04833333333333333
0 0.42333333333333334 0.58 0.0325 0.09416666666666666
0 0.38333333333333336 0.7241666666666666 0.034166666666666665 0.08
0 0.4075 0.9241666666666667 0.03333333333333333 0.08333333333333333
0 0.5366666666666666 0.91 0.04 0.05
0 0.5333333333333333 0.7466666666666667 0.03 0.08666666666666667
0 0.6008333333333333 0.6991666666666667 0.0325 0.06666666666666667
0 0.9041666666666667 0.61 0.03166666666666667 0.08666666666666667
0 0.25416666666666665 0.755 0.04083333333333333 0.07416666666666667
0 0.20333333333333334 0.63 0.04 0.10583333333333333
0 0.095 0.6158333333333333 0.04 0.08166666666666667
0 0.05583333333333333 0.5041666666666667 0.05333333333333334 0.0725