0 0.25666666666666665 0.3575 0.03916666666666667 0.05583333333333333
0 0.3 0.43333333333333335 0.03166666666666667 0.06916666666666667
0 0.2808333333333333 0.5291666666666667 0.03916666666666667 0.07083333333333333
0 0.4 0.6233333333333333 0.024166666666666666 0.04416666666666667
0 0.375 0.6716666666666666 0.034166666666666665 0.06166666666666667
0 0.44666666666666666 0.6741666666666667 0.0325 0.065
0 0.5033333333333333 0.6658333333333334 0.0225 0.05416666666666667
0 0.5616666666666666 0.6991666666666667 0.0425 0.06166666666666667
0 0.6425 0.6875 0.0325 0.0575
0 0.6691666666666667 0.6966666666666667 0.025833333333333333 0.06166666666666667
0 0.6991666666666667 0.6433333333333333 0.0375 0.0575
0 0.7891666666666667 0.6425 0.03916666666666667 0.05583333333333333
0 0.8008333333333333 0.5116666666666667 0.025833333333333333 0.051666666666666666