0 0.7608333333333334 0.041666666666666664 0.09583333333333334 0.0825
0 0.5483333333333333 0.5541666666666667 0.07416666666666667 0.15416666666666667
0 0.6 0.6391666666666667 0.07916666666666666 0.11666666666666667
0 0.5433333333333333 0.6408333333333334 0.06666666666666667 0.0975
0 0.6583333333333333 0.0575 0.105 0.0825
0 0.5758333333333333 0.7383333333333333 0.06333333333333334 0.09583333333333334
0 0.5183333333333333 0.775 0.0625 0.13166666666666665
0 0.6408333333333334 0.14166666666666666 0.08166666666666667 0.1075
0 0.5391666666666667 0.17416666666666666 0.07166666666666667 0.15083333333333335
0 0.8475 0.185 0.07083333333333333 0.11083333333333334
0 0.7841666666666667 0.21416666666666667 0.0575 0.10166666666666667
0 0.8841666666666667 0.22083333333333333 0.06416666666666666 0.09583333333333334
0 0.7375 0.25 0.06583333333333333 0.11666666666666667
0 0.9783333333333334 0.25666666666666665 0.04 0.11666666666666667
0 0.5358333333333334 0.30083333333333334 0.0525 0.11666666666666667
0 0.485 0.31 0.0525 0.12
0 0.8375 0.03333333333333333 0.09416666666666666 0.06583333333333333
0 0.43583333333333335 0.42083333333333334 0.05 0.13916666666666666