0 0.1575 0.029166666666666667 0.03166666666666667 0.058333333333333334
0 0.08666666666666667 0.105 0.04 0.06583333333333333
0 0.105 0.3775 0.0375 0.058333333333333334
0 0.175 0.3025 0.04666666666666667 0.07583333333333334
0 0.23083333333333333 0.4008333333333333 0.04833333333333333 0.08916666666666667
0 0.24833333333333332 0.5166666666666667 0.0375 0.07416666666666667
0 0.31166666666666665 0.2733333333333333 0.034166666666666665 0.0875
0 0.2916666666666667 0.6316666666666667 0.04833333333333333 0.0775
0 0.4125 0.7383333333333333 0.034166666666666665 0.058333333333333334
0 0.4533333333333333 0.6966666666666667 0.028333333333333332 0.07166666666666667
0 0.5166666666666667 0.7808333333333334 0.043333333333333335 0.05416666666666667
0 0.6033333333333334 0.6208333333333333 0.04 0.06833333333333333