0 0.42916666666666664 0.4533333333333333 0.051666666666666666 0.07583333333333334
0 0.5375 0.51 0.035 0.085
0 0.3325 0.6808333333333333 0.03333333333333333 0.105
0 0.07833333333333334 0.6858333333333333 0.04666666666666667 0.0875
0 0.30833333333333335 0.7008333333333333 0.03666666666666667 0.085
0 0.5658333333333333 0.03166666666666667 0.051666666666666666 0.05333333333333334
0 0.22166666666666668 0.765 0.04666666666666667 0.07583333333333334
0 0.8383333333333334 0.08333333333333333 0.0425 0.07333333333333333
0 0.455 0.215 0.05583333333333333 0.0875
0 0.6558333333333334 0.2891666666666667 0.05 0.07333333333333333
0 0.74 0.011666666666666667 0.03333333333333333 0.0225
0 0.7491666666666666 0.33916666666666667 0.04666666666666667 0.085