0 0.28 0.82 0.0325 0.04833333333333333
0 0.29583333333333334 0.7333333333333333 0.023333333333333334 0.058333333333333334
0 0.24416666666666667 0.6725 0.023333333333333334 0.06
0 0.2658333333333333 0.4741666666666667 0.025 0.05583333333333333
0 0.325 0.5416666666666666 0.04 0.05583333333333333
0 0.3541666666666667 0.4658333333333333 0.03166666666666667 0.04666666666666667
0 0.41833333333333333 0.5616666666666666 0.023333333333333334 0.058333333333333334
0 0.37583333333333335 0.39166666666666666 0.03333333333333333 0.06333333333333334
0 0.4141666666666667 0.30833333333333335 0.035833333333333335 0.06166666666666667
0 0.4975 0.2225 0.02666666666666667 0.058333333333333334
0 0.5258333333333334 0.25833333333333336 0.025 0.058333333333333334
0 0.565 0.20833333333333334 0.029166666666666667 0.06333333333333334
0 0.6416666666666667 0.3225 0.0225 0.05583333333333333