0 0.14583333333333334 0.5366666666666666 0.041666666666666664 0.06833333333333333
0 0.2608333333333333 0.6591666666666667 0.043333333333333335 0.07916666666666666
0 0.3566666666666667 0.6333333333333333 0.0375 0.08916666666666667
0 0.3975 0.4558333333333333 0.041666666666666664 0.08916666666666667
0 0.4866666666666667 0.4533333333333333 0.055 0.07166666666666667
0 0.5866666666666667 0.55 0.035833333333333335 0.09083333333333334
0 0.7191666666666666 0.38416666666666666 0.045 0.07
0 0.5441666666666667 0.25 0.03166666666666667 0.09666666666666666
0 0.6658333333333334 0.10833333333333334 0.03833333333333333 0.06583333333333333
0 0.8433333333333334 0.1325 0.03 0.0925
0 0.9158333333333334 0.2725 0.035833333333333335 0.0775
0 0.8041666666666667 0.4683333333333333 0.041666666666666664 0.07583333333333334
0 0.885 0.020833333333333332 0.05583333333333333 0.041666666666666664