0 0.5633333333333334 0.024166666666666666 0.04666666666666667 0.04833333333333333
0 0.6883333333333334 0.025833333333333333 0.0425 0.051666666666666666
0 0.5408333333333334 0.105 0.058333333333333334 0.0625
0 0.42083333333333334 0.23166666666666666 0.05416666666666667 0.06583333333333333
0 0.49416666666666664 0.31583333333333335 0.04583333333333333 0.08666666666666667
0 0.36916666666666664 0.44083333333333335 0.045 0.09416666666666666
0 0.3016666666666667 0.3883333333333333 0.055 0.08333333333333333
0 0.4658333333333333 0.6216666666666667 0.055 0.0625
0 0.3925 0.7741666666666667 0.0625 0.0775
0 0.36833333333333335 0.95 0.05333333333333334 0.07333333333333333
0 0.22666666666666666 0.9791666666666666 0.0375 0.04083333333333333