0 0.32 0.9325 0.0375 0.058333333333333334
0 0.3225 0.8116666666666666 0.03 0.06833333333333333
0 0.24333333333333335 0.7733333333333333 0.0275 0.0725
0 0.31083333333333335 0.6316666666666667 0.030833333333333334 0.07
0 0.39416666666666667 0.61 0.04416666666666667 0.050833333333333335
0 0.4425 0.6966666666666667 0.04083333333333333 0.0525
0 0.49666666666666665 0.5708333333333333 0.028333333333333332 0.07416666666666667
0 0.5375 0.6358333333333334 0.02666666666666667 0.07583333333333334
0 0.4325 0.4166666666666667 0.0425 0.058333333333333334
0 0.5108333333333334 0.3641666666666667 0.0475 0.055
0 0.5525 0.2658333333333333 0.03 0.06666666666666667
0 0.6116666666666667 0.22666666666666666 0.035 0.0625
0 0.6791666666666667 0.08666666666666667 0.028333333333333332 0.07