0 0.7575 0.06166666666666667 0.04 0.060833333333333336
0 0.8216666666666667 0.13833333333333334 0.0325 0.07
0 0.7975 0.38666666666666666 0.035 0.06333333333333334
0 0.74 0.33 0.04083333333333333 0.05333333333333334
0 0.6833333333333333 0.4116666666666667 0.0425 0.0575
0 0.66 0.5116666666666667 0.03333333333333333 0.08333333333333333
0 0.6058333333333333 0.6133333333333333 0.0375 0.07583333333333334
0 0.6108333333333333 0.2875 0.03 0.08
0 0.49916666666666665 0.7141666666666666 0.023333333333333334 0.05583333333333333
0 0.465 0.6816666666666666 0.03 0.0725
0 0.4083333333333333 0.74 0.03666666666666667 0.06666666666666667
0 0.32083333333333336 0.5883333333333334 0.043333333333333335 0.07416666666666667