0 0.7591666666666667 0.26166666666666666 0.03333333333333333 0.07583333333333334
0 0.6991666666666667 0.37 0.041666666666666664 0.0575
0 0.7383333333333333 0.5341666666666667 0.0475 0.05333333333333334
0 0.4525 0.4583333333333333 0.045 0.09083333333333334
0 0.5908333333333333 0.6466666666666666 0.0475 0.07166666666666667
0 0.6275 0.7908333333333334 0.04083333333333333 0.09666666666666666
0 0.49583333333333335 0.71 0.05 0.09666666666666666
0 0.4508333333333333 0.8075 0.035 0.06
0 0.36083333333333334 0.8633333333333333 0.041666666666666664 0.08666666666666667
0 0.20666666666666667 0.835 0.023333333333333334 0.09083333333333334
0 0.16583333333333333 0.7575 0.035833333333333335 0.08
0 0.0275 0.7225 0.041666666666666664 0.08
0 0.0525 0.5033333333333333 0.0425 0.11083333333333334