0 0.18 0.5583333333333333 0.035 0.0675
0 0.2275 0.7108333333333333 0.04833333333333333 0.08
0 0.17333333333333334 0.8191666666666667 0.03916666666666667 0.06166666666666667
0 0.465 0.6275 0.04666666666666667 0.0825
0 0.3358333333333333 0.4083333333333333 0.035833333333333335 0.08833333333333333
0 0.2925 0.2708333333333333 0.035 0.08
0 0.4241666666666667 0.3641666666666667 0.03 0.07833333333333334
0 0.47 0.26166666666666666 0.056666666666666664 0.07833333333333334
0 0.5691666666666667 0.21583333333333332 0.03666666666666667 0.0825
0 0.72 0.23583333333333334 0.025833333333333333 0.0675
0 0.7616666666666667 0.32 0.03166666666666667 0.07166666666666667
0 0.8975 0.355 0.035 0.06416666666666666
0 0.8791666666666667 0.5641666666666667 0.03 0.0825