0 0.7641666666666667 0.09083333333333334 0.034166666666666665 0.08
0 0.7516666666666667 0.19416666666666665 0.034166666666666665 0.059166666666666666
0 0.8116666666666666 0.27 0.0375 0.085
0 0.7233333333333334 0.44 0.03166666666666667 0.06666666666666667
0 0.7808333333333334 0.5075 0.0325 0.08333333333333333
0 0.6775 0.5266666666666666 0.03666666666666667 0.07583333333333334
0 0.5975 0.41 0.03166666666666667 0.0725
0 0.6525 0.6208333333333333 0.04666666666666667 0.0725
0 0.6066666666666667 0.7225 0.023333333333333334 0.09416666666666666
0 0.4975 0.8208333333333333 0.034166666666666665 0.065
0 0.4608333333333333 0.7941666666666667 0.028333333333333332 0.08166666666666667
0 0.41333333333333333 0.8525 0.02 0.060833333333333336
0 0.32916666666666666 0.7216666666666667 0.05416666666666667 0.10333333333333333