0 0.8525 0.44166666666666665 0.04666666666666667 0.075
0 0.7316666666666667 0.33416666666666667 0.0475 0.07666666666666666
0 0.6458333333333334 0.37083333333333335 0.03333333333333333 0.06333333333333334
0 0.6066666666666667 0.5125 0.03916666666666667 0.09166666666666666
0 0.5183333333333333 0.5475 0.050833333333333335 0.06583333333333333
0 0.41583333333333333 0.4608333333333333 0.028333333333333332 0.07833333333333334
0 0.45916666666666667 0.765 0.03666666666666667 0.08833333333333333
0 0.29083333333333333 0.625 0.051666666666666666 0.09333333333333334
0 0.2025 0.5558333333333333 0.043333333333333335 0.07083333333333333
0 0.3466666666666667 0.8925 0.04416666666666667 0.06
0 0.16916666666666666 0.8916666666666667 0.04416666666666667 0.09166666666666666
0 0.09166666666666666 0.7475 0.051666666666666666 0.08083333333333333