0 0.9625 0.3875 0.05416666666666667 0.08916666666666667
0 0.8383333333333334 0.36583333333333334 0.0475 0.09666666666666666
0 0.7041666666666667 0.47333333333333333 0.04583333333333333 0.075
0 0.69 0.5758333333333333 0.04 0.08666666666666667
0 0.7808333333333334 0.22083333333333333 0.050833333333333335 0.08666666666666667
0 0.6433333333333333 0.2625 0.04 0.0675
0 0.6041666666666666 0.4025 0.043333333333333335 0.11833333333333333
0 0.6166666666666667 0.03833333333333333 0.035833333333333335 0.07583333333333334
0 0.47833333333333333 0.06 0.04083333333333333 0.041666666666666664
0 0.48083333333333333 0.2325 0.04083333333333333 0.09833333333333333
0 0.41 0.2733333333333333 0.03333333333333333 0.065
0 0.06833333333333333 0.4 0.03916666666666667 0.08333333333333333