0 0.9583333333333334 0.0325 0.04083333333333333 0.06333333333333334
0 0.7433333333333333 0.049166666666666664 0.03166666666666667 0.06833333333333333
0 0.7191666666666666 0.043333333333333335 0.035 0.08333333333333333
0 0.6275 0.30833333333333335 0.04666666666666667 0.06666666666666667
0 0.5225 0.2783333333333333 0.04833333333333333 0.07833333333333334
0 0.6166666666666667 0.5391666666666667 0.04666666666666667 0.08333333333333333
0 0.42 0.5091666666666667 0.05333333333333334 0.06833333333333333
0 0.335 0.4575 0.04583333333333333 0.0875
0 0.515 0.7466666666666667 0.04833333333333333 0.06833333333333333
0 0.3541666666666667 0.8166666666666667 0.045 0.07583333333333334
0 0.25166666666666665 0.7241666666666666 0.04416666666666667 0.08
0 0.3375 0.9691666666666666 0.06166666666666667 0.058333333333333334