0 0.4191666666666667 0.8741666666666666 0.04583333333333333 0.14
0 0.3466666666666667 0.7958333333333333 0.041666666666666664 0.15166666666666667
0 0.3858333333333333 0.7025 0.0625 0.13166666666666665
0 0.415 0.63 0.04583333333333333 0.09166666666666666
0 0.445 0.6041666666666666 0.04833333333333333 0.13166666666666665
0 0.49583333333333335 0.6166666666666667 0.05 0.15333333333333332
0 0.5558333333333333 0.7491666666666666 0.056666666666666664 0.16333333333333333
0 0.5983333333333334 0.6041666666666666 0.041666666666666664 0.1475
0 0.6325 0.5425 0.0525 0.1375
0 0.66 0.6358333333333334 0.05583333333333333 0.16083333333333333
0 0.6908333333333333 0.6866666666666666 0.05 0.15333333333333332
0 0.7475 0.5983333333333334 0.06416666666666666 0.17083333333333334
0 0.8033333333333333 0.6008333333333333 0.06 0.18833333333333332