0 0.7216666666666667 0.15666666666666668 0.0475 0.06916666666666667
0 0.7041666666666667 0.23333333333333334 0.024166666666666666 0.043333333333333335
0 0.7616666666666667 0.3075 0.02666666666666667 0.06
0 0.7383333333333333 0.52 0.03666666666666667 0.06166666666666667
0 0.6783333333333333 0.4475 0.0375 0.06
0 0.6458333333333334 0.5241666666666667 0.024166666666666666 0.045
0 0.625 0.6016666666666667 0.030833333333333334 0.05416666666666667
0 0.5916666666666667 0.6833333333333333 0.03916666666666667 0.06
0 0.5866666666666667 0.42916666666666664 0.029166666666666667 0.07833333333333334
0 0.5016666666666667 0.7741666666666667 0.0375 0.06166666666666667
0 0.47583333333333333 0.7441666666666666 0.028333333333333332 0.07333333333333333
0 0.43416666666666665 0.7908333333333334 0.035 0.07666666666666666
0 0.3566666666666667 0.6808333333333333 0.030833333333333334 0.07666666666666666