0 0.5416666666666666 0.1025 0.030833333333333334 0.04416666666666667
0 0.44083333333333335 0.07333333333333333 0.03 0.04666666666666667
0 0.49583333333333335 0.18916666666666668 0.03333333333333333 0.0475
0 0.5275 0.24333333333333335 0.04583333333333333 0.055
0 0.4175 0.3408333333333333 0.02666666666666667 0.07
0 0.48583333333333334 0.33916666666666667 0.035833333333333335 0.06
0 0.5083333333333333 0.44333333333333336 0.025833333333333333 0.07583333333333334
0 0.4675 0.4375 0.028333333333333332 0.0825
0 0.5025 0.5725 0.0275 0.0525
0 0.5125 0.6575 0.034166666666666665 0.049166666666666664
0 0.4716666666666667 0.7241666666666666 0.03166666666666667 0.056666666666666664
0 0.5725 0.7125 0.0325 0.06833333333333333