0 0.07666666666666666 0.6875 0.05416666666666667 0.14666666666666667
0 0.2475 0.7316666666666667 0.07333333333333333 0.07583333333333334
0 0.19583333333333333 0.8291666666666667 0.05333333333333334 0.1225
0 0.155 0.9533333333333334 0.04416666666666667 0.0925
0 0.21583333333333332 0.9541666666666667 0.03833333333333333 0.09083333333333334
0 0.30416666666666664 0.41083333333333333 0.07 0.08916666666666667
0 0.38916666666666666 0.38 0.06333333333333334 0.08
0 0.31833333333333336 0.5208333333333334 0.06833333333333333 0.07583333333333334
0 0.3566666666666667 0.52 0.059166666666666666 0.08916666666666667
0 0.41583333333333333 0.4875 0.05 0.12416666666666666
0 0.43666666666666665 0.5633333333333334 0.07333333333333333 0.07583333333333334
0 0.42583333333333334 0.645 0.050833333333333335 0.12
0 0.405 0.7775 0.06583333333333333 0.085
0 0.4691666666666667 0.6708333333333333 0.03666666666666667 0.12416666666666666
0 0.5141666666666667 0.7241666666666666 0.049166666666666664 0.11666666666666667
0 0.4725 0.7983333333333333 0.05 0.09083333333333334
0 0.485 0.8708333333333333 0.07666666666666666 0.0725
0 0.5041666666666667 0.9183333333333333 0.07166666666666667 0.051666666666666666
0 0.5108333333333334 0.9783333333333334 0.03166666666666667 0.0425