0 0.7975 0.7783333333333333 0.06166666666666667 0.08166666666666667
0 0.7475 0.6741666666666667 0.05583333333333333 0.08
0 0.7891666666666667 0.5158333333333334 0.05416666666666667 0.06833333333333333
0 0.6375 0.4141666666666667 0.041666666666666664 0.09166666666666666
0 0.68 0.27 0.03666666666666667 0.06833333333333333
0 0.5608333333333333 0.35333333333333333 0.03333333333333333 0.07833333333333334
0 0.5016666666666667 0.25 0.055 0.07166666666666667
0 0.5175 0.5808333333333333 0.0525 0.07
0 0.415 0.1975 0.045 0.10583333333333333
0 0.26666666666666666 0.2225 0.03666666666666667 0.07166666666666667
0 0.22333333333333333 0.31 0.04833333333333333 0.08
0 0.115 0.315 0.0475 0.09
0 0.11416666666666667 0.5441666666666667 0.04416666666666667 0.0875