0 0.7391666666666666 0.13666666666666666 0.03166666666666667 0.059166666666666666
0 0.725 0.235 0.03666666666666667 0.085
0 0.7816666666666666 0.30416666666666664 0.028333333333333332 0.06833333333333333
0 0.7566666666666667 0.5175 0.035 0.07583333333333334
0 0.6933333333333334 0.445 0.035 0.07583333333333334
0 0.6558333333333334 0.5233333333333333 0.04083333333333333 0.0775
0 0.6316666666666667 0.6116666666666667 0.04 0.0725
0 0.5891666666666666 0.7033333333333334 0.025 0.06333333333333334
0 0.5908333333333333 0.42083333333333334 0.03166666666666667 0.060833333333333336
0 0.5016666666666667 0.8008333333333333 0.0425 0.060833333333333336
0 0.465 0.7716666666666666 0.03 0.059166666666666666
0 0.42833333333333334 0.8208333333333333 0.04 0.065
0 0.3425 0.6866666666666666 0.045 0.0775