0 0.32083333333333336 0.9441666666666667 0.03333333333333333 0.07083333333333333
0 0.4083333333333333 0.9375 0.04 0.07666666666666666
0 0.3566666666666667 0.7575 0.03833333333333333 0.08916666666666667
0 0.43833333333333335 0.6916666666666667 0.0375 0.050833333333333335
0 0.5016666666666667 0.7475 0.04666666666666667 0.056666666666666664
0 0.5333333333333333 0.5775 0.03666666666666667 0.06916666666666667
0 0.585 0.6291666666666667 0.030833333333333334 0.0825
0 0.44166666666666665 0.4708333333333333 0.04666666666666667 0.058333333333333334
0 0.51 0.37333333333333335 0.043333333333333335 0.0525
0 0.5333333333333333 0.24583333333333332 0.034166666666666665 0.06916666666666667
0 0.5808333333333333 0.1725 0.025 0.07666666666666666
0 0.6175 0.009166666666666667 0.03916666666666667 0.016666666666666666