0 0.3933333333333333 0.49083333333333334 0.035833333333333335 0.115
0 0.49583333333333335 0.31 0.055 0.11333333333333333
0 0.665 0.2866666666666667 0.07416666666666667 0.1075
0 0.5375 0.28 0.03333333333333333 0.10166666666666667
0 0.5408333333333334 0.9275 0.0625 0.08916666666666667
0 0.7983333333333333 0.8991666666666667 0.060833333333333336 0.085
0 0.24833333333333332 0.7583333333333333 0.0425 0.1175
0 0.7441666666666666 0.7575 0.0575 0.115
0 0.6383333333333333 0.7516666666666667 0.06416666666666666 0.08166666666666667
0 0.8375 0.6833333333333333 0.06666666666666667 0.08916666666666667
0 0.38916666666666666 0.6816666666666666 0.06833333333333333 0.08916666666666667
0 0.69 0.6775 0.04666666666666667 0.10416666666666667
0 0.9758333333333333 0.6758333333333333 0.045 0.11166666666666666
0 0.24416666666666667 0.6533333333333333 0.041666666666666664 0.0925
0 0.435 0.5591666666666667 0.049166666666666664 0.12083333333333333