0 0.2275 0.7566666666666667 0.045 0.06333333333333334
0 0.26416666666666666 0.6625 0.049166666666666664 0.09666666666666666
0 0.23166666666666666 0.5133333333333333 0.0325 0.0575
0 0.37666666666666665 0.4141666666666667 0.035 0.059166666666666666
0 0.33666666666666667 0.285 0.03333333333333333 0.08166666666666667
0 0.49333333333333335 0.5791666666666667 0.04083333333333333 0.06666666666666667
0 0.45416666666666666 0.355 0.041666666666666664 0.08166666666666667
0 0.5041666666666667 0.26416666666666666 0.034166666666666665 0.07
0 0.5833333333333334 0.22 0.03666666666666667 0.08166666666666667
0 0.72 0.23666666666666666 0.02666666666666667 0.06666666666666667
0 0.7558333333333334 0.31166666666666665 0.03333333333333333 0.06833333333333333
0 0.8625 0.3275 0.03833333333333333 0.07
0 0.86 0.5366666666666666 0.035 0.06666666666666667