0 0.8133333333333334 0.46166666666666667 0.041666666666666664 0.0825
0 0.7041666666666667 0.6166666666666667 0.04416666666666667 0.09666666666666666
0 0.6025 0.6141666666666666 0.04416666666666667 0.08916666666666667
0 0.5341666666666667 0.39916666666666667 0.05333333333333334 0.08666666666666667
0 0.44666666666666666 0.4683333333333333 0.04583333333333333 0.085
0 0.3516666666666667 0.5916666666666667 0.029166666666666667 0.085
0 0.3625 0.2775 0.03666666666666667 0.115
0 0.22416666666666665 0.165 0.05 0.085
0 0.19916666666666666 0.45666666666666667 0.035 0.10916666666666666
0 0.1075 0.5791666666666667 0.03666666666666667 0.115
0 0.03333333333333333 0.235 0.04666666666666667 0.08666666666666667