0 0.7608333333333334 0.07333333333333333 0.0425 0.05583333333333333
0 0.7466666666666667 0.1775 0.03 0.07416666666666667
0 0.8125 0.26416666666666666 0.035 0.0775
0 0.7233333333333334 0.4508333333333333 0.04 0.065
0 0.7808333333333334 0.5125 0.03333333333333333 0.07416666666666667
0 0.6725 0.5241666666666667 0.034166666666666665 0.0425
0 0.5966666666666667 0.41333333333333333 0.03833333333333333 0.07583333333333334
0 0.6533333333333333 0.6125 0.035 0.1
0 0.61 0.7283333333333334 0.0425 0.09833333333333333
0 0.49666666666666665 0.8375 0.028333333333333332 0.08333333333333333
0 0.46416666666666667 0.8058333333333333 0.03166666666666667 0.065
0 0.4025 0.8516666666666667 0.03166666666666667 0.07
0 0.32083333333333336 0.7125 0.0375 0.0775