0 0.1625 0.2891666666666667 0.07 0.08333333333333333
0 0.29333333333333333 0.44166666666666665 0.06416666666666666 0.09583333333333334
0 0.37916666666666665 0.39916666666666667 0.0525 0.12
0 0.3858333333333333 0.6075 0.060833333333333336 0.11
0 0.49083333333333334 0.30666666666666664 0.04 0.10583333333333333
0 0.5225 0.3283333333333333 0.051666666666666666 0.1
0 0.5516666666666666 0.7033333333333334 0.051666666666666666 0.08583333333333333
0 0.6225 0.8725 0.04 0.1425
0 0.6941666666666667 0.6166666666666667 0.0525 0.10416666666666667
0 0.7416666666666667 0.6041666666666666 0.055 0.12583333333333332
0 0.7758333333333334 0.6283333333333333 0.04 0.10583333333333333
0 0.8241666666666667 0.8641666666666666 0.06166666666666667 0.175
0 0.9191666666666667 0.5641666666666667 0.043333333333333335 0.12416666666666666
0 0.9616666666666667 0.49833333333333335 0.04 0.11416666666666667
0 0.9816666666666667 0.5508333333333333 0.035833333333333335 0.06166666666666667