0 0.9591666666666666 0.5475 0.04583333333333333 0.058333333333333334
0 0.915 0.42583333333333334 0.045 0.08333333333333333
0 0.7891666666666667 0.41 0.03833333333333333 0.09333333333333334
0 0.6675 0.5108333333333334 0.035833333333333335 0.08166666666666667
0 0.6441666666666667 0.605 0.035833333333333335 0.08
0 0.7291666666666666 0.26916666666666667 0.03916666666666667 0.09166666666666666
0 0.5991666666666666 0.30833333333333335 0.03916666666666667 0.04666666666666667
0 0.56 0.43916666666666665 0.045 0.10083333333333333
0 0.5733333333333334 0.07833333333333334 0.045 0.08
0 0.44 0.1 0.04 0.06416666666666666
0 0.4425 0.2658333333333333 0.045 0.08916666666666667
0 0.37583333333333335 0.31833333333333336 0.03833333333333333 0.0775
0 0.0425 0.42833333333333334 0.0425 0.08333333333333333