0 0.8391666666666666 0.9733333333333334 0.041666666666666664 0.05
0 0.91 0.91 0.035 0.0625
0 0.83 0.7125 0.045 0.056666666666666664
0 0.885 0.6466666666666666 0.041666666666666664 0.07166666666666667
0 0.7725 0.6266666666666667 0.035 0.0625
0 0.7475 0.5133333333333333 0.03833333333333333 0.07
0 0.6866666666666666 0.7458333333333333 0.03166666666666667 0.07
0 0.7016666666666667 0.39916666666666667 0.0425 0.09083333333333334
0 0.5925 0.28833333333333333 0.034166666666666665 0.0775
0 0.5541666666666667 0.32166666666666666 0.030833333333333334 0.07583333333333334
0 0.49583333333333335 0.25166666666666665 0.043333333333333335 0.07583333333333334
0 0.4058333333333333 0.4066666666666667 0.041666666666666664 0.08666666666666667