0 0.21166666666666667 0.925 0.035 0.07083333333333333
0 0.14083333333333334 0.8491666666666666 0.04 0.06916666666666667
0 0.175 0.585 0.043333333333333335 0.07833333333333334
0 0.23166666666666666 0.6525 0.04 0.08833333333333333
0 0.29083333333333333 0.56 0.03833333333333333 0.08416666666666667
0 0.31833333333333336 0.4533333333333333 0.034166666666666665 0.1025
0 0.37 0.34 0.04083333333333333 0.08083333333333333
0 0.37166666666666665 0.6916666666666667 0.04 0.1
0 0.48333333333333334 0.24833333333333332 0.028333333333333332 0.07666666666666666
0 0.5225 0.2841666666666667 0.02666666666666667 0.0625
0 0.5783333333333334 0.2175 0.03333333333333333 0.06666666666666667
0 0.6583333333333333 0.365 0.04083333333333333 0.09