0 0.5783333333333334 0.9425 0.03333333333333333 0.060833333333333336
0 0.4658333333333333 0.7325 0.04 0.08083333333333333
0 0.5716666666666667 0.6958333333333333 0.04 0.07666666666666666
0 0.5191666666666667 0.6025 0.045 0.05
0 0.5508333333333333 0.5475 0.04583333333333333 0.0575
0 0.43666666666666665 0.42833333333333334 0.045 0.08
0 0.5091666666666667 0.44416666666666665 0.0475 0.0725
0 0.4875 0.3283333333333333 0.041666666666666664 0.09416666666666666
0 0.5325 0.3233333333333333 0.04416666666666667 0.095
0 0.5225 0.1925 0.04583333333333333 0.07833333333333334
0 0.5358333333333334 0.10166666666666667 0.045 0.07833333333333334
0 0.49166666666666664 0.029166666666666667 0.0475 0.0575
0 0.6075 0.05 0.0375 0.07083333333333333