0 0.19083333333333333 0.02 0.055 0.03833333333333333
0 0.25833333333333336 0.10833333333333334 0.05583333333333333 0.051666666666666666
0 0.22166666666666668 0.26916666666666667 0.051666666666666666 0.0725
0 0.37583333333333335 0.3983333333333333 0.04666666666666667 0.0875
0 0.3441666666666667 0.5108333333333334 0.034166666666666665 0.07583333333333334
0 0.4658333333333333 0.45166666666666666 0.034166666666666665 0.08333333333333333
0 0.505 0.5133333333333333 0.03 0.07833333333333334
0 0.5675 0.34 0.056666666666666664 0.0625
0 0.5875 0.5666666666666667 0.04833333333333333 0.08583333333333333
0 0.7316666666666667 0.5483333333333333 0.035 0.09166666666666666
0 0.7766666666666666 0.4666666666666667 0.04833333333333333 0.060833333333333336
0 0.8983333333333333 0.4525 0.0425 0.07416666666666667
0 0.9033333333333333 0.25583333333333336 0.03916666666666667 0.09166666666666666