0 0.3408333333333333 0.7116666666666667 0.028333333333333332 0.07416666666666667
0 0.38083333333333336 0.5875 0.043333333333333335 0.07416666666666667
0 0.24583333333333332 0.4683333333333333 0.03916666666666667 0.06
0 0.2925 0.3358333333333333 0.04666666666666667 0.06833333333333333
0 0.2525 0.22 0.0525 0.0975
0 0.515 0.43 0.0425 0.07
0 0.45916666666666667 0.6466666666666666 0.04 0.08333333333333333
0 0.5083333333333333 0.725 0.035 0.10083333333333333
0 0.5791666666666667 0.8066666666666666 0.035833333333333335 0.08166666666666667
0 0.7241666666666666 0.7991666666666667 0.028333333333333332 0.08166666666666667
0 0.7633333333333333 0.7216666666666667 0.03916666666666667 0.105
0 0.8566666666666667 0.7366666666666667 0.0425 0.05416666666666667
0 0.8725 0.5233333333333333 0.03916666666666667 0.10083333333333333
0 0.715 0.4625 0.0033333333333333335 0.0016666666666666668