0 0.22 0.7425 0.03666666666666667 0.04583333333333333
0 0.23 0.6558333333333334 0.029166666666666667 0.051666666666666666
0 0.17916666666666667 0.5991666666666666 0.023333333333333334 0.0475
0 0.2575 0.46416666666666667 0.029166666666666667 0.055
0 0.20333333333333334 0.39666666666666667 0.03166666666666667 0.049166666666666664
0 0.295 0.385 0.029166666666666667 0.060833333333333336
0 0.3541666666666667 0.47583333333333333 0.019166666666666665 0.060833333333333336
0 0.315 0.2991666666666667 0.041666666666666664 0.060833333333333336
0 0.35083333333333333 0.21583333333333332 0.029166666666666667 0.07583333333333334
0 0.43916666666666665 0.14083333333333334 0.023333333333333334 0.06666666666666667
0 0.46416666666666667 0.1525 0.034166666666666665 0.0625
0 0.5058333333333334 0.1225 0.019166666666666665 0.06833333333333333
0 0.5783333333333334 0.2275 0.029166666666666667 0.06833333333333333