0 0.21333333333333335 0.3125 0.05333333333333334 0.06333333333333334
0 0.2891666666666667 0.48833333333333334 0.04 0.0775
0 0.38 0.5341666666666667 0.04083333333333333 0.08666666666666667
0 0.5333333333333333 0.49916666666666665 0.0425 0.0775
0 0.5216666666666666 0.3375 0.04666666666666667 0.08666666666666667
0 0.6425 0.37583333333333335 0.03666666666666667 0.10333333333333333
0 0.6025 0.6591666666666667 0.03833333333333333 0.0925
0 0.7616666666666667 0.5633333333333334 0.02666666666666667 0.06833333333333333
0 0.7791666666666667 0.3566666666666667 0.034166666666666665 0.08166666666666667
0 0.8191666666666667 0.7975 0.04666666666666667 0.09666666666666666
0 0.9666666666666667 0.6983333333333334 0.04083333333333333 0.07583333333333334
0 0.9408333333333333 0.5075 0.04 0.10166666666666667