0 0.24333333333333335 0.7725 0.0475 0.0675
0 0.29333333333333333 0.6716666666666666 0.049166666666666664 0.07916666666666666
0 0.23583333333333334 0.5275 0.04416666666666667 0.08333333333333333
0 0.38333333333333336 0.4025 0.04 0.0925
0 0.3425 0.265 0.030833333333333334 0.08333333333333333
0 0.4658333333333333 0.3383333333333333 0.035833333333333335 0.075
0 0.5183333333333333 0.5675 0.04083333333333333 0.08666666666666667
0 0.515 0.24916666666666668 0.04 0.08666666666666667
0 0.5933333333333334 0.1725 0.035833333333333335 0.08333333333333333
0 0.7433333333333333 0.175 0.025833333333333333 0.08916666666666667
0 0.7841666666666667 0.2575 0.03666666666666667 0.09833333333333333
0 0.885 0.2525 0.04083333333333333 0.07666666666666666
0 0.8983333333333333 0.4625 0.043333333333333335 0.08333333333333333