0 0.6675 0.23416666666666666 0.028333333333333332 0.049166666666666664
0 0.68 0.30416666666666664 0.02666666666666667 0.045
0 0.63 0.3616666666666667 0.024166666666666666 0.05333333333333334
0 0.6658333333333334 0.5241666666666667 0.024166666666666666 0.056666666666666664
0 0.7116666666666667 0.4791666666666667 0.02666666666666667 0.056666666666666664
0 0.7716666666666666 0.36583333333333334 0.028333333333333332 0.05333333333333334
0 0.8241666666666667 0.4558333333333333 0.03166666666666667 0.05333333333333334
0 0.7741666666666667 0.6141666666666666 0.02666666666666667 0.0625
0 0.8233333333333334 0.6008333333333333 0.04416666666666667 0.056666666666666664
0 0.8841666666666667 0.73 0.0225 0.050833333333333335
0 0.8658333333333333 0.7766666666666666 0.024166666666666666 0.043333333333333335
0 0.9183333333333333 0.77 0.028333333333333332 0.05333333333333334
0 0.9775 0.73 0.041666666666666664 0.043333333333333335