0 0.86 0.4375 0.04666666666666667 0.075
0 0.74 0.33 0.0475 0.07666666666666666
0 0.6541666666666667 0.36666666666666664 0.03333333333333333 0.06333333333333334
0 0.6141666666666666 0.5083333333333333 0.03916666666666667 0.09166666666666666
0 0.5266666666666666 0.5433333333333333 0.050833333333333335 0.06583333333333333
0 0.4241666666666667 0.45666666666666667 0.028333333333333332 0.07833333333333334
0 0.4675 0.7608333333333334 0.03666666666666667 0.08833333333333333
0 0.29833333333333334 0.6208333333333333 0.051666666666666666 0.09333333333333334
0 0.21 0.5516666666666666 0.043333333333333335 0.07083333333333333
0 0.355 0.8883333333333333 0.04416666666666667 0.06
0 0.1775 0.8875 0.04416666666666667 0.09166666666666666
0 0.1 0.7433333333333333 0.051666666666666666 0.08083333333333333