0 0.8133333333333334 0.9675 0.07333333333333333 0.06166666666666667
0 0.7625 0.89 0.07083333333333333 0.07583333333333334
0 0.6758333333333333 0.8125 0.05416666666666667 0.1575
0 0.64 0.795 0.045 0.13333333333333333
0 0.5641666666666667 0.8391666666666666 0.06166666666666667 0.1425
0 0.44083333333333335 0.95 0.07916666666666666 0.09916666666666667
0 0.39666666666666667 0.755 0.060833333333333336 0.12583333333333332
0 0.39666666666666667 0.5008333333333334 0.06333333333333334 0.13916666666666666
0 0.5116666666666667 0.49416666666666664 0.060833333333333336 0.11
0 0.5866666666666667 0.5016666666666667 0.08333333333333333 0.12166666666666667
0 0.5166666666666667 0.3641666666666667 0.05583333333333333 0.1275
0 0.63 0.4041666666666667 0.07166666666666667 0.1125
0 0.6733333333333333 0.3016666666666667 0.07416666666666667 0.08583333333333333
0 0.6 0.20833333333333334 0.065 0.08583333333333333
0 0.5516666666666666 0.22166666666666668 0.05416666666666667 0.1275
0 0.6358333333333334 0.1525 0.07166666666666667 0.08333333333333333
0 0.6608333333333334 0.05583333333333333 0.07833333333333334 0.10833333333333334
0 0.7758333333333334 0.3725 0.06333333333333334 0.08
0 0.8316666666666667 0.5133333333333333 0.08666666666666667 0.08
0 0.7275 0.5666666666666667 0.08083333333333333 0.0875
0 0.7716666666666666 0.6325 0.06333333333333334 0.08583333333333333
0 0.7775 0.7208333333333333 0.07416666666666667 0.05333333333333334