0 0.0925 0.1825 0.0425 0.08416666666666667
0 0.165 0.3125 0.045 0.10083333333333333
0 0.3125 0.3575 0.04416666666666667 0.0975
0 0.4483333333333333 0.20333333333333334 0.05333333333333334 0.04666666666666667
0 0.4475 0.10916666666666666 0.04666666666666667 0.06333333333333334
0 0.3641666666666667 0.4975 0.050833333333333335 0.095
0 0.5241666666666667 0.46166666666666667 0.0475 0.08416666666666667
0 0.5675 0.2891666666666667 0.0475 0.10666666666666667
0 0.5558333333333333 0.7008333333333333 0.051666666666666666 0.1025
0 0.7158333333333333 0.6758333333333333 0.0525 0.05583333333333333
0 0.7066666666666667 0.475 0.04 0.09166666666666666
0 0.79 0.4191666666666667 0.04416666666666667 0.0825
0 0.0325 0.06666666666666667 0.055 0.06916666666666667