0 0.025 0.3308333333333333 0.041666666666666664 0.07583333333333334
0 0.09 0.3925 0.03833333333333333 0.051666666666666666
0 0.135 0.49 0.041666666666666664 0.06166666666666667
0 0.23083333333333333 0.5166666666666667 0.03916666666666667 0.08666666666666667
0 0.3283333333333333 0.44416666666666665 0.03833333333333333 0.0675
0 0.34833333333333333 0.3616666666666667 0.035833333333333335 0.0475
0 0.27 0.6258333333333334 0.03333333333333333 0.06166666666666667
0 0.38333333333333336 0.5958333333333333 0.03666666666666667 0.06416666666666666
0 0.4091666666666667 0.49833333333333335 0.0325 0.07833333333333334
0 0.39666666666666667 0.7741666666666667 0.0325 0.07416666666666667
0 0.5091666666666667 0.77 0.04083333333333333 0.0575
0 0.49916666666666665 0.6283333333333333 0.035 0.07
0 0.5616666666666666 0.5908333333333333 0.03916666666666667 0.0825
0 0.8241666666666667 0.49333333333333335 0.03166666666666667 0.06