0 0.33416666666666667 0.27416666666666667 0.034166666666666665 0.09083333333333334
0 0.37 0.4075 0.03333333333333333 0.08333333333333333
0 0.22833333333333333 0.5216666666666666 0.05416666666666667 0.06666666666666667
0 0.2758333333333333 0.6558333333333334 0.049166666666666664 0.08
0 0.2275 0.7566666666666667 0.0425 0.059166666666666666
0 0.5 0.5825 0.034166666666666665 0.08166666666666667
0 0.44916666666666666 0.3525 0.041666666666666664 0.065
0 0.5058333333333334 0.2625 0.035 0.06666666666666667
0 0.5833333333333334 0.21416666666666667 0.049166666666666664 0.06666666666666667
0 0.72 0.235 0.03333333333333333 0.085
0 0.765 0.32166666666666666 0.03666666666666667 0.0775
0 0.86 0.32083333333333336 0.0375 0.0575
0 0.8666666666666667 0.5325 0.049166666666666664 0.06333333333333334