0 0.0925 0.7275 0.045 0.08
0 0.23583333333333334 0.8083333333333333 0.04833333333333333 0.08416666666666667
0 0.3275 0.755 0.041666666666666664 0.08416666666666667
0 0.35083333333333333 0.7083333333333334 0.05 0.095
0 0.45666666666666667 0.5033333333333333 0.065 0.08833333333333333
0 0.5716666666666667 0.5758333333333333 0.03833333333333333 0.0925
0 0.49083333333333334 0.26 0.03833333333333333 0.1025
0 0.7 0.3591666666666667 0.04833333333333333 0.08
0 0.7858333333333334 0.4083333333333333 0.0475 0.09083333333333334
0 0.605 0.07583333333333334 0.05333333333333334 0.06416666666666666
0 0.7891666666666667 0.04 0.059166666666666666 0.07916666666666666
0 0.8891666666666667 0.14833333333333334 0.051666666666666666 0.07416666666666667