0 0.4375 0.015 0.03833333333333333 0.03
0 0.48583333333333334 0.09333333333333334 0.03916666666666667 0.0475
0 0.4658333333333333 0.145 0.03666666666666667 0.0475
0 0.5808333333333333 0.23916666666666667 0.029166666666666667 0.08166666666666667
0 0.4975 0.245 0.0375 0.06916666666666667
0 0.5116666666666667 0.36833333333333335 0.03333333333333333 0.0675
0 0.4725 0.39 0.035 0.08916666666666667
0 0.48333333333333334 0.5141666666666667 0.03916666666666667 0.08916666666666667
0 0.4666666666666667 0.6041666666666666 0.0425 0.0825
0 0.5133333333333333 0.6825 0.034166666666666665 0.085
0 0.4033333333333333 0.6658333333333334 0.03916666666666667 0.07916666666666666