0 0.0825 0.9241666666666667 0.025 0.07
0 0.17 0.5633333333333334 0.029166666666666667 0.06583333333333333
0 0.18333333333333332 0.4691666666666667 0.023333333333333334 0.06416666666666666
0 0.1275 0.3983333333333333 0.025833333333333333 0.0625
0 0.15333333333333332 0.2025 0.03166666666666667 0.06
0 0.215 0.26666666666666666 0.035 0.056666666666666664
0 0.2475 0.17833333333333334 0.03166666666666667 0.0625
0 0.3125 0.2825 0.021666666666666667 0.07166666666666667
0 0.2675 0.11083333333333334 0.0325 0.05416666666666667
0 0.305 0.025 0.02666666666666667 0.04666666666666667
0 0.5316666666666666 0.030833333333333334 0.03666666666666667 0.058333333333333334