0 0.21583333333333332 0.40166666666666667 0.035 0.08166666666666667
0 0.31 0.5591666666666667 0.05416666666666667 0.10583333333333333
0 0.4066666666666667 0.5641666666666667 0.041666666666666664 0.07333333333333333
0 0.48083333333333333 0.37583333333333335 0.035833333333333335 0.09416666666666666
0 0.5558333333333333 0.455 0.04583333333333333 0.08916666666666667
0 0.6433333333333333 0.5791666666666667 0.04583333333333333 0.07333333333333333
0 0.7958333333333333 0.4625 0.0375 0.11916666666666667
0 0.6508333333333334 0.2833333333333333 0.04583333333333333 0.11
0 0.7816666666666666 0.195 0.04 0.07166666666666667
0 0.955 0.275 0.035833333333333335 0.08916666666666667
0 0.8683333333333333 0.6083333333333333 0.030833333333333334 0.09833333333333333
0 0.9916666666666667 0.45166666666666666 0.013333333333333334 0.09666666666666666