0 0.29583333333333334 0.5058333333333334 0.065 0.06916666666666667
0 0.27416666666666667 0.4083333333333333 0.043333333333333335 0.060833333333333336
0 0.3775 0.3408333333333333 0.021666666666666667 0.08583333333333333
0 0.32666666666666666 0.1925 0.035833333333333335 0.060833333333333336
0 0.49833333333333335 0.009166666666666667 0.03833333333333333 0.016666666666666666
0 0.4925 0.17916666666666667 0.03333333333333333 0.07083333333333333
0 0.5708333333333333 0.22083333333333333 0.034166666666666665 0.06916666666666667
0 0.9041666666666667 0.3333333333333333 0.03333333333333333 0.08333333333333333
0 0.1925 0.1675 0.035833333333333335 0.07333333333333333
0 0.1375 0.30416666666666664 0.034166666666666665 0.10583333333333333
0 0.0175 0.32083333333333336 0.035 0.085