0 0.4708333333333333 0.14416666666666667 0.043333333333333335 0.0825
0 0.5758333333333333 0.3525 0.045 0.0875
0 0.47583333333333333 0.395 0.0425 0.06666666666666667
0 0.5241666666666667 0.475 0.056666666666666664 0.050833333333333335
0 0.49 0.5391666666666667 0.045 0.060833333333333336
0 0.6016666666666667 0.65 0.051666666666666666 0.058333333333333334
0 0.5308333333333334 0.6325 0.045 0.06833333333333333
0 0.5525 0.7375 0.03 0.060833333333333336
0 0.505 0.7458333333333333 0.03333333333333333 0.0825
0 0.5183333333333333 0.8775 0.03166666666666667 0.07333333333333333
0 0.5075 0.9575 0.043333333333333335 0.04583333333333333
0 0.4475 0.9908333333333333 0.04 0.0175