0 0.21083333333333334 0.8475 0.05416666666666667 0.06583333333333333
0 0.3908333333333333 0.7008333333333333 0.041666666666666664 0.07416666666666667
0 0.355 0.5641666666666667 0.045 0.0925
0 0.49166666666666664 0.6216666666666667 0.051666666666666666 0.08416666666666667
0 0.6016666666666667 0.8008333333333333 0.05333333333333334 0.0925
0 0.5466666666666666 0.56 0.04083333333333333 0.08833333333333333
0 0.6408333333333334 0.5016666666666667 0.05333333333333334 0.10666666666666667
0 0.8008333333333333 0.5166666666666667 0.03 0.08
0 0.8516666666666667 0.6083333333333333 0.04666666666666667 0.06166666666666667
0 0.9858333333333333 0.63 0.025 0.07333333333333333
0 0.9783333333333334 0.8858333333333334 0.0425 0.0725