0 0.46166666666666667 0.12833333333333333 0.03 0.04666666666666667
0 0.5591666666666667 0.09666666666666666 0.03666666666666667 0.05
0 0.49916666666666665 0.20583333333333334 0.04 0.05333333333333334
0 0.47833333333333333 0.2683333333333333 0.035833333333333335 0.03916666666666667
0 0.5791666666666667 0.3625 0.028333333333333332 0.0575
0 0.5141666666666667 0.35583333333333333 0.03833333333333333 0.06833333333333333
0 0.53 0.4625 0.023333333333333334 0.06666666666666667
0 0.49083333333333334 0.4741666666666667 0.03 0.065
0 0.49833333333333335 0.5983333333333334 0.0325 0.059166666666666666
0 0.4875 0.6791666666666667 0.04083333333333333 0.055
0 0.5291666666666667 0.755 0.03166666666666667 0.07833333333333334
0 0.42833333333333334 0.7325 0.0375 0.0625