0 0.9741666666666666 0.56 0.0425 0.049166666666666664
0 0.9225 0.43833333333333335 0.04666666666666667 0.10666666666666667
0 0.7925 0.4066666666666667 0.0575 0.105
0 0.66 0.5133333333333333 0.05333333333333334 0.08
0 0.6416666666666667 0.6225 0.035833333333333335 0.07583333333333334
0 0.74 0.2725 0.0475 0.08416666666666667
0 0.595 0.31666666666666665 0.04833333333333333 0.07416666666666667
0 0.5466666666666666 0.44 0.0475 0.12333333333333334
0 0.5708333333333333 0.0775 0.0575 0.105
0 0.4266666666666667 0.10083333333333333 0.045 0.09083333333333334
0 0.43416666666666665 0.2733333333333333 0.04416666666666667 0.09083333333333334
0 0.36 0.32416666666666666 0.04833333333333333 0.10083333333333333
0 0.020833333333333332 0.43916666666666665 0.03833333333333333 0.10833333333333334