0 0.8716666666666667 0.9633333333333334 0.07666666666666666 0.0725
0 0.8175 0.8766666666666667 0.07583333333333334 0.08166666666666667
0 0.7241666666666666 0.7941666666666667 0.058333333333333334 0.16916666666666666
0 0.6858333333333333 0.775 0.04833333333333333 0.1425
0 0.605 0.8233333333333334 0.06666666666666667 0.1525
0 0.47333333333333333 0.9433333333333334 0.08666666666666667 0.11
0 0.42583333333333334 0.7325 0.065 0.13416666666666666
0 0.42583333333333334 0.4608333333333333 0.0675 0.14833333333333334
0 0.5491666666666667 0.4533333333333333 0.065 0.11833333333333333
0 0.6291666666666667 0.46166666666666667 0.08916666666666667 0.13
0 0.555 0.31416666666666665 0.059166666666666666 0.13666666666666666
0 0.675 0.3566666666666667 0.07666666666666666 0.12
0 0.7225 0.2475 0.07916666666666666 0.09166666666666666
0 0.6433333333333333 0.1475 0.07 0.09166666666666666
0 0.5916666666666667 0.16166666666666665 0.058333333333333334 0.13666666666666666
0 0.6825 0.0875 0.07666666666666666 0.08916666666666667
0 0.7091666666666666 0.021666666666666667 0.0825 0.0425
0 0.8316666666666667 0.3233333333333333 0.0675 0.08583333333333333
0 0.8916666666666667 0.4741666666666667 0.0925 0.08583333333333333
0 0.78 0.5308333333333334 0.08666666666666667 0.09333333333333334
0 0.8275 0.6008333333333333 0.0675 0.09166666666666666
0 0.8333333333333334 0.6958333333333333 0.07916666666666666 0.056666666666666664