0 0.1325 0.33666666666666667 0.03333333333333333 0.051666666666666666
0 0.18666666666666668 0.3958333333333333 0.03333333333333333 0.04833333333333333
0 0.22166666666666668 0.4691666666666667 0.025833333333333333 0.0575
0 0.30416666666666664 0.4925 0.03166666666666667 0.06333333333333334
0 0.39166666666666666 0.43416666666666665 0.035 0.03916666666666667
0 0.4041666666666667 0.3575 0.03333333333333333 0.0425
0 0.3416666666666667 0.5933333333333334 0.03166666666666667 0.060833333333333336
0 0.4375 0.5658333333333333 0.020833333333333332 0.05583333333333333
0 0.4633333333333333 0.4766666666666667 0.024166666666666666 0.0725
0 0.45166666666666666 0.72 0.024166666666666666 0.05583333333333333
0 0.5441666666666667 0.7091666666666666 0.03 0.05583333333333333
0 0.5383333333333333 0.5866666666666667 0.024166666666666666 0.04416666666666667
0 0.5908333333333333 0.5541666666666667 0.029166666666666667 0.05
0 0.8166666666666667 0.4633333333333333 0.020833333333333332 0.060833333333333336