0 0.4 0.31333333333333335 0.03666666666666667 0.05416666666666667
0 0.39 0.39166666666666666 0.04833333333333333 0.05416666666666667
0 0.3283333333333333 0.5808333333333333 0.03333333333333333 0.0675
0 0.28833333333333333 0.4816666666666667 0.024166666666666666 0.05583333333333333
0 0.19666666666666666 0.43916666666666665 0.0375 0.04833333333333333
0 0.15166666666666667 0.35583333333333333 0.0325 0.05416666666666667
0 0.0925 0.285 0.034166666666666665 0.059166666666666666
0 0.46416666666666667 0.43666666666666665 0.028333333333333332 0.06333333333333334
0 0.4375 0.5516666666666666 0.03333333333333333 0.06166666666666667
0 0.45416666666666666 0.7216666666666667 0.04 0.0675
0 0.56 0.7058333333333333 0.04083333333333333 0.04416666666666667
0 0.5516666666666666 0.5641666666666667 0.03 0.075
0 0.6125 0.5491666666666667 0.035833333333333335 0.06916666666666667
0 0.8766666666666667 0.4425 0.043333333333333335 0.07083333333333333
0 0.1475 0.47583333333333333 0 0.020833333333333332