0 0.11666666666666667 0.78 0.0525 0.1075
0 0.155 0.7941666666666667 0.05416666666666667 0.115
0 0.22916666666666666 0.7633333333333333 0.0625 0.0975
0 0.21833333333333332 0.8533333333333334 0.07583333333333334 0.14083333333333334
0 0.16666666666666666 0.9558333333333333 0.07 0.085
0 0.2325 0.9675 0.08166666666666667 0.06166666666666667
0 0.31583333333333335 0.9433333333333334 0.09333333333333334 0.0625
0 0.31833333333333336 0.9925 0.07333333333333333 0.011666666666666667
0 0.3675 0.8475 0.07833333333333334 0.10166666666666667
0 0.44916666666666666 0.8183333333333334 0.09416666666666666 0.0625
0 0.5333333333333333 0.7458333333333333 0.0525 0.16416666666666666
0 0.4766666666666667 0.6741666666666667 0.06166666666666667 0.1325
0 0.59 0.6091666666666666 0.04416666666666667 0.14833333333333334
0 0.465 0.4525 0.0575 0.16583333333333333
0 0.475 0.31666666666666665 0.08583333333333333 0.1175
0 0.42333333333333334 0.25583333333333336 0.07 0.09333333333333334
0 0.4925 0.1975 0.050833333333333335 0.1525
0 0.21666666666666667 0.3025 0.07916666666666666 0.08166666666666667