0 0.29333333333333333 0.32916666666666666 0.05333333333333334 0.059166666666666666
0 0.2758333333333333 0.44416666666666665 0.060833333333333336 0.065
0 0.3908333333333333 0.5216666666666666 0.03166666666666667 0.09333333333333334
0 0.3383333333333333 0.6858333333333333 0.041666666666666664 0.08333333333333333
0 0.375 0.9308333333333333 0.049166666666666664 0.09916666666666667
0 0.5275 0.915 0.0425 0.051666666666666666
0 0.5258333333333334 0.7208333333333333 0.03916666666666667 0.08583333333333333
0 0.6066666666666667 0.6641666666666667 0.03833333333333333 0.08166666666666667
0 0.1875 0.7275 0.03666666666666667 0.08
0 0.12916666666666668 0.5791666666666667 0.0425 0.1025
0 0.9816666666666667 0.5233333333333333 0.03333333333333333 0.08666666666666667