0 0.455 0.3433333333333333 0.03833333333333333 0.05416666666666667
0 0.41583333333333333 0.53 0.035 0.07916666666666666
0 0.54 0.37166666666666665 0.049166666666666664 0.095
0 0.5716666666666667 0.31166666666666665 0.0275 0.075
0 0.6966666666666667 0.3358333333333333 0.0475 0.10833333333333334
0 0.7666666666666667 0.4275 0.03916666666666667 0.09083333333333334
0 0.7475 0.675 0.03333333333333333 0.05583333333333333
0 0.8041666666666667 0.5066666666666667 0.04 0.095
0 0.8725 0.5625 0.041666666666666664 0.09833333333333333
0 0.9208333333333333 0.4625 0.04583333333333333 0.08333333333333333
0 0.9383333333333334 0.8141666666666667 0.03666666666666667 0.08333333333333333
0 0.9858333333333333 0.6875 0.025 0.10166666666666667
0 0.9666666666666667 0.9258333333333333 0.04416666666666667 0.07916666666666666