0 0.41333333333333333 0.4725 0.085 0.14583333333333334
0 0.6258333333333334 0.785 0.0775 0.20416666666666666
0 0.5325 0.8991666666666667 0.08916666666666667 0.14916666666666667
0 0.5 0.9633333333333334 0.09416666666666666 0.0725
0 0.3883333333333333 0.9783333333333334 0.09333333333333334 0.04
0 0.2991666666666667 0.9666666666666667 0.06833333333333333 0.06333333333333334
0 0.04 0.6775 0.0675 0.16666666666666666
0 0.034166666666666665 0.8541666666666666 0.0675 0.11083333333333334
0 0.7808333333333334 0.8508333333333333 0.09833333333333333 0.19583333333333333
0 0.8808333333333334 0.885 0.09166666666666666 0.1825
0 0.9616666666666667 0.8591666666666666 0.07583333333333334 0.1675
0 0.8733333333333333 0.7025 0.13 0.19833333333333333
0 0.9541666666666667 0.44583333333333336 0.09083333333333334 0.2683333333333333