0 0.6475 0.6375 0.0375 0.09833333333333333
0 0.6116666666666667 0.5233333333333333 0.028333333333333332 0.06916666666666667
0 0.7458333333333333 0.41083333333333333 0.02666666666666667 0.0675
0 0.6958333333333333 0.27 0.04666666666666667 0.0825
0 0.7425 0.17166666666666666 0.04666666666666667 0.06916666666666667
0 0.48083333333333333 0.38416666666666666 0.04083333333333333 0.075
0 0.5358333333333334 0.58 0.03 0.06333333333333334
0 0.49166666666666664 0.6658333333333334 0.04083333333333333 0.08666666666666667
0 0.41 0.7508333333333334 0.03 0.10583333333333333
0 0.2783333333333333 0.7308333333333333 0.04 0.06166666666666667
0 0.23666666666666666 0.6675 0.03166666666666667 0.08083333333333333
0 0.1425 0.6833333333333333 0.0325 0.051666666666666666
0 0.1275 0.47 0.035833333333333335 0.09