0 0.010833333333333334 0.965 0.018333333333333333 0.06666666666666667
0 0.085 0.7533333333333333 0.04833333333333333 0.06166666666666667
0 0.025833333333333333 0.6808333333333333 0.045 0.07833333333333334
0 0.14833333333333334 0.6591666666666667 0.03833333333333333 0.0675
0 0.17583333333333334 0.5358333333333334 0.041666666666666664 0.07583333333333334
0 0.24166666666666667 0.7891666666666667 0.035 0.07583333333333334
0 0.225 0.4116666666666667 0.04666666666666667 0.09916666666666667
0 0.345 0.29083333333333333 0.03666666666666667 0.08416666666666667
0 0.3858333333333333 0.3275 0.03333333333333333 0.0825
0 0.44916666666666666 0.25083333333333335 0.0475 0.0825
0 0.5475 0.42 0.045 0.095