0 0.9208333333333333 0.0325 0.035833333333333335 0.065
0 0.9 0.30416666666666664 0.04 0.06666666666666667
0 0.8325 0.24333333333333335 0.04666666666666667 0.075
0 0.7775 0.34 0.0375 0.0625
0 0.7483333333333333 0.4575 0.0375 0.0825
0 0.7 0.5841666666666666 0.035 0.08916666666666667
0 0.6841666666666667 0.20666666666666667 0.04 0.075
0 0.5775 0.6883333333333334 0.0275 0.075
0 0.5325 0.6641666666666667 0.03333333333333333 0.08666666666666667
0 0.47333333333333333 0.7308333333333333 0.043333333333333335 0.058333333333333334
0 0.38 0.575 0.03333333333333333 0.075