0 0.785 0.9766666666666667 0.03333333333333333 0.043333333333333335
0 0.7658333333333334 0.8916666666666667 0.029166666666666667 0.07
0 0.8333333333333334 0.7975 0.041666666666666664 0.0875
0 0.8025 0.535 0.04583333333333333 0.0875
0 0.7416666666666667 0.615 0.03166666666666667 0.06833333333333333
0 0.695 0.5333333333333333 0.04833333333333333 0.06833333333333333
0 0.6625 0.4375 0.06 0.08166666666666667
0 0.6091666666666666 0.6433333333333333 0.029166666666666667 0.1025
0 0.6158333333333333 0.32416666666666666 0.0425 0.095
0 0.5 0.225 0.034166666666666665 0.060833333333333336
0 0.46416666666666667 0.25583333333333336 0.035 0.07583333333333334
0 0.41083333333333333 0.19666666666666666 0.0275 0.065
0 0.3283333333333333 0.34 0.0525 0.09666666666666666