0 0.20833333333333334 0.9008333333333334 0.049166666666666664 0.08416666666666667
0 0.22333333333333333 0.795 0.041666666666666664 0.09583333333333334
0 0.15833333333333333 0.7158333333333333 0.035833333333333335 0.07416666666666667
0 0.19 0.44166666666666665 0.0325 0.07416666666666667
0 0.25 0.5 0.03833333333333333 0.06583333333333333
0 0.31416666666666665 0.43333333333333335 0.03916666666666667 0.08416666666666667
0 0.3358333333333333 0.31916666666666665 0.025 0.06833333333333333
0 0.38416666666666666 0.5241666666666667 0.029166666666666667 0.13
0 0.3825 0.20666666666666667 0.035833333333333335 0.09
0 0.4975 0.1025 0.028333333333333332 0.05416666666666667
0 0.5383333333333333 0.1325 0.02666666666666667 0.0975
0 0.5916666666666667 0.06333333333333334 0.050833333333333335 0.06416666666666666
0 0.6941666666666667 0.21916666666666668 0.055 0.08416666666666667