0 0.8091666666666667 0.19333333333333333 0.08666666666666667 0.145
0 0.855 0.4075 0.10166666666666667 0.18666666666666668
0 0.6683333333333333 0.30833333333333335 0.1025 0.16083333333333333
0 0.5741666666666667 0.335 0.1075 0.17916666666666667
0 0.6875 0.7925 0.0925 0.17666666666666667
0 0.47 0.5175 0.07833333333333334 0.225
0 0.3616666666666667 0.71 0.11083333333333334 0.17666666666666667
0 0.30416666666666664 0.37166666666666665 0.105 0.16666666666666666
0 0.20333333333333334 0.36833333333333335 0.09833333333333333 0.17666666666666667
0 0.1225 0.4125 0.10833333333333334 0.19333333333333333
0 0.03166666666666667 0.7691666666666667 0.06 0.175
0 0.10166666666666667 0.8966666666666666 0.12916666666666668 0.18916666666666668