0 0.08166666666666667 0.9433333333333334 0.029166666666666667 0.06916666666666667
0 0.10083333333333333 0.6691666666666667 0.03 0.065
0 0.16583333333333333 0.7383333333333333 0.043333333333333335 0.060833333333333336
0 0.22166666666666668 0.64 0.0375 0.060833333333333336
0 0.245 0.5275 0.0375 0.065
0 0.2941666666666667 0.41083333333333333 0.03666666666666667 0.06916666666666667
0 0.31 0.7691666666666667 0.030833333333333334 0.08666666666666667
0 0.41333333333333333 0.2991666666666667 0.02666666666666667 0.07083333333333333
0 0.4558333333333333 0.3258333333333333 0.030833333333333334 0.07666666666666666
0 0.52 0.2575 0.04083333333333333 0.059166666666666666
0 0.6016666666666667 0.41333333333333333 0.04 0.08333333333333333