0 0.12666666666666668 0.4 0.0425 0.08666666666666667
0 0.25416666666666665 0.30416666666666664 0.05 0.075
0 0.345 0.355 0.03916666666666667 0.09583333333333334
0 0.37166666666666665 0.44416666666666665 0.03666666666666667 0.125
0 0.4741666666666667 0.5625 0.05333333333333334 0.07333333333333333
0 0.575 0.4791666666666667 0.03916666666666667 0.08666666666666667
0 0.5158333333333334 0.7666666666666667 0.04416666666666667 0.11333333333333333
0 0.6258333333333334 0.94 0.0425 0.06333333333333334
0 0.6983333333333334 0.6633333333333333 0.0425 0.09833333333333333
0 0.785 0.5941666666666666 0.03166666666666667 0.09833333333333333
0 0.8925 0.825 0.045 0.09416666666666666
0 0.8075 0.9541666666666667 0.04666666666666667 0.08833333333333333