0 0.2525 0.115 0.04416666666666667 0.0575
0 0.2633333333333333 0.2275 0.035833333333333335 0.065
0 0.20333333333333334 0.3 0.03666666666666667 0.0725
0 0.23 0.535 0.0375 0.0725
0 0.29583333333333334 0.4533333333333333 0.043333333333333335 0.08416666666666667
0 0.3283333333333333 0.5508333333333333 0.0475 0.0875
0 0.35833333333333334 0.6216666666666667 0.0375 0.041666666666666664
0 0.4041666666666667 0.44916666666666666 0.041666666666666664 0.10666666666666667
0 0.4058333333333333 0.7175 0.03666666666666667 0.09
0 0.5091666666666667 0.8408333333333333 0.0375 0.06916666666666667
0 0.5416666666666666 0.8 0.04583333333333333 0.0825
0 0.5941666666666666 0.8491666666666666 0.04 0.06666666666666667
0 0.6758333333333333 0.7233333333333334 0.04416666666666667 0.07833333333333334