0 0.8225 0.17666666666666667 0.049166666666666664 0.06916666666666667
0 0.7708333333333334 0.2791666666666667 0.05 0.08083333333333333
0 0.83 0.4275 0.04583333333333333 0.085
0 0.6791666666666667 0.5558333333333333 0.04083333333333333 0.095
0 0.7208333333333333 0.6958333333333333 0.03166666666666667 0.085
0 0.595 0.6216666666666667 0.03666666666666667 0.07666666666666666
0 0.5408333333333334 0.38666666666666666 0.041666666666666664 0.08916666666666667
0 0.545 0.7125 0.04083333333333333 0.08916666666666667
0 0.46416666666666667 0.7908333333333334 0.03666666666666667 0.085
0 0.31166666666666665 0.7883333333333333 0.025833333333333333 0.09083333333333334
0 0.26916666666666667 0.7041666666666667 0.0375 0.10083333333333333
0 0.16583333333333333 0.7091666666666666 0.041666666666666664 0.07916666666666666
0 0.15166666666666667 0.49416666666666664 0.04416666666666667 0.085