0 0.535 0.0925 0.035833333333333335 0.0525
0 0.43666666666666665 0.06166666666666667 0.034166666666666665 0.055
0 0.4891666666666667 0.18083333333333335 0.03666666666666667 0.045
0 0.5083333333333333 0.23 0.035 0.045
0 0.39916666666666667 0.31916666666666665 0.0275 0.0775
0 0.47833333333333333 0.325 0.035833333333333335 0.06583333333333333
0 0.46416666666666667 0.4425 0.03166666666666667 0.06416666666666666
0 0.5016666666666667 0.4625 0.03333333333333333 0.08416666666666667
0 0.49166666666666664 0.58 0.03666666666666667 0.08416666666666667
0 0.5075 0.6658333333333334 0.04 0.07833333333333334
0 0.4625 0.74 0.0325 0.08083333333333333
0 0.5675 0.7241666666666666 0.03666666666666667 0.075