0 0.47833333333333333 0.06916666666666667 0.03166666666666667 0.049166666666666664
0 0.5808333333333333 0.03 0.04 0.050833333333333335
0 0.5233333333333333 0.1425 0.04416666666666667 0.0525
0 0.5041666666666667 0.21 0.0575 0.0525
0 0.6075 0.285 0.03 0.08666666666666667
0 0.5366666666666666 0.30333333333333334 0.04 0.06416666666666666
0 0.5141666666666667 0.4225 0.0275 0.08083333333333333
0 0.5541666666666667 0.41833333333333333 0.035833333333333335 0.08666666666666667
0 0.5183333333333333 0.55 0.035833333333333335 0.075
0 0.5108333333333334 0.6416666666666667 0.03916666666666667 0.056666666666666664
0 0.5491666666666667 0.715 0.0425 0.06
0 0.445 0.6991666666666667 0.035833333333333335 0.06583333333333333