0 0.195 0.7716666666666666 0.043333333333333335 0.059166666666666666
0 0.24833333333333332 0.6683333333333333 0.03333333333333333 0.06666666666666667
0 0.20333333333333334 0.5075 0.0375 0.0575
0 0.3566666666666667 0.37083333333333335 0.0325 0.05
0 0.45166666666666666 0.31166666666666665 0.034166666666666665 0.06833333333333333
0 0.5208333333333334 0.5016666666666667 0.035 0.07416666666666667
0 0.49416666666666664 0.2275 0.03333333333333333 0.08166666666666667
0 0.3233333333333333 0.245 0.0425 0.08
0 0.5825 0.17666666666666667 0.035 0.08333333333333333
0 0.74 0.2025 0.04 0.08666666666666667
0 0.7783333333333333 0.28583333333333333 0.041666666666666664 0.0725
0 0.9133333333333333 0.31333333333333335 0.050833333333333335 0.060833333333333336
0 0.8883333333333333 0.5275 0.03666666666666667 0.0775