0 0.14666666666666667 0.9716666666666667 0.03 0.05333333333333334
0 0.08 0.9 0.03166666666666667 0.06833333333333333
0 0.09916666666666667 0.6325 0.034166666666666665 0.07333333333333333
0 0.16166666666666665 0.6975 0.04 0.06416666666666666
0 0.21416666666666667 0.5991666666666666 0.03916666666666667 0.056666666666666664
0 0.23583333333333334 0.48333333333333334 0.041666666666666664 0.1
0 0.2791666666666667 0.3825 0.04 0.08166666666666667
0 0.2975 0.7316666666666667 0.0225 0.07916666666666666
0 0.395 0.2733333333333333 0.035 0.06583333333333333
0 0.43 0.3 0.0225 0.07333333333333333
0 0.4891666666666667 0.24583333333333332 0.0425 0.06416666666666666
0 0.5841666666666666 0.3983333333333333 0.045 0.0775