0 0.6316666666666667 0.17416666666666666 0.03 0.050833333333333335
0 0.64 0.2633333333333333 0.03 0.056666666666666664
0 0.5841666666666666 0.3283333333333333 0.025 0.04083333333333333
0 0.6283333333333333 0.48333333333333334 0.0225 0.055
0 0.6808333333333333 0.4483333333333333 0.0425 0.0525
0 0.7475 0.31 0.025 0.04083333333333333
0 0.7958333333333333 0.4266666666666667 0.02666666666666667 0.06333333333333334
0 0.7391666666666666 0.5916666666666667 0.034166666666666665 0.059166666666666666
0 0.7958333333333333 0.5733333333333334 0.04083333333333333 0.04666666666666667
0 0.8641666666666666 0.7208333333333333 0.03166666666666667 0.04083333333333333
0 0.8466666666666667 0.7675 0.035833333333333335 0.049166666666666664
0 0.9016666666666666 0.7683333333333333 0.030833333333333334 0.0675
0 0.975 0.7266666666666667 0.03916666666666667 0.065