0 0.4708333333333333 0.51 0.0325 0.058333333333333334
0 0.5175 0.7016666666666667 0.035833333333333335 0.05583333333333333
0 0.5916666666666667 0.6766666666666666 0.030833333333333334 0.0675
0 0.6291666666666667 0.7358333333333333 0.0275 0.05416666666666667
0 0.7641666666666667 0.7158333333333333 0.03666666666666667 0.0525
0 0.8241666666666667 0.6275 0.043333333333333335 0.06916666666666667
0 0.8658333333333333 0.5383333333333333 0.03666666666666667 0.06583333333333333
0 0.805 0.36083333333333334 0.04583333333333333 0.0775
0 0.9358333333333333 0.4875 0.03333333333333333 0.0525
0 0.9766666666666667 0.5825 0.04583333333333333 0.09083333333333334
0 0.985 0.21916666666666668 0.02666666666666667 0.075