0 0.11916666666666667 0.6541666666666667 0.0325 0.0525
0 0.17 0.5941666666666666 0.028333333333333332 0.05583333333333333
0 0.215 0.515 0.03666666666666667 0.07916666666666666
0 0.29833333333333334 0.485 0.0275 0.06166666666666667
0 0.34 0.39916666666666667 0.030833333333333334 0.07166666666666667
0 0.3875 0.5525 0.024166666666666666 0.085
0 0.41 0.6241666666666666 0.043333333333333335 0.05416666666666667
0 0.465 0.5091666666666667 0.0225 0.0675
0 0.435 0.4141666666666667 0.035 0.07166666666666667
0 0.4583333333333333 0.25083333333333335 0.04 0.0775
0 0.5566666666666666 0.25583333333333336 0.0275 0.05583333333333333
0 0.5525 0.39166666666666666 0.03666666666666667 0.075
0 0.615 0.41 0.03916666666666667 0.08083333333333333
0 0.8491666666666666 0.5091666666666667 0.025833333333333333 0.06