0 0.75 0.08166666666666667 0.025833333333333333 0.06166666666666667
0 0.8208333333333333 0.16833333333333333 0.025833333333333333 0.05583333333333333
0 0.7866666666666666 0.43083333333333335 0.035833333333333335 0.058333333333333334
0 0.7241666666666666 0.36916666666666664 0.05416666666666667 0.05416666666666667
0 0.6675 0.4533333333333333 0.02666666666666667 0.05416666666666667
0 0.6391666666666667 0.5541666666666667 0.04416666666666667 0.06833333333333333
0 0.595 0.6725 0.04416666666666667 0.08583333333333333
0 0.5858333333333333 0.315 0.041666666666666664 0.058333333333333334
0 0.4775 0.78 0.035833333333333335 0.08
0 0.43333333333333335 0.7375 0.0325 0.05583333333333333
0 0.37916666666666665 0.805 0.03666666666666667 0.07416666666666667
0 0.29333333333333333 0.6575 0.049166666666666664 0.08416666666666667