0 0.7183333333333334 0.5233333333333333 0.04416666666666667 0.08916666666666667
0 0.68 0.32666666666666666 0.04666666666666667 0.09083333333333334
0 0.6033333333333334 0.35583333333333333 0.0475 0.07166666666666667
0 0.5558333333333333 0.2991666666666667 0.03833333333333333 0.05416666666666667
0 0.42583333333333334 0.3075 0.04666666666666667 0.095
0 0.36333333333333334 0.4083333333333333 0.0475 0.07916666666666666
0 0.325 0.4841666666666667 0.03916666666666667 0.06916666666666667
0 0.3858333333333333 0.6591666666666667 0.030833333333333334 0.07166666666666667
0 0.25666666666666665 0.5375 0.043333333333333335 0.08666666666666667
0 0.2075 0.42 0.025 0.07916666666666666
0 0.13416666666666666 0.6808333333333333 0.05 0.075
0 0.18666666666666668 0.7925 0.0425 0.09833333333333333
0 0.15583333333333332 0.9041666666666667 0.05416666666666667 0.0775