0 0.8208333333333333 0.0175 0.051666666666666666 0.035
0 0.8066666666666666 0.11666666666666667 0.03 0.07416666666666667
0 0.8725 0.205 0.035833333333333335 0.07166666666666667
0 0.8408333333333333 0.4766666666666667 0.03333333333333333 0.07166666666666667
0 0.7825 0.4058333333333333 0.045 0.06166666666666667
0 0.7225 0.49333333333333335 0.03666666666666667 0.06416666666666666
0 0.6975 0.6158333333333333 0.035833333333333335 0.08583333333333333
0 0.65 0.71 0.04083333333333333 0.07416666666666667
0 0.6491666666666667 0.37 0.02666666666666667 0.08583333333333333
0 0.5366666666666666 0.8183333333333334 0.04083333333333333 0.06833333333333333
0 0.5016666666666667 0.785 0.03166666666666667 0.07583333333333334
0 0.44333333333333336 0.85 0.0475 0.06583333333333333
0 0.3475 0.6991666666666667 0.04833333333333333 0.08416666666666667