0 0.0775 0.29 0.041666666666666664 0.08916666666666667
0 0.22 0.21 0.049166666666666664 0.07916666666666666
0 0.2966666666666667 0.285 0.024166666666666666 0.10666666666666667
0 0.3233333333333333 0.295 0.025 0.11416666666666667
0 0.42 0.525 0.06 0.07916666666666666
0 0.5191666666666667 0.475 0.0325 0.07333333333333333
0 0.44166666666666665 0.7516666666666667 0.049166666666666664 0.08083333333333333
0 0.6308333333333334 0.685 0.05333333333333334 0.07166666666666667
0 0.7216666666666667 0.6441666666666667 0.04 0.10666666666666667
0 0.5433333333333333 0.9433333333333334 0.0525 0.06916666666666667
0 0.7141666666666666 0.9783333333333334 0.041666666666666664 0.04
0 0.8058333333333333 0.88 0.0475 0.11