0 0.36333333333333334 0.485 0.0425 0.10083333333333333
0 0.34 0.7275 0.060833333333333336 0.08333333333333333
0 0.45166666666666666 0.7583333333333333 0.0425 0.07916666666666666
0 0.5591666666666667 0.5283333333333333 0.05333333333333334 0.08333333333333333
0 0.6541666666666667 0.5575 0.03666666666666667 0.08333333333333333
0 0.45166666666666666 0.2775 0.050833333333333335 0.075
0 0.6258333333333334 0.19916666666666666 0.04583333333333333 0.06916666666666667
0 0.7225 0.2925 0.05333333333333334 0.08666666666666667
0 0.6508333333333334 0.03833333333333333 0.049166666666666664 0.07583333333333334
0 0.22916666666666666 0.9791666666666666 0.03166666666666667 0.04083333333333333
0 0.25166666666666665 0.9925 0.0225 0.014166666666666666
0 0.019166666666666665 0.9791666666666666 0.03833333333333333 0.03833333333333333