0 0.2875 0.9275 0.03833333333333333 0.055
0 0.255 0.8258333333333333 0.034166666666666665 0.055
0 0.4008333333333333 0.7016666666666667 0.025 0.0625
0 0.37416666666666665 0.6275 0.030833333333333334 0.043333333333333335
0 0.5158333333333334 0.64 0.030833333333333334 0.060833333333333336
0 0.4508333333333333 0.5566666666666666 0.034166666666666665 0.0625
0 0.5716666666666667 0.6058333333333333 0.035 0.07833333333333334
0 0.6866666666666666 0.5925 0.030833333333333334 0.065
0 0.7133333333333334 0.605 0.0175 0.045
0 0.735 0.6641666666666667 0.024166666666666666 0.0475
0 0.85 0.8166666666666667 0.028333333333333332 0.03333333333333333
0 0.8558333333333333 0.6433333333333333 0.030833333333333334 0.055