0 0.24583333333333332 0.030833333333333334 0.056666666666666664 0.06
0 0.20833333333333334 0.17833333333333334 0.041666666666666664 0.056666666666666664
0 0.36833333333333335 0.3175 0.03916666666666667 0.08
0 0.33666666666666667 0.435 0.035 0.07583333333333334
0 0.45166666666666666 0.38 0.04083333333333333 0.08
0 0.5541666666666667 0.25583333333333336 0.05583333333333333 0.08916666666666667
0 0.5008333333333334 0.445 0.034166666666666665 0.06833333333333333
0 0.5875 0.4891666666666667 0.04083333333333333 0.08583333333333333
0 0.73 0.475 0.035 0.08
0 0.7766666666666666 0.38916666666666666 0.056666666666666664 0.051666666666666666
0 0.9025 0.37333333333333335 0.03666666666666667 0.07833333333333334
0 0.9016666666666666 0.15833333333333333 0.045 0.08916666666666667