0 0.07416666666666667 0.0525 0.0475 0.10416666666666667
0 0.14583333333333334 0.1675 0.05333333333333334 0.0725
0 0.21 0.30583333333333335 0.06333333333333334 0.1125
0 0.37583333333333335 0.3425 0.043333333333333335 0.09666666666666666
0 0.435 0.5108333333333334 0.041666666666666664 0.09666666666666666
0 0.5366666666666666 0.21666666666666667 0.0575 0.0825
0 0.495 0.10166666666666667 0.0625 0.09833333333333333
0 0.6591666666666667 0.2841666666666667 0.03833333333333333 0.10083333333333333
0 0.61 0.485 0.03833333333333333 0.10083333333333333
0 0.635 0.745 0.04416666666666667 0.10666666666666667
0 0.8183333333333334 0.7141666666666666 0.06333333333333334 0.06833333333333333
0 0.8075 0.49916666666666665 0.04833333333333333 0.10083333333333333
0 0.905 0.45666666666666667 0.04833333333333333 0.1125