0 0.24083333333333334 0.2175 0.0325 0.07416666666666667
0 0.3 0.3233333333333333 0.04083333333333333 0.056666666666666664
0 0.26166666666666666 0.4841666666666667 0.04666666666666667 0.0525
0 0.54 0.4091666666666667 0.04416666666666667 0.08833333333333333
0 0.4058333333333333 0.5933333333333334 0.04666666666666667 0.07
0 0.37 0.7341666666666666 0.03916666666666667 0.09416666666666666
0 0.49833333333333335 0.6558333333333334 0.04833333333333333 0.09416666666666666
0 0.5425 0.75 0.034166666666666665 0.058333333333333334
0 0.63 0.8058333333333333 0.04083333333333333 0.08416666666666667
0 0.7808333333333334 0.7775 0.0225 0.08833333333333333
0 0.8208333333333333 0.7016666666666667 0.035 0.07833333333333334
0 0.9558333333333333 0.6675 0.04083333333333333 0.07833333333333334
0 0.9316666666666666 0.45416666666666666 0.041666666666666664 0.10833333333333334