0 0.855 0.03 0.04083333333333333 0.06
0 0.9233333333333333 0.1025 0.03 0.07416666666666667
0 0.9041666666666667 0.36833333333333335 0.035 0.051666666666666666
0 0.8383333333333334 0.30583333333333335 0.04416666666666667 0.055
0 0.7858333333333334 0.39666666666666667 0.03833333333333333 0.0625
0 0.7566666666666667 0.495 0.03666666666666667 0.06833333333333333
0 0.6966666666666667 0.2675 0.029166666666666667 0.0625
0 0.7158333333333333 0.6208333333333333 0.03166666666666667 0.07833333333333334
0 0.6 0.715 0.02666666666666667 0.05333333333333334
0 0.5575 0.69 0.03833333333333333 0.06666666666666667
0 0.49916666666666665 0.7608333333333334 0.041666666666666664 0.065
0 0.4116666666666667 0.6058333333333333 0.029166666666666667 0.07