0 0.34 0.19833333333333333 0.0325 0.05
0 0.3325 0.2816666666666667 0.03333333333333333 0.0425
0 0.385 0.3408333333333333 0.034166666666666665 0.04666666666666667
0 0.3441666666666667 0.49916666666666665 0.021666666666666667 0.05583333333333333
0 0.29583333333333334 0.465 0.034166666666666665 0.0425
0 0.235 0.3433333333333333 0.034166666666666665 0.05333333333333334
0 0.18083333333333335 0.4483333333333333 0.03666666666666667 0.05333333333333334
0 0.23583333333333334 0.6025 0.029166666666666667 0.05333333333333334
0 0.1825 0.5866666666666667 0.029166666666666667 0.04833333333333333
0 0.11833333333333333 0.7208333333333333 0.023333333333333334 0.035
0 0.1325 0.7658333333333334 0.02666666666666667 0.04083333333333333
0 0.08416666666666667 0.7783333333333333 0.034166666666666665 0.05333333333333334
0 0.010833333333333334 0.7266666666666667 0.020833333333333332 0.056666666666666664