0 0.8175 0.085 0.04 0.08333333333333333
0 0.7566666666666667 0.195 0.0425 0.08333333333333333
0 0.795 0.3516666666666667 0.03916666666666667 0.07583333333333334
0 0.6425 0.51 0.034166666666666665 0.05333333333333334
0 0.6766666666666666 0.625 0.043333333333333335 0.085
0 0.5516666666666666 0.5516666666666666 0.0375 0.07916666666666666
0 0.46166666666666667 0.4 0.04 0.07
0 0.5033333333333333 0.6241666666666666 0.03333333333333333 0.060833333333333336
0 0.41083333333333333 0.6766666666666666 0.03916666666666667 0.07916666666666666
0 0.265 0.6675 0.035 0.07583333333333334
0 0.22083333333333333 0.5766666666666667 0.041666666666666664 0.06416666666666666
0 0.08666666666666667 0.5508333333333333 0.041666666666666664 0.058333333333333334
0 0.09666666666666666 0.3325 0.0425 0.08333333333333333