0 0.3825 0.024166666666666666 0.049166666666666664 0.0475
0 0.37333333333333335 0.14 0.04416666666666667 0.07916666666666666
0 0.2916666666666667 0.1575 0.0325 0.0675
0 0.3433333333333333 0.3125 0.035833333333333335 0.07666666666666666
0 0.4225 0.3566666666666667 0.043333333333333335 0.04583333333333333
0 0.4775 0.2875 0.04416666666666667 0.04583333333333333
0 0.5208333333333334 0.43666666666666665 0.03166666666666667 0.06916666666666667
0 0.5625 0.38333333333333336 0.0375 0.06916666666666667
0 0.44333333333333336 0.5675 0.04083333333333333 0.05416666666666667
0 0.5108333333333334 0.6425 0.04416666666666667 0.05416666666666667
0 0.5533333333333333 0.7458333333333333 0.05333333333333334 0.0675
0 0.5941666666666666 0.8008333333333333 0.03666666666666667 0.06333333333333334
0 0.645 0.965 0.03833333333333333 0.06833333333333333