0 0.22833333333333333 0.4075 0.03333333333333333 0.0725
0 0.265 0.5108333333333334 0.041666666666666664 0.0775
0 0.335 0.4691666666666667 0.041666666666666664 0.05
0 0.3825 0.3933333333333333 0.0375 0.06833333333333333
0 0.44 0.32083333333333336 0.025833333333333333 0.06833333333333333
0 0.38083333333333336 0.6608333333333334 0.04083333333333333 0.07
0 0.14833333333333334 0.6341666666666667 0.043333333333333335 0.07583333333333334
0 0.1875 0.7425 0.03333333333333333 0.07416666666666667
0 0.15416666666666667 0.8458333333333333 0.06583333333333333 0.05583333333333333
0 0.5691666666666667 0.33166666666666667 0.025833333333333333 0.0725
0 0.6016666666666667 0.38416666666666666 0.04 0.08
0 0.695 0.38083333333333336 0.04 0.06666666666666667
0 0.71 0.5658333333333333 0.0375 0.07