0 0.785 0.9758333333333333 0.03333333333333333 0.045
0 0.765 0.89 0.029166666666666667 0.07083333333333333
0 0.8325 0.795 0.041666666666666664 0.0875
0 0.8008333333333333 0.5316666666666666 0.04583333333333333 0.0875
0 0.7408333333333333 0.6116666666666667 0.0325 0.06916666666666667
0 0.6933333333333334 0.53 0.04833333333333333 0.06916666666666667
0 0.6608333333333334 0.43333333333333335 0.06 0.0825
0 0.6066666666666667 0.64 0.029166666666666667 0.10333333333333333
0 0.6133333333333333 0.31916666666666665 0.043333333333333335 0.09583333333333334
0 0.4975 0.22 0.034166666666666665 0.060833333333333336
0 0.46166666666666667 0.25083333333333335 0.035833333333333335 0.07666666666666666
0 0.4075 0.19166666666666668 0.028333333333333332 0.065
0 0.325 0.3358333333333333 0.0525 0.0975