0 0.8625 0.9733333333333334 0.03166666666666667 0.05
0 0.9316666666666666 0.9016666666666666 0.03333333333333333 0.07083333333333333
0 0.9116666666666666 0.6241666666666666 0.035 0.07666666666666666
0 0.8466666666666667 0.6916666666666667 0.041666666666666664 0.06666666666666667
0 0.7916666666666666 0.5891666666666666 0.04083333333333333 0.059166666666666666
0 0.77 0.4683333333333333 0.043333333333333335 0.10416666666666667
0 0.725 0.3641666666666667 0.041666666666666664 0.08416666666666667
0 0.7058333333333333 0.7266666666666667 0.023333333333333334 0.0825
0 0.6041666666666666 0.25083333333333335 0.03666666666666667 0.06916666666666667
0 0.5675 0.2783333333333333 0.023333333333333334 0.07666666666666666
0 0.5066666666666667 0.22166666666666668 0.04416666666666667 0.06666666666666667
0 0.4083333333333333 0.38 0.04666666666666667 0.08083333333333333