0 0.5425 0.6933333333333334 0.030833333333333334 0.07083333333333333
0 0.55 0.6033333333333334 0.0375 0.07333333333333333
0 0.6316666666666667 0.6266666666666667 0.0425 0.085
0 0.6491666666666667 0.5283333333333333 0.0425 0.085
0 0.7116666666666667 0.4766666666666667 0.034166666666666665 0.065
0 0.7575 0.5975 0.019166666666666665 0.085
0 0.7983333333333333 0.685 0.03666666666666667 0.09083333333333334
0 0.7975 0.5033333333333333 0.0325 0.0675
0 0.5533333333333333 0.4325 0.0275 0.06333333333333334
0 0.48 0.4608333333333333 0.035833333333333335 0.0925
0 0.4166666666666667 0.43416666666666665 0.03666666666666667 0.08666666666666667
0 0.3541666666666667 0.4533333333333333 0.03666666666666667 0.085
0 0.2733333333333333 0.41333333333333333 0.03916666666666667 0.07666666666666666
0 0.38333333333333336 0.6466666666666666 0 0.0016666666666666668