0 0.0175 0.5391666666666667 0.035 0.07083333333333333
0 0.07666666666666666 0.4575 0.03666666666666667 0.0525
0 0.12 0.3675 0.0275 0.06666666666666667
0 0.22666666666666666 0.3233333333333333 0.023333333333333334 0.05583333333333333
0 0.34 0.4191666666666667 0.03833333333333333 0.05416666666666667
0 0.3641666666666667 0.5 0.03833333333333333 0.06666666666666667
0 0.27416666666666667 0.20916666666666667 0.041666666666666664 0.08583333333333333
0 0.3983333333333333 0.23333333333333334 0.029166666666666667 0.06666666666666667
0 0.43416666666666665 0.3616666666666667 0.03166666666666667 0.0725
0 0.41333333333333333 0.03833333333333333 0.04 0.06666666666666667
0 0.5416666666666666 0.04666666666666667 0.03333333333333333 0.05416666666666667
0 0.5325 0.21083333333333334 0.035833333333333335 0.07666666666666666
0 0.6033333333333334 0.24416666666666667 0.034166666666666665 0.06916666666666667
0 0.8908333333333334 0.3466666666666667 0.03166666666666667 0.06916666666666667