0 0.76 0.8416666666666667 0.03916666666666667 0.06
0 0.7025 0.7666666666666667 0.03166666666666667 0.05416666666666667
0 0.7316666666666667 0.6741666666666667 0.034166666666666665 0.04833333333333333
0 0.6008333333333333 0.5666666666666667 0.023333333333333334 0.0425
0 0.6191666666666666 0.515 0.043333333333333335 0.045
0 0.5591666666666667 0.4625 0.034166666666666665 0.0525
0 0.49333333333333335 0.52 0.029166666666666667 0.050833333333333335
0 0.44 0.48 0.028333333333333332 0.0525
0 0.3333333333333333 0.4716666666666667 0.025 0.03916666666666667
0 0.32083333333333336 0.49333333333333335 0.016666666666666666 0.03666666666666667
0 0.29 0.545 0.030833333333333334 0.04666666666666667
0 0.1875 0.555 0.025 0.03916666666666667
0 0.18333333333333332 0.6816666666666666 0.025 0.06