0 0.7675 0.7883333333333333 0.035833333333333335 0.05
0 0.7308333333333333 0.9325 0.04416666666666667 0.065
0 0.6116666666666667 0.6583333333333333 0.035833333333333335 0.059166666666666666
0 0.645 0.565 0.02666666666666667 0.065
0 0.5333333333333333 0.6241666666666666 0.034166666666666665 0.04416666666666667
0 0.49333333333333335 0.5558333333333333 0.025 0.0575
0 0.42833333333333334 0.7008333333333333 0.03666666666666667 0.075
0 0.41333333333333333 0.5133333333333333 0.035833333333333335 0.09583333333333334
0 0.2833333333333333 0.5416666666666666 0.029166666666666667 0.07083333333333333
0 0.23916666666666667 0.6075 0.0375 0.06166666666666667
0 0.12083333333333333 0.6275 0.043333333333333335 0.0675
0 0.1175 0.8133333333333334 0.03666666666666667 0.07333333333333333