0 0.6866666666666666 0.9383333333333334 0.0475 0.07833333333333334
0 0.685 0.8358333333333333 0.04666666666666667 0.06916666666666667
0 0.5575 0.76 0.0375 0.09833333333333333
0 0.6133333333333333 0.5775 0.043333333333333335 0.1025
0 0.5825 0.305 0.05 0.12
0 0.41083333333333333 0.3433333333333333 0.04666666666666667 0.07833333333333334
0 0.41833333333333333 0.5475 0.041666666666666664 0.09833333333333333
0 0.3258333333333333 0.6125 0.0375 0.09416666666666666
0 0.7708333333333334 0.535 0.055 0.0925
0 0.8358333333333333 0.6883333333333334 0.03833333333333333 0.11166666666666666
0 0.9833333333333333 0.7258333333333333 0.0325 0.07916666666666666