0 0.11833333333333333 0.32166666666666666 0.03666666666666667 0.05583333333333333
0 0.175 0.38666666666666666 0.025833333333333333 0.05583333333333333
0 0.2175 0.47583333333333333 0.034166666666666665 0.06333333333333334
0 0.295 0.485 0.025 0.05583333333333333
0 0.3383333333333333 0.595 0.034166666666666665 0.060833333333333336
0 0.43666666666666665 0.5633333333333334 0.029166666666666667 0.06833333333333333
0 0.46 0.4725 0.03 0.065
0 0.38 0.4225 0.0325 0.0425
0 0.4041666666666667 0.3625 0.045 0.05583333333333333
0 0.5958333333333333 0.5466666666666666 0.028333333333333332 0.065
0 0.5441666666666667 0.5925 0.028333333333333332 0.04833333333333333
0 0.5441666666666667 0.7075 0.03 0.03916666666666667
0 0.4483333333333333 0.7183333333333334 0.029166666666666667 0.04083333333333333
0 0.8291666666666667 0.4725 0.025 0.06833333333333333