0 0.7325 0.18833333333333332 0.0375 0.051666666666666666
0 0.7141666666666666 0.27416666666666667 0.025 0.0575
0 0.7691666666666667 0.33916666666666667 0.025 0.060833333333333336
0 0.7433333333333333 0.5316666666666666 0.0375 0.05
0 0.6891666666666667 0.4658333333333333 0.035 0.04083333333333333
0 0.6558333333333334 0.5408333333333334 0.0375 0.04666666666666667
0 0.5941666666666666 0.44416666666666665 0.024166666666666666 0.059166666666666666
0 0.635 0.6191666666666666 0.03333333333333333 0.0725
0 0.595 0.6983333333333334 0.043333333333333335 0.0575
0 0.5108333333333334 0.7791666666666667 0.03 0.04833333333333333
0 0.48583333333333334 0.7516666666666667 0.03166666666666667 0.0775
0 0.44583333333333336 0.7975 0.03 0.059166666666666666
0 0.3775 0.69 0.04666666666666667 0.085