0 0.21916666666666668 0.5808333333333333 0.03166666666666667 0.06416666666666666
0 0.25916666666666666 0.46 0.04583333333333333 0.07166666666666667
0 0.33 0.5141666666666667 0.030833333333333334 0.06833333333333333
0 0.37916666666666665 0.595 0.03166666666666667 0.0775
0 0.44333333333333336 0.6741666666666667 0.035 0.08333333333333333
0 0.37583333333333335 0.3275 0.0325 0.0625
0 0.1325 0.36 0.04 0.06583333333333333
0 0.16916666666666666 0.2275 0.035833333333333335 0.06833333333333333
0 0.12916666666666668 0.13 0.041666666666666664 0.04833333333333333
0 0.57 0.665 0.043333333333333335 0.058333333333333334
0 0.6033333333333334 0.6116666666666667 0.041666666666666664 0.08
0 0.7033333333333334 0.6158333333333333 0.043333333333333335 0.08
0 0.7175 0.4066666666666667 0.03166666666666667 0.0775