0 0.4975 0.6641666666666667 0.045 0.06333333333333334
0 0.44916666666666666 0.4716666666666667 0.025833333333333333 0.0825
0 0.5708333333333333 0.6425 0.02666666666666667 0.06333333333333334
0 0.6133333333333333 0.685 0.03916666666666667 0.05583333333333333
0 0.7366666666666667 0.6833333333333333 0.0325 0.07916666666666666
0 0.805 0.5908333333333333 0.04083333333333333 0.0825
0 0.7891666666666667 0.3333333333333333 0.03666666666666667 0.06333333333333334
0 0.84 0.5083333333333333 0.0425 0.075
0 0.9116666666666666 0.4508333333333333 0.05416666666666667 0.07916666666666666
0 0.9566666666666667 0.5575 0.0375 0.06916666666666667
0 0.9758333333333333 0.1975 0.0475 0.085