0 0.9241666666666667 0.275 0.045 0.08333333333333333
0 0.7816666666666666 0.19333333333333333 0.055 0.08333333333333333
0 0.7 0.27166666666666667 0.03916666666666667 0.08583333333333333
0 0.6791666666666667 0.2816666666666667 0.0375 0.105
0 0.5775 0.5066666666666667 0.06666666666666667 0.08583333333333333
0 0.4741666666666667 0.4666666666666667 0.03833333333333333 0.095
0 0.56 0.7541666666666667 0.05583333333333333 0.095
0 0.36666666666666664 0.6866666666666666 0.06916666666666667 0.07583333333333334
0 0.27666666666666667 0.64 0.03833333333333333 0.09916666666666667
0 0.45916666666666667 0.945 0.05583333333333333 0.07166666666666667
0 0.2825 0.9783333333333334 0.03833333333333333 0.04
0 0.1975 0.8925 0.05583333333333333 0.07166666666666667