0 0.09833333333333333 0.32916666666666666 0.041666666666666664 0.07416666666666667
0 0.23083333333333333 0.255 0.045 0.07833333333333334
0 0.315 0.30416666666666664 0.03833333333333333 0.07833333333333334
0 0.33666666666666667 0.3466666666666667 0.04583333333333333 0.0875
0 0.435 0.5358333333333334 0.06 0.08166666666666667
0 0.5408333333333334 0.4691666666666667 0.035 0.08583333333333333
0 0.4666666666666667 0.7616666666666667 0.035 0.095
0 0.6591666666666667 0.6691666666666667 0.045 0.07416666666666667
0 0.7391666666666666 0.6241666666666666 0.04416666666666667 0.08333333333333333
0 0.5716666666666667 0.9316666666666666 0.049166666666666664 0.059166666666666666
0 0.7416666666666667 0.9633333333333334 0.056666666666666664 0.07
0 0.8341666666666666 0.8641666666666666 0.04833333333333333 0.06833333333333333