0 0.9058333333333334 0.5916666666666667 0.04583333333333333 0.08
0 0.7775 0.7066666666666667 0.04833333333333333 0.07
0 0.6808333333333333 0.6625 0.03916666666666667 0.10166666666666667
0 0.64 0.5208333333333334 0.045 0.11
0 0.5458333333333333 0.47333333333333333 0.050833333333333335 0.06583333333333333
0 0.44333333333333336 0.5691666666666667 0.035833333333333335 0.08583333333333333
0 0.49166666666666664 0.2475 0.03833333333333333 0.09
0 0.3016666666666667 0.37833333333333335 0.049166666666666664 0.07583333333333334
0 0.2125 0.465 0.0325 0.08583333333333333
0 0.36833333333333335 0.09833333333333333 0.04083333333333333 0.07166666666666667
0 0.18666666666666668 0.09416666666666666 0.0525 0.0875
0 0.09583333333333334 0.24833333333333332 0.045 0.09166666666666666
0 0.7358333333333333 0.345 0.0008333333333333334 0.0016666666666666668