0 0.9816666666666667 0.5708333333333333 0.03333333333333333 0.09833333333333333
0 0.8508333333333333 0.5933333333333334 0.041666666666666664 0.11416666666666667
0 0.7166666666666667 0.4741666666666667 0.059166666666666666 0.0625
0 0.6875 0.3641666666666667 0.035 0.05
0 0.8033333333333333 0.7333333333333333 0.034166666666666665 0.07833333333333334
0 0.6441666666666667 0.7058333333333333 0.035 0.11083333333333334
0 0.5941666666666666 0.5433333333333333 0.025833333333333333 0.0925
0 0.6166666666666667 0.9441666666666667 0.04666666666666667 0.11
0 0.4683333333333333 0.9183333333333333 0.043333333333333335 0.058333333333333334
0 0.47583333333333333 0.72 0.03833333333333333 0.09833333333333333
0 0.3858333333333333 0.665 0.050833333333333335 0.10666666666666667
0 0.021666666666666667 0.55 0.03833333333333333 0.08416666666666667
0 0.35083333333333333 0.815 0 0.004166666666666667