0 0.2791666666666667 0.25833333333333336 0.0275 0.07
0 0.3233333333333333 0.3958333333333333 0.043333333333333335 0.08833333333333333
0 0.1825 0.5166666666666667 0.05333333333333334 0.04
0 0.235 0.6633333333333333 0.04666666666666667 0.0925
0 0.18416666666666667 0.7658333333333334 0.0475 0.06416666666666666
0 0.46 0.5525 0.0275 0.07666666666666666
0 0.41083333333333333 0.32666666666666666 0.03166666666666667 0.0625
0 0.45416666666666666 0.23583333333333334 0.025 0.0625
0 0.5316666666666666 0.17416666666666666 0.03916666666666667 0.07
0 0.685 0.18 0.025 0.09416666666666666
0 0.7241666666666666 0.25333333333333335 0.035833333333333335 0.08
0 0.8225 0.235 0.043333333333333335 0.0525
0 0.8366666666666667 0.4683333333333333 0.0375 0.0925
0 0.71 0.5616666666666666 0 0.005833333333333334