2 0.14684 0.57 0.10233999999999999 0.11840000000000003
2 0.5177 0.59288 0.09679999999999996 0.13776
2 0.38672 0.33082 0.15162 0.10722000000000002
2 0.8997999999999999 0.6705599999999999 0.11448000000000001 0.12986000000000011
2 0.64776 0.7479199999999999 0.11496000000000003 0.06824000000000001
2 0.22991999999999996 0.6303799999999999 0.2875 0.10942000000000007
2 0.47222000000000003 0.5425800000000001 0.19594000000000006 0.19755999999999996
2 0.30545999999999995 0.27446 0.10248000000000002 0.31282000000000004
2 0.7955599999999999 0.5631799999999999 0.3128800000000001 0.17485999999999996
2 0.6144 0.81714 0.21316000000000002 0.27876
