2 0.14752 0.7011000000000001 0.14504000000000003 0.08242000000000008
2 0.54738 0.24814 0.114 0.12681999999999996
2 0.65512 0.48075999999999997 0.05640000000000009 0.11157999999999998
2 0.85452 0.26964 0.13327999999999998 0.06841999999999998
2 0.7865800000000001 0.86036 0.0808599999999999 0.1523599999999999
2 0.32994 0.78312 0.12503999999999996 0.08801999999999999
2 0.43045999999999995 0.81224 0.08175999999999999 0.31894000000000006
2 0.17512 0.62072 0.26772 0.1413399999999999
2 0.57068 0.51046 0.12577999999999998 0.3134800000000001
2 0.8113400000000001 0.76734 0.15033999999999992 0.2378599999999999
2 0.43404000000000004 0.24292 0.12296000000000004 0.29418
