2 0.54838 0.12078 0.13948000000000002 0.08607999999999999
2 0.32482 0.23718 0.16322000000000003 0.07458000000000001
2 0.11164 0.5137200000000001 0.08334 0.1275
2 0.3812 0.51574 0.08496000000000004 0.13418000000000008
2 0.58984 0.47667999999999994 0.07583999999999992 0.14045999999999997
2 0.66286 0.43906 0.07526 0.12296000000000004
2 0.80572 0.4446 0.09666000000000008 0.12296000000000004
2 0.75802 0.8407 0.06124000000000001 0.14222000000000004
2 0.9057200000000001 0.8602799999999999 0.079 0.1125
2 0.84756 0.6781 0.28472000000000003 0.1718799999999999
2 0.72368 0.49257999999999996 0.14583999999999991 0.30108
2 0.43577999999999995 0.5953999999999999 0.10305999999999994 0.31954
2 0.20368 0.45748 0.11638 0.26861999999999997
2 0.32512 0.32362 0.29594000000000004 0.12348000000000002
2 0.23486 0.09958 0.27876 0.11622
