2 0.35486 0.3339 0.10808000000000004 0.13001999999999997
2 0.58498 0.21352000000000002 0.0635 0.11316000000000002
2 0.32404 0.5485800000000001 0.14324 0.09824000000000001
2 0.11518 0.69414 0.1362 0.13407999999999992
2 0.24456 0.26532 0.17030000000000003 0.26142
2 0.4551800000000001 0.27166 0.16978000000000004 0.24675999999999998
2 0.7997799999999999 0.5225599999999999 0.19344000000000006 0.09638000000000005
2 0.40266 0.58848 0.13877999999999996 0.25346
2 0.72794 0.45254 0.25763999999999987 0.14714
2 0.4654400000000001 0.8400599999999999 0.32802000000000003 0.28574
