2 0.12547999999999998 0.44664 0.05305999999999999 0.16083999999999998
2 0.43301999999999996 0.22519999999999998 0.10877999999999997 0.09543999999999997
2 0.8156599999999999 0.14158 0.06731999999999994 0.15786
2 0.48722000000000004 0.49974 0.13544000000000006 0.07829999999999995
2 0.85978 0.5418999999999999 0.08105999999999995 0.08864000000000004
2 0.59464 0.94298 0.10501999999999999 0.10181999999999994
2 0.5458999999999999 0.12924000000000002 0.2635 0.1223
2 0.71554 0.50994 0.2156199999999999 0.10773999999999995
2 0.50166 0.58772 0.21645999999999999 0.11748000000000001
2 0.06734 0.47126 0.10028000000000001 0.26272
2 0.23252 0.58386 0.19540000000000005 0.22846000000000002
2 0.71328 0.27172 0.27296000000000004 0.13422000000000003
2 0.35744 0.22440000000000002 0.26826 0.17506
