2 0.66396 0.34246 0.17194000000000007 0.10491999999999996
2 0.47268 0.7249 0.09336000000000001 0.12620000000000003
2 0.46442 0.89706 0.09286000000000001 0.07390000000000009
2 0.8908400000000001 0.86502 0.12968000000000007 0.10996000000000003
2 0.0281 0.68852 0.04782000000000001 0.14298000000000002
2 0.24280000000000002 0.09670000000000001 0.07148000000000002 0.1199
2 0.71704 0.42312 0.1541199999999999 0.22664000000000004
2 0.87036 0.79634 0.25370000000000004 0.15694000000000005
2 0.55368 0.7157 0.0765 0.26570000000000005
2 0.20858000000000002 0.87652 0.16806000000000001 0.24116000000000007
