2 0.36376 0.07458 0.09570000000000005 0.09108000000000001
2 0.29548 0.4617 0.13691999999999996 0.10715999999999996
2 0.07415999999999999 0.8293200000000001 0.12909999999999996 0.06859999999999991
2 0.47114 0.66226 0.12307999999999998 0.11925999999999999
2 0.7416799999999999 0.58308 0.11646000000000004 0.10225999999999999
2 0.88502 0.82866 0.1268800000000001 0.07233999999999992
2 0.90598 0.0692 0.05588000000000011 0.1264
2 0.36810000000000004 0.11646000000000001 0.2101 0.2067
2 0.34862 0.34058 0.26722 0.13562000000000002
2 0.54828 0.6205 0.08998000000000002 0.29209999999999997
2 0.83126 0.54076 0.14188000000000012 0.24552
2 0.792 0.833 0.076 0.334
2 0.10094 0.54684 0.13462000000000002 0.32126
2 0.1347 0.86084 0.08922000000000001 0.2658799999999999
