2 0.42606 0.22456 0.3039599999999999 0.17276
2 0.46366 0.56832 0.15189999999999998 0.25
2 0.11068 0.32812 0.14858000000000005 0.30970000000000003
2 0.5073200000000001 0.82928 0.08880000000000002 0.2718800000000001
2 0.21963999999999997 0.4091 0.07936000000000001 0.11096000000000003
2 0.67636 0.37539999999999996 0.13376 0.27229999999999993
2 0.4993399999999999 0.34214 0.07321999999999997 0.12938
2 0.7710199999999999 0.3319 0.07492000000000007 0.12563999999999997
2 0.6068600000000001 0.60036 0.13407999999999992 0.07140000000000009
2 0.57128 0.84548 0.04490000000000009 0.13736000000000012
2 0.71682 0.83478 0.07731999999999993 0.10776
2 0.79652 0.8392999999999999 0.08825999999999999 0.2621399999999999
